 41
 Wed Sep 04 11:11:25 2019
 1
 1   2   3   4
 xy
 100
1.0133900E-003   6.1958800E-008
1.0611500E-003   5.9680800E-008
1.1111700E-003   5.8213400E-008
1.1635300E-003   5.6408400E-008
1.2183700E-003   5.4651000E-008
1.2757900E-003   5.3123700E-008
1.3359100E-003   5.0798900E-008
1.3988700E-003   4.8800000E-008
1.4648000E-003   4.7197400E-008
1.5338400E-003   4.4900000E-008
1.6061200E-003   4.2711700E-008
1.6818200E-003   4.1635400E-008
1.7610800E-003   3.9313500E-008
1.8440800E-003   3.7497800E-008
1.9309800E-003   3.5572000E-008
2.0219900E-003   3.3985700E-008
2.1172800E-003   3.1718000E-008
2.2170700E-003   3.0501200E-008
2.3215500E-003   2.9072500E-008
2.4309700E-003   2.7384196E-008
2.5455300E-003   2.5784900E-008
2.6655000E-003   2.4244621E-008
2.7911200E-003   2.2861800E-008
2.9226600E-003   2.1286800E-008
3.0604000E-003   2.0072500E-008
3.2046400E-003   1.8887200E-008
3.3556700E-003   1.7598800E-008
3.5138100E-003   1.6413300E-008
3.6794100E-003   1.5553900E-008
3.8528200E-003   1.4570067E-008
4.0344000E-003   1.3528600E-008
4.2245300E-003   1.2770200E-008
4.4236300E-003   1.1807700E-008
4.6321100E-003   1.1128200E-008
4.8504100E-003   1.0112400E-008
5.0790100E-003   9.4507100E-009
5.3183700E-003   8.8347100E-009
5.5690200E-003   8.0764800E-009
5.8314800E-003   7.5661200E-009
6.1063100E-003   6.9068800E-009
6.3940900E-003   6.3358600E-009
6.6954300E-003   5.8934599E-009
7.0109800E-003   5.4116951E-009
7.3414000E-003   4.9786930E-009
7.6873900E-003   4.6080500E-009
8.0496800E-003   4.3019299E-009
8.4290500E-003   3.9269858E-009
8.8263000E-003   3.6179200E-009
9.2422700E-003   3.2799900E-009
9.6778500E-003   3.0559659E-009
1.0133900E-002   2.8591000E-009
1.0611500E-002   2.6052029E-009
1.1111700E-002   2.3389600E-009
1.1635300E-002   2.1228681E-009
1.2183700E-002   1.9035300E-009
1.2757900E-002   1.7339400E-009
1.3359100E-002   1.5744011E-009
1.3988700E-002   1.4094140E-009
1.4648000E-002   1.2617160E-009
1.5338400E-002   1.1294961E-009
1.6061200E-002   1.0223870E-009
1.6818200E-002   9.1524699E-010
1.7610800E-002   8.1933499E-010
1.8440800E-002   7.3347400E-010
1.9309800E-002   6.6391898E-010
2.0219900E-002   5.9434502E-010
2.1172800E-002   5.4397198E-010
2.2170700E-002   4.9238802E-010
2.3215500E-002   4.4078899E-010
 2
 1   2   3   4
 xy
 100
1.0133900E-003   6.1509859E-008
1.0611500E-003   6.0102771E-008
1.1111700E-003   5.8199100E-008
1.1635300E-003   5.6635200E-008
1.2183700E-003   5.4789012E-008
1.2757900E-003   5.2811900E-008
1.3359100E-003   5.0795700E-008
1.3988700E-003   4.8503200E-008
1.4648000E-003   4.7257600E-008
1.5338400E-003   4.4809100E-008
1.6061200E-003   4.3714700E-008
1.6818200E-003   4.1047800E-008
1.7610800E-003   3.9901800E-008
1.8440800E-003   3.7428800E-008
1.9309800E-003   3.5711900E-008
2.0219900E-003   3.4305300E-008
2.1172800E-003   3.2329400E-008
2.2170700E-003   3.0831000E-008
2.3215500E-003   2.9306000E-008
2.4309700E-003   2.7240500E-008
2.5455300E-003   2.5970700E-008
2.6655000E-003   2.4679200E-008
2.7911200E-003   2.3542864E-008
2.9226600E-003   2.1963855E-008
3.0604000E-003   2.0668200E-008
3.2046400E-003   1.9302500E-008
3.3556700E-003   1.8161300E-008
3.5138100E-003   1.7341100E-008
3.6794100E-003   1.6133500E-008
3.8528200E-003   1.4945800E-008
4.0344000E-003   1.3823700E-008
4.2245300E-003   1.3028900E-008
4.4236300E-003   1.2083500E-008
4.6321100E-003   1.1302500E-008
4.8504100E-003   1.0615700E-008
5.0790100E-003   9.8280800E-009
5.3183700E-003   9.1796000E-009
5.5690200E-003   8.4919400E-009
5.8314800E-003   7.8998000E-009
6.1063100E-003   7.3109200E-009
6.3940900E-003   6.8924900E-009
6.6954300E-003   6.2225709E-009
7.0109800E-003   5.7297900E-009
7.3414000E-003   5.2912400E-009
7.6873900E-003   4.9325251E-009
8.0496800E-003   4.4011319E-009
8.4290500E-003   4.0554609E-009
8.8263000E-003   3.6228700E-009
9.2422700E-003   3.3262500E-009
9.6778500E-003   3.0049800E-009
1.0133900E-002   2.6752100E-009
1.0611500E-002   2.4329800E-009
1.1111700E-002   2.1708690E-009
1.1635300E-002   1.9369959E-009
1.2183700E-002   1.7283180E-009
1.2757900E-002   1.5660700E-009
1.3359100E-002   1.4149910E-009
1.3988700E-002   1.2750510E-009
1.4648000E-002   1.1357330E-009
1.5338400E-002   1.0116380E-009
1.6061200E-002   9.0110203E-010
1.6818200E-002   8.1198398E-010
1.7610800E-002   7.2326301E-010
1.8440800E-002   6.4423600E-010
1.9309800E-002   5.7384397E-010
2.0219900E-002   5.1709198E-010
2.1172800E-002   4.6059201E-010
2.2170700E-002   4.1504000E-010
2.3215500E-002   3.6543801E-010
 3
 1   2   3   4
 xy
 100
1.0133900E-003   6.5451623E-008
1.0611500E-003   6.3240464E-008
1.1111700E-003   6.1808009E-008
1.1635300E-003   5.9039721E-008
1.2183700E-003   5.7702419E-008
1.2757900E-003   5.5753052E-008
1.3359100E-003   5.3255953E-008
1.3988700E-003   5.0611400E-008
1.4648000E-003   4.8673800E-008
1.5338400E-003   4.5889900E-008
1.6061200E-003   4.4259700E-008
1.6818200E-003   4.2577300E-008
1.7610800E-003   4.0205400E-008
1.8440800E-003   3.8549500E-008
1.9309800E-003   3.7169100E-008
2.0219900E-003   3.5258488E-008
2.1172800E-003   3.3521000E-008
2.2170700E-003   3.1714000E-008
2.3215500E-003   2.9870847E-008
2.4309700E-003   2.8731100E-008
2.5455300E-003   2.7044400E-008
2.6655000E-003   2.5202700E-008
2.7911200E-003   2.3673600E-008
2.9226600E-003   2.2206800E-008
3.0604000E-003   2.0917600E-008
3.2046400E-003   1.9593200E-008
3.3556700E-003   1.8593300E-008
3.5138100E-003   1.7657300E-008
3.6794100E-003   1.6344700E-008
3.8528200E-003   1.5093400E-008
4.0344000E-003   1.4139700E-008
4.2245300E-003   1.3316133E-008
4.4236300E-003   1.2431610E-008
4.6321100E-003   1.1660400E-008
4.8504100E-003   1.0808600E-008
5.0790100E-003   1.0074400E-008
5.3183700E-003   9.4433128E-009
5.5690200E-003   8.7215577E-009
5.8314800E-003   7.9614120E-009
6.1063100E-003   7.2675181E-009
6.3940900E-003   6.7699200E-009
6.6954300E-003   6.2520131E-009
7.0109800E-003   5.6555551E-009
7.3414000E-003   5.2049658E-009
7.6873900E-003   4.7126729E-009
8.0496800E-003   4.3019299E-009
8.4290500E-003   3.9269858E-009
8.8263000E-003   3.5039220E-009
9.2422700E-003   3.1985301E-009
9.6778500E-003   2.9197560E-009
1.0133900E-002   2.7267391E-009
1.0611500E-002   2.4890840E-009
1.1111700E-002   2.3245379E-009
1.1635300E-002   2.1081790E-009
1.2183700E-002   1.9372100E-009
1.2757900E-002   1.7681731E-009
1.3359100E-002   1.6140640E-009
1.3988700E-002   1.4733870E-009
1.4648000E-002   1.3469550E-009
1.5338400E-002   1.2290010E-009
1.6061200E-002   1.1213760E-009
1.6818200E-002   1.0214490E-009
1.7610800E-002   9.1825397E-010
1.8440800E-002   8.1366902E-010
1.9309800E-002   7.2320100E-010
2.0219900E-002   6.4706102E-010
2.1172800E-002   5.7702398E-010
2.2170700E-002   5.1456800E-010
2.3215500E-002   4.5887200E-010
 4
 1   2   3   4
 xy
 100
1.0133900E-003   6.6864068E-008
1.0611500E-003   6.3771594E-008
1.1111700E-003   6.2279405E-008
1.1635300E-003   5.9398971E-008
1.2183700E-003   5.7326410E-008
1.2757900E-003   5.4675052E-008
1.3359100E-003   5.2146319E-008
1.3988700E-003   4.9972100E-008
1.4648000E-003   4.7571100E-008
1.5338400E-003   4.5464700E-008
1.6061200E-003   4.3626700E-008
1.6818200E-003   4.1689800E-008
1.7610800E-003   4.0056500E-008
1.8440800E-003   3.7895500E-008
1.9309800E-003   3.6156000E-008
2.0219900E-003   3.4275300E-008
2.1172800E-003   3.2534600E-008
2.2170700E-003   3.1073400E-008
2.3215500E-003   2.9303900E-008
2.4309700E-003   2.7910300E-008
2.5455300E-003   2.6535700E-008
2.6655000E-003   2.4877100E-008
2.7911200E-003   2.3588600E-008
2.9226600E-003   2.1807000E-008
3.0604000E-003   2.0624300E-008
3.2046400E-003   1.9450200E-008
3.3556700E-003   1.8201500E-008
3.5138100E-003   1.7074900E-008
3.6794100E-003   1.6115400E-008
3.8528200E-003   1.4716700E-008
4.0344000E-003   1.3848036E-008
4.2245300E-003   1.3052125E-008
4.4236300E-003   1.1956300E-008
4.6321100E-003   1.1279000E-008
4.8504100E-003   1.0423051E-008
5.0790100E-003   9.6268300E-009
5.3183700E-003   8.8372400E-009
5.5690200E-003   8.2102100E-009
5.8314800E-003   7.4462100E-009
6.1063100E-003   6.9201300E-009
6.3940900E-003   6.4011500E-009
6.6954300E-003   5.9048411E-009
7.0109800E-003   5.3080589E-009
7.3414000E-003   4.8251900E-009
7.6873900E-003   4.3921129E-009
8.0496800E-003   4.0428141E-009
8.4290500E-003   3.6775001E-009
8.8263000E-003   3.3451959E-009
9.2422700E-003   3.0791569E-009
9.6778500E-003   2.7981100E-009
1.0133900E-002   2.5478251E-009
1.0611500E-002   2.2787500E-009
1.1111700E-002   2.0673500E-009
1.1635300E-002   1.8506600E-009
1.2183700E-002   1.6637181E-009
1.2757900E-002   1.5133820E-009
1.3359100E-002   1.3449710E-009
1.3988700E-002   1.2085430E-009
1.4648000E-002   1.0954790E-009
1.5338400E-002   9.7746000E-010
1.6061200E-002   8.7215601E-010
1.6818200E-002   7.9614099E-010
1.7610800E-002   7.1786199E-010
1.8440800E-002   6.4466800E-010
1.9309800E-002   5.8009098E-010
2.0219900E-002   5.0462701E-010
2.1172800E-002   4.5026199E-010
2.2170700E-002   3.9711300E-010
2.3215500E-002   3.5039199E-010
 5
 1   2   3   4
 xy
 100
1.0133900E-003   6.3585389E-008
1.0611500E-003   6.2887040E-008
1.1111700E-003   6.1513269E-008
1.1635300E-003   5.9508682E-008
1.2183700E-003   5.6937147E-008
1.2757900E-003   5.5081681E-008
1.3359100E-003   5.2299000E-008
1.3988700E-003   5.0152200E-008
1.4648000E-003   4.7940400E-008
1.5338400E-003   4.5841700E-008
1.6061200E-003   4.4027200E-008
1.6818200E-003   4.1882400E-008
1.7610800E-003   4.0217400E-008
1.8440800E-003   3.8139000E-008
1.9309800E-003   3.6248600E-008
2.0219900E-003   3.4639239E-008
2.1172800E-003   3.3510418E-008
2.2170700E-003   3.1600700E-008
2.3215500E-003   2.9729100E-008
2.4309700E-003   2.8286600E-008
2.5455300E-003   2.6418000E-008
2.6655000E-003   2.4903100E-008
2.7911200E-003   2.3133200E-008
2.9226600E-003   2.1930700E-008
3.0604000E-003   2.0870300E-008
3.2046400E-003   1.9816627E-008
3.3556700E-003   1.8509300E-008
3.5138100E-003   1.7466514E-008
3.6794100E-003   1.6167135E-008
3.8528200E-003   1.5053800E-008
4.0344000E-003   1.4076300E-008
4.2245300E-003   1.2993700E-008
4.4236300E-003   1.2059000E-008
4.6321100E-003   1.1133100E-008
4.8504100E-003   1.0329600E-008
5.0790100E-003   9.6464900E-009
5.3183700E-003   9.0702600E-009
5.5690200E-003   8.3328224E-009
5.8314800E-003   7.7547800E-009
6.1063100E-003   7.1403088E-009
6.3940900E-003   6.6091239E-009
6.6954300E-003   6.0502678E-009
7.0109800E-003   5.4811900E-009
7.3414000E-003   5.0320700E-009
7.6873900E-003   4.6415889E-009
8.0496800E-003   4.2390700E-009
8.4290500E-003   3.8322900E-009
8.8263000E-003   3.5039220E-009
9.2422700E-003   3.1985301E-009
9.6778500E-003   2.9197560E-009
1.0133900E-002   2.6721361E-009
1.0611500E-002   2.4329800E-009
1.1111700E-002   2.1708690E-009
1.1635300E-002   1.9613990E-009
1.2183700E-002   1.7283180E-009
1.2757900E-002   1.5421220E-009
1.3359100E-002   1.3774910E-009
1.3988700E-002   1.2199191E-009
1.4648000E-002   1.0803720E-009
1.5338400E-002   9.5678698E-010
1.6061200E-002   8.3803398E-010
1.6818200E-002   7.2675199E-010
1.7610800E-002   6.3384098E-010
1.8440800E-002   5.5280802E-010
1.9309800E-002   4.8213500E-010
2.0219900E-002   4.2049600E-010
2.1172800E-002   3.7012199E-010
2.2170700E-002   3.2062300E-010
2.3215500E-002   2.7774399E-010
 6
 1   2   3   4
 xy
 100
1.0133900E-003   6.5860867E-008
1.0611500E-003   6.4390754E-008
1.1111700E-003   6.1548249E-008
1.1635300E-003   5.8831219E-008
1.2183700E-003   5.6613000E-008
1.2757900E-003   5.4544800E-008
1.3359100E-003   5.2488400E-008
1.3988700E-003   5.0530600E-008
1.4648000E-003   4.8753900E-008
1.5338400E-003   4.6784500E-008
1.6061200E-003   4.4089500E-008
1.6818200E-003   4.2871800E-008
1.7610800E-003   4.0230900E-008
1.8440800E-003   3.8727700E-008
1.9309800E-003   3.7371000E-008
2.0219900E-003   3.5147700E-008
2.1172800E-003   3.3434100E-008
2.2170700E-003   3.1508800E-008
2.3215500E-003   2.9874300E-008
2.4309700E-003   2.7971000E-008
2.5455300E-003   2.6964800E-008
2.6655000E-003   2.4982900E-008
2.7911200E-003   2.3327100E-008
2.9226600E-003   2.2114300E-008
3.0604000E-003   2.0840300E-008
3.2046400E-003   1.9404800E-008
3.3556700E-003   1.8188794E-008
3.5138100E-003   1.7016800E-008
3.6794100E-003   1.5819300E-008
3.8528200E-003   1.4993900E-008
4.0344000E-003   1.3952500E-008
4.2245300E-003   1.2823300E-008
4.4236300E-003   1.1928600E-008
4.6321100E-003   1.1263800E-008
4.8504100E-003   1.0461834E-008
5.0790100E-003   9.7209200E-009
5.3183700E-003   9.1333456E-009
5.5690200E-003   8.3188900E-009
5.8314800E-003   7.7332900E-009
6.1063100E-003   7.1074200E-009
6.3940900E-003   6.4087700E-009
6.6954300E-003   5.9193939E-009
7.0109800E-003   5.4034772E-009
7.3414000E-003   5.0462678E-009
7.6873900E-003   4.6064499E-009
8.0496800E-003   4.2049648E-009
8.4290500E-003   3.8746748E-009
8.8263000E-003   3.5577961E-009
9.2422700E-003   3.2344760E-009
9.6778500E-003   2.9870850E-009
1.0133900E-002   2.7896170E-009
1.0611500E-002   2.5755400E-009
1.1111700E-002   2.3650500E-009
1.1635300E-002   2.1708690E-009
1.2183700E-002   1.9907631E-009
1.2757900E-002   1.8188790E-009
1.3359100E-002   1.6618360E-009
1.3988700E-002   1.5183520E-009
1.4648000E-002   1.3716870E-009
1.5338400E-002   1.2430490E-009
1.6061200E-002   1.1149210E-009
1.6818200E-002   1.0121600E-009
1.7610800E-002   8.9692498E-010
1.8440800E-002   8.1425600E-010
1.9309800E-002   7.2155198E-010
2.0219900E-002   6.3940198E-010
2.1172800E-002   5.6660598E-010
2.2170700E-002   5.0820198E-010
2.3215500E-002   4.5581899E-010
 7
 1   2   3   4
 xy
 100
1.0133900E-003   6.4365500E-008
1.0611500E-003   6.2074200E-008
1.1111700E-003   6.0566700E-008
1.1635300E-003   5.8538600E-008
1.2183700E-003   5.7178700E-008
1.2757900E-003   5.4770200E-008
1.3359100E-003   5.2167000E-008
1.3988700E-003   5.0371700E-008
1.4648000E-003   4.8195900E-008
1.5338400E-003   4.6064496E-008
1.6061200E-003   4.4011315E-008
1.6818200E-003   4.2326500E-008
1.7610800E-003   4.0444500E-008
1.8440800E-003   3.8081500E-008
1.9309800E-003   3.6340000E-008
2.0219900E-003   3.4655000E-008
2.1172800E-003   3.2521400E-008
2.2170700E-003   3.1230400E-008
2.3215500E-003   2.9568700E-008
2.4309700E-003   2.8020300E-008
2.5455300E-003   2.5885000E-008
2.6655000E-003   2.4607989E-008
2.7911200E-003   2.3018200E-008
2.9226600E-003   2.1726100E-008
3.0604000E-003   2.0527494E-008
3.2046400E-003   1.9122700E-008
3.3556700E-003   1.7966700E-008
3.5138100E-003   1.6714642E-008
3.6794100E-003   1.5497300E-008
3.8528200E-003   1.4633706E-008
4.0344000E-003   1.3610004E-008
4.2245300E-003   1.2716000E-008
4.4236300E-003   1.1938900E-008
4.6321100E-003   1.0886500E-008
4.8504100E-003   9.9662300E-009
5.0790100E-003   9.2444106E-009
5.3183700E-003   8.5183900E-009
5.5690200E-003   7.7435000E-009
5.8314800E-003   7.0089100E-009
6.1063100E-003   6.5371200E-009
6.3940900E-003   6.0039300E-009
6.6954300E-003   5.4974021E-009
7.0109800E-003   4.9436600E-009
7.3414000E-003   4.5029100E-009
7.6873900E-003   4.1101851E-009
8.0496800E-003   3.6673840E-009
8.4290500E-003   3.2691561E-009
8.8263000E-003   2.9197560E-009
9.2422700E-003   2.6692910E-009
9.6778500E-003   2.3472451E-009
1.0133900E-002   2.0883200E-009
1.0611500E-002   1.9019011E-009
1.1111700E-002   1.7119950E-009
1.1635300E-002   1.5410520E-009
1.2183700E-002   1.4034860E-009
1.2757900E-002   1.2782010E-009
1.3359100E-002   1.1640990E-009
1.3988700E-002   1.0726470E-009
1.4648000E-002   9.7689501E-010
1.5338400E-002   8.8968999E-010
1.6061200E-002   8.1026902E-010
1.6818200E-002   7.2936401E-010
1.7610800E-002   6.6425498E-010
1.8440800E-002   6.0495903E-010
1.9309800E-002   5.5743299E-010
2.0219900E-002   5.0177301E-010
2.1172800E-002   4.5167101E-010
2.2170700E-002   4.0184700E-010
2.3215500E-002   3.5751899E-010
 8
 1   2   3   4
 xy
 100
1.0133900E-003   6.4393300E-008
1.0611500E-003   6.2688200E-008
1.1111700E-003   6.0260800E-008
1.1635300E-003   5.7788100E-008
1.2183700E-003   5.6615300E-008
1.2757900E-003   5.4057800E-008
1.3359100E-003   5.1586200E-008
1.3988700E-003   4.9599300E-008
1.4648000E-003   4.7577700E-008
1.5338400E-003   4.5222600E-008
1.6061200E-003   4.3310800E-008
1.6818200E-003   4.1792200E-008
1.7610800E-003   3.9704300E-008
1.8440800E-003   3.7598100E-008
1.9309800E-003   3.5692000E-008
2.0219900E-003   3.3685800E-008
2.1172800E-003   3.2225600E-008
2.2170700E-003   3.0372448E-008
2.3215500E-003   2.9021800E-008
2.4309700E-003   2.7645495E-008
2.5455300E-003   2.5840300E-008
2.6655000E-003   2.4044200E-008
2.7911200E-003   2.2848800E-008
2.9226600E-003   2.1377122E-008
3.0604000E-003   2.0025681E-008
3.2046400E-003   1.8591000E-008
3.3556700E-003   1.7524870E-008
3.5138100E-003   1.6272600E-008
3.6794100E-003   1.5273800E-008
3.8528200E-003   1.3993600E-008
4.0344000E-003   1.2855200E-008
4.2245300E-003   1.2121544E-008
4.4236300E-003   1.1322500E-008
4.6321100E-003   1.0444026E-008
4.8504100E-003   9.5748520E-009
5.0790100E-003   8.8113200E-009
5.3183700E-003   8.1242900E-009
5.5690200E-003   7.5339700E-009
5.8314800E-003   6.8533700E-009
6.1063100E-003   6.2484100E-009
6.3940900E-003   5.7664900E-009
6.6954300E-003   5.2685700E-009
7.0109800E-003   4.7779909E-009
7.3414000E-003   4.3387298E-009
7.6873900E-003   3.9368400E-009
8.0496800E-003   3.5329800E-009
8.4290500E-003   3.2302300E-009
8.8263000E-003   2.9860700E-009
9.2422700E-003   2.7309600E-009
9.6778500E-003   2.4885081E-009
1.0133900E-002   2.2928300E-009
1.0611500E-002   2.0640529E-009
1.1111700E-002   1.8961059E-009
1.1635300E-002   1.7673730E-009
1.2183700E-002   1.6016960E-009
1.2757900E-002   1.4706610E-009
1.3359100E-002   1.3154789E-009
1.3988700E-002   1.1755170E-009
1.4648000E-002   1.0640310E-009
1.5338400E-002   9.5197605E-010
1.6061200E-002   8.7237001E-010
1.6818200E-002   7.7094398E-010
1.7610800E-002   6.8908801E-010
1.8440800E-002   6.1562000E-010
1.9309800E-002   5.4243898E-010
2.0219900E-002   4.8448401E-010
2.1172800E-002   4.3104001E-010
2.2170700E-002   3.8166201E-010
2.3215500E-002   3.4118899E-010
 9
 1   2   3   4
 xy
 100
1.0133900E-003   7.7053514E-008
1.0611500E-003   7.2416626E-008
1.1111700E-003   6.9769527E-008
1.1635300E-003   6.7996616E-008
1.2183700E-003   6.4890742E-008
1.2757900E-003   6.1926734E-008
1.3359100E-003   5.9098113E-008
1.3988700E-003   5.5799553E-008
1.4648000E-003   5.3096681E-008
1.5338400E-003   4.9901455E-008
1.6061200E-003   4.7700300E-008
1.6818200E-003   4.5565900E-008
1.7610800E-003   4.2740200E-008
1.8440800E-003   4.0672200E-008
1.9309800E-003   3.8416400E-008
2.0219900E-003   3.6574900E-008
2.1172800E-003   3.4386513E-008
2.2170700E-003   3.1918550E-008
2.3215500E-003   3.0372448E-008
2.4309700E-003   2.8901239E-008
2.5455300E-003   2.7447900E-008
2.6655000E-003   2.6169158E-008
2.7911200E-003   2.4594364E-008
2.9226600E-003   2.3383200E-008
3.0604000E-003   2.1987400E-008
3.2046400E-003   2.0273593E-008
3.3556700E-003   1.9369960E-008
3.5138100E-003   1.8506604E-008
3.6794100E-003   1.7373695E-008
3.8528200E-003   1.6286500E-008
4.0344000E-003   1.5156292E-008
4.2245300E-003   1.4244225E-008
4.4236300E-003   1.3221898E-008
4.6321100E-003   1.2535000E-008
4.8504100E-003   1.1625100E-008
5.0790100E-003   1.0574474E-008
5.3183700E-003   9.8155297E-009
5.5690200E-003   8.9986614E-009
5.8314800E-003   8.3328224E-009
6.1063100E-003   7.5632114E-009
6.3940900E-003   6.9337851E-009
6.6954300E-003   6.3384080E-009
7.0109800E-003   5.7558278E-009
7.3414000E-003   5.2768159E-009
7.6873900E-003   4.7779909E-009
8.0496800E-003   4.3019299E-009
8.4290500E-003   3.7980600E-009
8.8263000E-003   3.4600589E-009
9.2422700E-003   3.0830600E-009
9.6778500E-003   2.7896170E-009
1.0133900E-002   2.5464819E-009
1.0611500E-002   2.2721429E-009
1.1111700E-002   2.0543220E-009
1.1635300E-002   1.8506600E-009
1.2183700E-002   1.6893620E-009
1.2757900E-002   1.5591700E-009
1.3359100E-002   1.4077149E-009
1.3988700E-002   1.2977990E-009
1.4648000E-002   1.1730240E-009
1.5338400E-002   1.0707870E-009
1.6061200E-002   9.7548003E-010
1.6818200E-002   8.9429802E-010
1.7610800E-002   8.1026902E-010
1.8440800E-002   7.2936401E-010
1.9309800E-002   6.6340999E-010
2.0219900E-002   6.0114003E-010
2.1172800E-002   5.4034799E-010
2.2170700E-002   4.8213500E-010
2.3215500E-002   4.4076301E-010
 10
 1   2   3   4
 xy
 100
1.0133900E-003   6.8908840E-008
1.0611500E-003   6.6389966E-008
1.1111700E-003   6.3963164E-008
1.1635300E-003   6.1625066E-008
1.2183700E-003   5.8640016E-008
1.2757900E-003   5.6496503E-008
1.3359100E-003   5.4431343E-008
1.3988700E-003   5.1155801E-008
1.4648000E-003   5.0029900E-008
1.5338400E-003   4.8182200E-008
1.6061200E-003   4.5698133E-008
1.6818200E-003   4.3328500E-008
1.7610800E-003   4.1193900E-008
1.8440800E-003   3.9417341E-008
1.9309800E-003   3.7597000E-008
2.0219900E-003   3.6136949E-008
2.1172800E-003   3.4335100E-008
2.2170700E-003   3.2347400E-008
2.3215500E-003   3.0751806E-008
2.4309700E-003   2.8707600E-008
2.5455300E-003   2.7501292E-008
2.6655000E-003   2.5527488E-008
2.7911200E-003   2.3760000E-008
2.9226600E-003   2.2925600E-008
3.0604000E-003   2.1455389E-008
3.2046400E-003   1.9967300E-008
3.3556700E-003   1.8933362E-008
3.5138100E-003   1.7590695E-008
3.6794100E-003   1.6582800E-008
3.8528200E-003   1.5776832E-008
4.0344000E-003   1.4969324E-008
4.2245300E-003   1.4077154E-008
4.4236300E-003   1.2897696E-008
4.6321100E-003   1.1798100E-008
4.8504100E-003   1.0980172E-008
5.0790100E-003   1.0062257E-008
5.3183700E-003   9.3389279E-009
5.5690200E-003   8.7215577E-009
5.8314800E-003   8.0474889E-009
6.1063100E-003   7.3777602E-009
6.3940900E-003   6.7870829E-009
6.6954300E-003   6.3384080E-009
7.0109800E-003   5.7859708E-009
7.3414000E-003   5.3427249E-009
7.6873900E-003   4.9325251E-009
8.0496800E-003   4.5026209E-009
8.4290500E-003   4.1167572E-009
8.8263000E-003   3.7027801E-009
9.2422700E-003   3.3477461E-009
9.6778500E-003   3.0202300E-009
1.0133900E-002   2.7340000E-009
1.0611500E-002   2.5464819E-009
1.1111700E-002   2.3039800E-009
1.1635300E-002   2.1219380E-009
1.2183700E-002   1.9369959E-009
1.2757900E-002   1.7681731E-009
1.3359100E-002   1.6140640E-009
1.3988700E-002   1.4733870E-009
1.4648000E-002   1.3449710E-009
1.5338400E-002   1.2000740E-009
1.6061200E-002   1.0707870E-009
1.6818200E-002   9.6344599E-010
1.7610800E-002   8.5249702E-010
1.8440800E-002   7.6065598E-010
1.9309800E-002   6.7870798E-010
2.0219900E-002   6.0114003E-010
2.1172800E-002   5.3822602E-010
2.2170700E-002   4.8448401E-010
2.3215500E-002   4.4123499E-010
 11
 1   2   3   4
 xy
 100
1.0133900E-003   7.0423198E-008
1.0611500E-003   6.8796041E-008
1.1111700E-003   6.6425528E-008
1.1635300E-003   6.3391418E-008
1.2183700E-003   6.1207132E-008
1.2757900E-003   5.8411381E-008
1.3359100E-003   5.6300100E-008
1.3988700E-003   5.3407500E-008
1.4648000E-003   5.1155801E-008
1.5338400E-003   4.9329400E-008
1.6061200E-003   4.7118600E-008
1.6818200E-003   4.4516800E-008
1.7610800E-003   4.2465118E-008
1.8440800E-003   4.0912859E-008
1.9309800E-003   3.8628400E-008
2.0219900E-003   3.6786900E-008
2.1172800E-003   3.4894800E-008
2.2170700E-003   3.2781600E-008
2.3215500E-003   3.1162700E-008
2.4309700E-003   2.9447000E-008
2.5455300E-003   2.7587900E-008
2.6655000E-003   2.5730100E-008
2.7911200E-003   2.4393500E-008
2.9226600E-003   2.3126400E-008
3.0604000E-003   2.1600900E-008
3.2046400E-003   2.0416111E-008
3.3556700E-003   1.8717040E-008
3.5138100E-003   1.7590695E-008
3.6794100E-003   1.6337966E-008
3.8528200E-003   1.5323000E-008
4.0344000E-003   1.3901700E-008
4.2245300E-003   1.2784200E-008
4.4236300E-003   1.2028800E-008
4.6321100E-003   1.1312900E-008
4.8504100E-003   1.0394700E-008
5.0790100E-003   9.5748520E-009
5.3183700E-003   8.8386600E-009
5.5690200E-003   8.1026936E-009
5.8314800E-003   7.4543800E-009
6.1063100E-003   6.7870829E-009
6.3940900E-003   6.3384080E-009
6.6954300E-003   5.7015800E-009
7.0109800E-003   5.1967999E-009
7.3414000E-003   4.6235402E-009
7.6873900E-003   4.3019299E-009
8.0496800E-003   3.8384722E-009
8.4290500E-003   3.4520020E-009
8.8263000E-003   3.0943259E-009
9.2422700E-003   2.8018139E-009
9.6778500E-003   2.5642500E-009
1.0133900E-002   2.2971320E-009
1.0611500E-002   2.1059601E-009
1.1111700E-002   1.8833570E-009
1.1635300E-002   1.7119950E-009
1.2183700E-002   1.5250650E-009
1.2757900E-002   1.3785700E-009
1.3359100E-002   1.2277470E-009
1.3988700E-002   1.0907770E-009
1.4648000E-002   9.6344599E-010
1.5338400E-002   8.4048202E-010
1.6061200E-002   7.4236900E-010
1.6818200E-002   6.4601200E-010
1.7610800E-002   5.5869000E-010
1.8440800E-002   4.9263200E-010
1.9309800E-002   4.4011300E-010
2.0219900E-002   3.8384701E-010
2.1172800E-002   3.4249401E-010
2.2170700E-002   2.9870800E-010
2.3215500E-002   2.6051999E-010
 12
 1   2   3   4
 xy
 100
1.0133900E-003   6.4945300E-008
1.0611500E-003   6.3286100E-008
1.1111700E-003   6.1686300E-008
1.1635300E-003   5.9957400E-008
1.2183700E-003   5.8028500E-008
1.2757900E-003   5.6496503E-008
1.3359100E-003   5.3913500E-008
1.3988700E-003   5.1364125E-008
1.4648000E-003   4.8946500E-008
1.5338400E-003   4.7318300E-008
1.6061200E-003   4.5360500E-008
1.6818200E-003   4.3401800E-008
1.7610800E-003   4.1295800E-008
1.8440800E-003   3.9909672E-008
1.9309800E-003   3.8450825E-008
2.0219900E-003   3.6141700E-008
2.1172800E-003   3.4370900E-008
2.2170700E-003   3.2750700E-008
2.3215500E-003   3.0908400E-008
2.4309700E-003   2.9627712E-008
2.5455300E-003   2.7501292E-008
2.6655000E-003   2.6161200E-008
2.7911200E-003   2.4885082E-008
2.9226600E-003   2.3320000E-008
3.0604000E-003   2.1983800E-008
3.2046400E-003   2.0416111E-008
3.3556700E-003   1.9468841E-008
3.5138100E-003   1.7978300E-008
3.6794100E-003   1.6532130E-008
3.8528200E-003   1.5516900E-008
4.0344000E-003   1.4505500E-008
4.2245300E-003   1.3561000E-008
4.4236300E-003   1.2824100E-008
4.6321100E-003   1.1730241E-008
4.8504100E-003   1.0792700E-008
5.0790100E-003   1.0023800E-008
5.3183700E-003   9.3400763E-009
5.5690200E-003   8.7780130E-009
5.8314800E-003   7.9831600E-009
6.1063100E-003   7.4514100E-009
6.3940900E-003   6.7718900E-009
6.6954300E-003   6.2597200E-009
7.0109800E-003   5.7859708E-009
7.3414000E-003   5.2768159E-009
7.6873900E-003   4.8213460E-009
8.0496800E-003   4.3455200E-009
8.4290500E-003   4.0158139E-009
8.8263000E-003   3.6361929E-009
9.2422700E-003   3.3752181E-009
9.6778500E-003   3.0677400E-009
1.0133900E-002   2.7673300E-009
1.0611500E-002   2.5219500E-009
1.1111700E-002   2.2721429E-009
1.1635300E-002   2.0459000E-009
1.2183700E-002   1.8089470E-009
1.2757900E-002   1.6423500E-009
1.3359100E-002   1.4692000E-009
1.3988700E-002   1.3146551E-009
1.4648000E-002   1.1730240E-009
1.5338400E-002   1.0466510E-009
1.6061200E-002   9.3389296E-010
1.6818200E-002   8.2136100E-010
1.7610800E-002   7.3108700E-010
1.8440800E-002   6.4762101E-010
1.9309800E-002   5.6555599E-010
2.0219900E-002   4.9325299E-010
2.1172800E-002   4.4123499E-010
2.2170700E-002   3.8349199E-010
2.3215500E-002   3.2560399E-010
 13
 1   2   3   4
 xy
 100
1.0133900E-003   6.8520600E-008
1.0611500E-003   6.5858800E-008
1.1111700E-003   6.3445700E-008
1.1635300E-003   6.1572300E-008
1.2183700E-003   5.9718500E-008
1.2757900E-003   5.7298000E-008
1.3359100E-003   5.5364600E-008
1.3988700E-003   5.3190900E-008
1.4648000E-003   5.1220200E-008
1.5338400E-003   4.8939300E-008
1.6061200E-003   4.6392900E-008
1.6818200E-003   4.4811400E-008
1.7610800E-003   4.2643900E-008
1.8440800E-003   4.0467200E-008
1.9309800E-003   3.8942500E-008
2.0219900E-003   3.6818500E-008
2.1172800E-003   3.5154300E-008
2.2170700E-003   3.2769200E-008
2.3215500E-003   3.1560500E-008
2.4309700E-003   2.9775600E-008
2.5455300E-003   2.8200700E-008
2.6655000E-003   2.6294100E-008
2.7911200E-003   2.4892900E-008
2.9226600E-003   2.3502000E-008
3.0604000E-003   2.2092800E-008
3.2046400E-003   2.0563800E-008
3.3556700E-003   1.9236800E-008
3.5138100E-003   1.8268600E-008
3.6794100E-003   1.6947700E-008
3.8528200E-003   1.5802100E-008
4.0344000E-003   1.4682600E-008
4.2245300E-003   1.3514800E-008
4.4236300E-003   1.2642600E-008
4.6321100E-003   1.1811400E-008
4.8504100E-003   1.0980172E-008
5.0790100E-003   1.0144800E-008
5.3183700E-003   9.3636600E-009
5.5690200E-003   8.6697263E-009
5.8314800E-003   7.8836300E-009
6.1063100E-003   7.1287300E-009
6.3940900E-003   6.5653651E-009
6.6954300E-003   6.1207128E-009
7.0109800E-003   5.5834600E-009
7.3414000E-003   5.0735900E-009
7.6873900E-003   4.6189500E-009
8.0496800E-003   4.2108081E-009
8.4290500E-003   3.8098300E-009
8.8263000E-003   3.5023300E-009
9.2422700E-003   3.1882600E-009
9.6778500E-003   2.8722420E-009
1.0133900E-002   2.6007241E-009
1.0611500E-002   2.3258240E-009
1.1111700E-002   2.1059601E-009
1.1635300E-002   1.8601229E-009
1.2183700E-002   1.6429840E-009
1.2757900E-002   1.4511931E-009
1.3359100E-002   1.2633480E-009
1.3988700E-002   1.1207399E-009
1.4648000E-002   9.9999997E-010
1.5338400E-002   8.7215601E-010
1.6061200E-002   7.5164203E-010
1.6818200E-002   6.5570999E-010
1.7610800E-002   5.6555599E-010
1.8440800E-002   4.9285898E-010
1.9309800E-002   4.3532500E-010
2.0219900E-002   3.7507999E-010
2.1172800E-002   3.2317199E-010
2.2170700E-002   2.7501301E-010
2.3215500E-002   2.3991301E-010
 14
 1   2   3   4
 xy
 100
1.0133900E-003   6.5666300E-008
1.0611500E-003   6.4046900E-008
1.1111700E-003   6.2413600E-008
1.1635300E-003   6.0240800E-008
1.2183700E-003   5.7973200E-008
1.2757900E-003   5.5878900E-008
1.3359100E-003   5.4485800E-008
1.3988700E-003   5.2960402E-008
1.4648000E-003   4.9825500E-008
1.5338400E-003   4.7957700E-008
1.6061200E-003   4.6754572E-008
1.6818200E-003   4.4123510E-008
1.7610800E-003   4.1893800E-008
1.8440800E-003   3.9614500E-008
1.9309800E-003   3.8217900E-008
2.0219900E-003   3.6189700E-008
2.1172800E-003   3.4330500E-008
2.2170700E-003   3.2750400E-008
2.3215500E-003   3.1438507E-008
2.4309700E-003   2.9480000E-008
2.5455300E-003   2.8048044E-008
2.6655000E-003   2.6385600E-008
2.7911200E-003   2.4583700E-008
2.9226600E-003   2.3180000E-008
3.0604000E-003   2.1829300E-008
3.2046400E-003   2.0304900E-008
3.3556700E-003   1.9236500E-008
3.5138100E-003   1.7907899E-008
3.6794100E-003   1.6590200E-008
3.8528200E-003   1.5505800E-008
4.0344000E-003   1.4562100E-008
4.2245300E-003   1.3613344E-008
4.4236300E-003   1.2393800E-008
4.6321100E-003   1.1577091E-008
4.8504100E-003   1.0873100E-008
5.0790100E-003   9.9688897E-009
5.3183700E-003   9.1727300E-009
5.5690200E-003   8.4845600E-009
5.8314800E-003   7.7694882E-009
6.1063100E-003   7.0815300E-009
6.3940900E-003   6.5603400E-009
6.6954300E-003   6.0553331E-009
7.0109800E-003   5.4807030E-009
7.3414000E-003   5.0357900E-009
7.6873900E-003   4.5461679E-009
8.0496800E-003   4.1147521E-009
8.4290500E-003   3.6903500E-009
8.8263000E-003   3.3713700E-009
9.2422700E-003   3.1108600E-009
9.6778500E-003   2.7960789E-009
1.0133900E-002   2.4890840E-009
1.0611500E-002   2.2209290E-009
1.1111700E-002   1.9878000E-009
1.1635300E-002   1.7852190E-009
1.2183700E-002   1.6092300E-009
1.2757900E-002   1.4527100E-009
1.3359100E-002   1.3146551E-009
1.3988700E-002   1.1827500E-009
1.4648000E-002   1.0489700E-009
1.5338400E-002   9.4545904E-010
1.6061200E-002   8.3328200E-010
1.6818200E-002   7.2773898E-010
1.7610800E-002   6.4845701E-010
1.8440800E-002   5.6555599E-010
1.9309800E-002   5.0071902E-010
2.0219900E-002   4.4758899E-010
2.1172800E-002   3.9514100E-010
2.2170700E-002   3.4883901E-010
2.3215500E-002   3.0559699E-010
 15
 1   2   3   4
 xy
 100
1.0133900E-003   6.5523800E-008
1.0611500E-003   6.3357600E-008
1.1111700E-003   6.1051500E-008
1.1635300E-003   5.9752400E-008
1.2183700E-003   5.7581800E-008
1.2757900E-003   5.5380100E-008
1.3359100E-003   5.2969800E-008
1.3988700E-003   5.1202600E-008
1.4648000E-003   4.9630800E-008
1.5338400E-003   4.6956600E-008
1.6061200E-003   4.5417100E-008
1.6818200E-003   4.3385818E-008
1.7610800E-003   4.1776300E-008
1.8440800E-003   3.9263700E-008
1.9309800E-003   3.7386200E-008
2.0219900E-003   3.5329700E-008
2.1172800E-003   3.3968800E-008
2.2170700E-003   3.2181300E-008
2.3215500E-003   3.0542400E-008
2.4309700E-003   2.9249000E-008
2.5455300E-003   2.7035800E-008
2.6655000E-003   2.5877500E-008
2.7911200E-003   2.4009200E-008
2.9226600E-003   2.2692708E-008
3.0604000E-003   2.1177200E-008
3.2046400E-003   2.0095000E-008
3.3556700E-003   1.8823290E-008
3.5138100E-003   1.7679600E-008
3.6794100E-003   1.6389000E-008
3.8528200E-003   1.5237600E-008
4.0344000E-003   1.4178000E-008
4.2245300E-003   1.3390400E-008
4.4236300E-003   1.2410800E-008
4.6321100E-003   1.1553000E-008
4.8504100E-003   1.0726471E-008
5.0790100E-003   9.9221600E-009
5.3183700E-003   9.3389279E-009
5.5690200E-003   8.6034200E-009
5.8314800E-003   7.9655882E-009
6.1063100E-003   7.2096822E-009
6.3940900E-003   6.5154700E-009
6.6954300E-003   5.9803318E-009
7.0109800E-003   5.4807030E-009
7.3414000E-003   5.0228159E-009
7.6873900E-003   4.6031818E-009
8.0496800E-003   4.1663561E-009
8.4290500E-003   3.8118200E-009
8.8263000E-003   3.4365900E-009
9.2422700E-003   3.1264360E-009
9.6778500E-003   2.7960789E-009
1.0133900E-002   2.4890840E-009
1.0611500E-002   2.2209290E-009
1.1111700E-002   1.9505600E-009
1.1635300E-002   1.7186600E-009
1.2183700E-002   1.5421220E-009
1.2757900E-002   1.4077149E-009
1.3359100E-002   1.2560590E-009
1.3988700E-002   1.1207399E-009
1.4648000E-002   9.8147901E-010
1.5338400E-002   8.5249702E-010
1.6061200E-002   7.3686601E-010
1.6818200E-002   6.3384098E-010
1.7610800E-002   5.5280802E-010
1.8440800E-002   4.7636900E-010
1.9309800E-002   4.2054801E-010
2.0219900E-002   3.6597500E-010
2.1172800E-002   3.1808101E-010
2.2170700E-002   2.7324201E-010
2.3215500E-002   2.3199700E-010
 16
 1   2   3   4
 xy
 100
1.0133900E-003   6.7996616E-008
1.0611500E-003   6.6425528E-008
1.1111700E-003   6.3391418E-008
1.1635300E-003   6.1207132E-008
1.2183700E-003   5.7732628E-008
1.2757900E-003   5.5434200E-008
1.3359100E-003   5.3726500E-008
1.3988700E-003   5.2304440E-008
1.4648000E-003   4.9760839E-008
1.5338400E-003   4.7574500E-008
1.6061200E-003   4.5527800E-008
1.6818200E-003   4.3064700E-008
1.7610800E-003   4.1493500E-008
1.8440800E-003   3.9428600E-008
1.9309800E-003   3.8301923E-008
2.0219900E-003   3.6231400E-008
2.1172800E-003   3.4667202E-008
2.2170700E-003   3.2578400E-008
2.3215500E-003   3.0643800E-008
2.4309700E-003   2.8853700E-008
2.5455300E-003   2.7224000E-008
2.6655000E-003   2.6175300E-008
2.7911200E-003   2.4338100E-008
2.9226600E-003   2.2898200E-008
3.0604000E-003   2.1589146E-008
3.2046400E-003   2.0171000E-008
3.3556700E-003   1.8823290E-008
3.5138100E-003   1.7652400E-008
3.6794100E-003   1.6691400E-008
3.8528200E-003   1.5613661E-008
4.0344000E-003   1.4593000E-008
4.2245300E-003   1.3507100E-008
4.4236300E-003   1.2693500E-008
4.6321100E-003   1.1685100E-008
4.8504100E-003   1.0877669E-008
5.0790100E-003   9.9688897E-009
5.3183700E-003   9.1223900E-009
5.5690200E-003   8.4854100E-009
5.8314800E-003   7.9655882E-009
6.1063100E-003   7.3001001E-009
6.3940900E-003   6.6228200E-009
6.6954300E-003   6.1409300E-009
7.0109800E-003   5.4943700E-009
7.3414000E-003   5.0976400E-009
7.6873900E-003   4.6421800E-009
8.0496800E-003   4.1728600E-009
8.4290500E-003   3.7709840E-009
8.8263000E-003   3.3767500E-009
9.2422700E-003   3.0892360E-009
9.6778500E-003   2.7861800E-009
1.0133900E-002   2.4993949E-009
1.0611500E-002   2.2209290E-009
1.1111700E-002   2.0221751E-009
1.1635300E-002   1.8062100E-009
1.2183700E-002   1.6158080E-009
1.2757900E-002   1.4733870E-009
1.3359100E-002   1.3238149E-009
1.3988700E-002   1.1730240E-009
1.4648000E-002   1.0466510E-009
1.5338400E-002   9.3374897E-010
1.6061200E-002   8.3467100E-010
1.6818200E-002   7.2936401E-010
1.7610800E-002   6.4890698E-010
1.8440800E-002   5.5321703E-010
1.9309800E-002   4.9325299E-010
2.0219900E-002   4.3116299E-010
2.1172800E-002   3.7592501E-010
2.2170700E-002   3.2722899E-010
2.3215500E-002   2.8861399E-010
 17
 1   2   3   4
 xy
 100
1.0133900E-003   6.4843700E-008
1.0611500E-003   6.2628500E-008
1.1111700E-003   6.0820376E-008
1.1635300E-003   5.9461126E-008
1.2183700E-003   5.6883200E-008
1.2757900E-003   5.4092600E-008
1.3359100E-003   5.1789200E-008
1.3988700E-003   4.9625573E-008
1.4648000E-003   4.7639900E-008
1.5338400E-003   4.5700000E-008
1.6061200E-003   4.4062100E-008
1.6818200E-003   4.2386500E-008
1.7610800E-003   4.0951512E-008
1.8440800E-003   3.8873900E-008
1.9309800E-003   3.6991178E-008
2.0219900E-003   3.5184600E-008
2.1172800E-003   3.3158700E-008
2.2170700E-003   3.1449000E-008
2.3215500E-003   2.9866900E-008
2.4309700E-003   2.8490400E-008
2.5455300E-003   2.6736700E-008
2.6655000E-003   2.5089000E-008
2.7911200E-003   2.4001500E-008
2.9226600E-003   2.2171400E-008
3.0604000E-003   2.0790400E-008
3.2046400E-003   1.9818200E-008
3.3556700E-003   1.8488200E-008
3.5138100E-003   1.7348574E-008
3.6794100E-003   1.6227600E-008
3.8528200E-003   1.5264800E-008
4.0344000E-003   1.4180900E-008
4.2245300E-003   1.3032800E-008
4.4236300E-003   1.2085200E-008
4.6321100E-003   1.1291737E-008
4.8504100E-003   1.0551468E-008
5.0790100E-003   9.7745998E-009
5.3183700E-003   9.1073256E-009
5.5690200E-003   8.3223393E-009
5.8314800E-003   7.6753600E-009
6.1063100E-003   7.0246671E-009
6.3940900E-003   6.4845702E-009
6.6954300E-003   5.7982700E-009
7.0109800E-003   5.2925100E-009
7.3414000E-003   4.8996500E-009
7.6873900E-003   4.4123509E-009
8.0496800E-003   3.9952300E-009
8.4290500E-003   3.5962500E-009
8.8263000E-003   3.1938900E-009
9.2422700E-003   2.9134600E-009
9.6778500E-003   2.6052029E-009
1.0133900E-002   2.3472111E-009
1.0611500E-002   2.0890000E-009
1.1111700E-002   1.8807731E-009
1.1635300E-002   1.6893620E-009
1.2183700E-002   1.5031110E-009
1.2757900E-002   1.3275200E-009
1.3359100E-002   1.1654600E-009
1.3988700E-002   1.0286551E-009
1.4648000E-002   8.7812901E-010
1.5338400E-002   7.5180701E-010
1.6061200E-002   6.5186700E-010
1.6818200E-002   5.6521299E-010
1.7610800E-002   4.9906801E-010
1.8440800E-002   4.3577600E-010
1.9309800E-002   3.8483600E-010
2.0219900E-002   3.3960501E-010
2.1172800E-002   2.9675101E-010
2.2170700E-002   2.5620600E-010
2.3215500E-002   2.2593399E-010
 18
 1   2   3   4
 xy
 100
1.0133900E-003   6.6041500E-008
1.0611500E-003   6.3848300E-008
1.1111700E-003   6.1512800E-008
1.1635300E-003   5.9534200E-008
1.2183700E-003   5.7121000E-008
1.2757900E-003   5.5411700E-008
1.3359100E-003   5.3107197E-008
1.3988700E-003   5.1336876E-008
1.4648000E-003   4.9003700E-008
1.5338400E-003   4.6869600E-008
1.6061200E-003   4.5000400E-008
1.6818200E-003   4.3003500E-008
1.7610800E-003   4.0942000E-008
1.8440800E-003   3.8662400E-008
1.9309800E-003   3.7183500E-008
2.0219900E-003   3.5254800E-008
2.1172800E-003   3.4033200E-008
2.2170700E-003   3.1855600E-008
2.3215500E-003   3.0444900E-008
2.4309700E-003   2.9176331E-008
2.5455300E-003   2.6957204E-008
2.6655000E-003   2.5761300E-008
2.7911200E-003   2.4124700E-008
2.9226600E-003   2.2714900E-008
3.0604000E-003   2.1436500E-008
3.2046400E-003   2.0094051E-008
3.3556700E-003   1.8648100E-008
3.5138100E-003   1.7642200E-008
3.6794100E-003   1.6558100E-008
3.8528200E-003   1.5291500E-008
4.0344000E-003   1.4474000E-008
4.2245300E-003   1.3287700E-008
4.4236300E-003   1.2284500E-008
4.6321100E-003   1.1420069E-008
4.8504100E-003   1.0516800E-008
5.0790100E-003   9.8597299E-009
5.3183700E-003   9.0059200E-009
5.5690200E-003   8.3008800E-009
5.8314800E-003   7.5692900E-009
6.1063100E-003   7.0246671E-009
6.3940900E-003   6.3477500E-009
6.6954300E-003   5.8468500E-009
7.0109800E-003   5.4167941E-009
7.3414000E-003   4.9485558E-009
7.6873900E-003   4.4699919E-009
8.0496800E-003   4.0645500E-009
8.4290500E-003   3.7306038E-009
8.8263000E-003   3.4081240E-009
9.2422700E-003   3.1135190E-009
9.6778500E-003   2.8492500E-009
1.0133900E-002   2.6052029E-009
1.0611500E-002   2.3469800E-009
1.1111700E-002   2.1219380E-009
1.1635300E-002   1.9151760E-009
1.2183700E-002   1.7283180E-009
1.2757900E-002   1.5451020E-009
1.3359100E-002   1.4034860E-009
1.3988700E-002   1.2633480E-009
1.4648000E-002   1.1372020E-009
1.5338400E-002   1.0286551E-009
1.6061200E-002   9.3227304E-010
1.6818200E-002   8.3328200E-010
1.7610800E-002   7.4962903E-010
1.8440800E-002   6.6340999E-010
1.9309800E-002   5.7859700E-010
2.0219900E-002   5.1047599E-010
2.1172800E-002   4.5026199E-010
2.2170700E-002   3.8384701E-010
2.3215500E-002   3.2722899E-010
 19
 1   2   3   4
 xy
 100
1.0133900E-003   7.3793871E-008
1.0611500E-003   6.9604866E-008
1.1111700E-003   6.6425528E-008
1.1635300E-003   6.2675400E-008
1.2183700E-003   5.9636900E-008
1.2757900E-003   5.6949800E-008
1.3359100E-003   5.5480600E-008
1.3988700E-003   5.2641400E-008
1.4648000E-003   5.0124500E-008
1.5338400E-003   4.8358000E-008
1.6061200E-003   4.6224300E-008
1.6818200E-003   4.3396700E-008
1.7610800E-003   4.1717300E-008
1.8440800E-003   4.0276000E-008
1.9309800E-003   3.8800067E-008
2.0219900E-003   3.6652100E-008
2.1172800E-003   3.4958941E-008
2.2170700E-003   3.2688000E-008
2.3215500E-003   3.0572300E-008
2.4309700E-003   2.9402800E-008
2.5455300E-003   2.7501200E-008
2.6655000E-003   2.6203900E-008
2.7911200E-003   2.4580400E-008
2.9226600E-003   2.2986300E-008
3.0604000E-003   2.1399700E-008
3.2046400E-003   1.9776100E-008
3.3556700E-003   1.8776715E-008
3.5138100E-003   1.7726900E-008
3.6794100E-003   1.6366500E-008
3.8528200E-003   1.5228100E-008
4.0344000E-003   1.4237200E-008
4.2245300E-003   1.3103200E-008
4.4236300E-003   1.2221276E-008
4.6321100E-003   1.1333000E-008
4.8504100E-003   1.0432897E-008
5.0790100E-003   9.6386700E-009
5.3183700E-003   8.8061200E-009
5.5690200E-003   8.0449150E-009
5.8314800E-003   7.3311700E-009
6.1063100E-003   6.7755200E-009
6.3940900E-003   6.1689900E-009
6.6954300E-003   5.7061760E-009
7.0109800E-003   5.2816822E-009
7.3414000E-003   4.8213460E-009
7.6873900E-003   4.3276900E-009
8.0496800E-003   3.9474721E-009
8.4290500E-003   3.5455000E-009
8.8263000E-003   3.1801900E-009
9.2422700E-003   2.8391500E-009
9.6778500E-003   2.5464819E-009
1.0133900E-002   2.2721429E-009
1.0611500E-002   2.0741100E-009
1.1111700E-002   1.8798001E-009
1.1635300E-002   1.6724390E-009
1.2183700E-002   1.4733870E-009
1.2757900E-002   1.3146551E-009
1.3359100E-002   1.1730240E-009
1.3988700E-002   1.0466510E-009
1.4648000E-002   9.3973695E-010
1.5338400E-002   8.3931800E-010
1.6061200E-002   7.4351098E-010
1.6818200E-002   6.6952499E-010
1.7610800E-002   5.8850700E-010
1.8440800E-002   5.2816801E-010
1.9309800E-002   4.7471900E-010
2.0219900E-002   4.2049600E-010
2.1172800E-002   3.6673800E-010
2.2170700E-002   3.2182099E-010
2.3215500E-002   2.8299399E-010
 20
 1   2   3   4
 xy
 100
1.0133900E-003   6.7331897E-008
1.0611500E-003   6.5087399E-008
1.1111700E-003   6.2210695E-008
1.1635300E-003   6.0136912E-008
1.2183700E-003   5.8132255E-008
1.2757900E-003   5.6194427E-008
1.3359100E-003   5.3107197E-008
1.3988700E-003   5.0799500E-008
1.4648000E-003   4.8671600E-008
1.5338400E-003   4.7432238E-008
1.6061200E-003   4.5203600E-008
1.6818200E-003   4.3093500E-008
1.7610800E-003   4.1004000E-008
1.8440800E-003   3.9683400E-008
1.9309800E-003   3.7312400E-008
2.0219900E-003   3.5609900E-008
2.1172800E-003   3.3733100E-008
2.2170700E-003   3.1985800E-008
2.3215500E-003   3.0355228E-008
2.4309700E-003   2.8938100E-008
2.5455300E-003   2.7237800E-008
2.6655000E-003   2.5884800E-008
2.7911200E-003   2.4391600E-008
2.9226600E-003   2.3114200E-008
3.0604000E-003   2.1419600E-008
3.2046400E-003   2.0530800E-008
3.3556700E-003   1.8991900E-008
3.5138100E-003   1.7803000E-008
3.6794100E-003   1.6546000E-008
3.8528200E-003   1.5443900E-008
4.0344000E-003   1.4366812E-008
4.2245300E-003   1.3359000E-008
4.4236300E-003   1.2225100E-008
4.6321100E-003   1.1554000E-008
4.8504100E-003   1.0635000E-008
5.0790100E-003   9.7821400E-009
5.3183700E-003   8.9357100E-009
5.5690200E-003   8.2943377E-009
5.8314800E-003   7.6287000E-009
6.1063100E-003   7.0379700E-009
6.3940900E-003   6.4174421E-009
6.6954300E-003   5.9293370E-009
7.0109800E-003   5.4167941E-009
7.3414000E-003   4.9594271E-009
7.6873900E-003   4.5448900E-009
8.0496800E-003   4.1770400E-009
8.4290500E-003   3.8011000E-009
8.8263000E-003   3.4249441E-009
9.2422700E-003   3.0712111E-009
9.6778500E-003   2.7519800E-009
1.0133900E-002   2.5118860E-009
1.0611500E-002   2.2209290E-009
1.1111700E-002   1.9816631E-009
1.1635300E-002   1.8002500E-009
1.2183700E-002   1.6140640E-009
1.2757900E-002   1.4275831E-009
1.3359100E-002   1.2633480E-009
1.3988700E-002   1.1207399E-009
1.4648000E-002   9.8319097E-010
1.5338400E-002   8.5903401E-010
1.6061200E-002   7.5539203E-010
1.6818200E-002   6.6425498E-010
1.7610800E-002   5.7732602E-010
1.8440800E-002   5.0177301E-010
1.9309800E-002   4.3610801E-010
2.0219900E-002   3.8349199E-010
2.1172800E-002   3.3330599E-010
2.2170700E-002   2.9309299E-010
2.3215500E-002   2.5773200E-010
 21
 1   2   3   4
 xy
 100
1.0133900E-003   6.5910600E-008
1.0611500E-003   6.3934000E-008
1.1111700E-003   6.1744100E-008
1.1635300E-003   5.9579800E-008
1.2183700E-003   5.7614300E-008
1.2757900E-003   5.6169400E-008
1.3359100E-003   5.3707900E-008
1.3988700E-003   5.1566700E-008
1.4648000E-003   4.9941500E-008
1.5338400E-003   4.7822000E-008
1.6061200E-003   4.5690500E-008
1.6818200E-003   4.3760600E-008
1.7610800E-003   4.2017900E-008
1.8440800E-003   3.9701300E-008
1.9309800E-003   3.8262700E-008
2.0219900E-003   3.6645900E-008
2.1172800E-003   3.5225000E-008
2.2170700E-003   3.3623100E-008
2.3215500E-003   3.1671200E-008
2.4309700E-003   3.0049800E-008
2.5455300E-003   2.8201200E-008
2.6655000E-003   2.6407500E-008
2.7911200E-003   2.5189932E-008
2.9226600E-003   2.3868200E-008
3.0604000E-003   2.2521900E-008
3.2046400E-003   2.1377122E-008
3.3556700E-003   1.9877500E-008
3.5138100E-003   1.8576400E-008
3.6794100E-003   1.7217900E-008
3.8528200E-003   1.6175400E-008
4.0344000E-003   1.5059700E-008
4.2245300E-003   1.3953900E-008
4.4236300E-003   1.2884400E-008
4.6321100E-003   1.1916319E-008
4.8504100E-003   1.1094300E-008
5.0790100E-003   1.0220400E-008
5.3183700E-003   9.2148700E-009
5.5690200E-003   8.6626500E-009
5.8314800E-003   7.9545108E-009
6.1063100E-003   7.3010300E-009
6.3940900E-003   6.7905011E-009
6.6954300E-003   6.2035181E-009
7.0109800E-003   5.7190200E-009
7.3414000E-003   5.2398300E-009
7.6873900E-003   4.8213460E-009
8.0496800E-003   4.4123509E-009
8.4290500E-003   3.9269858E-009
8.8263000E-003   3.4986400E-009
9.2422700E-003   3.1728100E-009
9.6778500E-003   2.8799100E-009
1.0133900E-002   2.5925900E-009
1.0611500E-002   2.3738871E-009
1.1111700E-002   2.1443141E-009
1.1635300E-002   1.9369959E-009
1.2183700E-002   1.7695090E-009
1.2757900E-002   1.6140640E-009
1.3359100E-002   1.4535720E-009
1.3988700E-002   1.3238149E-009
1.4648000E-002   1.1648170E-009
1.5338400E-002   1.0322700E-009
1.6061200E-002   9.0911900E-010
1.6818200E-002   8.0878698E-010
1.7610800E-002   7.1649803E-010
1.8440800E-002   6.3095701E-010
1.9309800E-002   5.5249899E-010
2.0219900E-002   4.9346000E-010
2.1172800E-002   4.4072901E-010
2.2170700E-002   3.8921000E-010
2.3215500E-002   3.3985101E-010
 22
 1   2   3   4
 xy
 100
1.0133900E-003   7.0780000E-008
1.0611500E-003   6.8745500E-008
1.1111700E-003   6.6530600E-008
1.1635300E-003   6.3981300E-008
1.2183700E-003   6.1809100E-008
1.2757900E-003   5.9656800E-008
1.3359100E-003   5.6964400E-008
1.3988700E-003   5.4861800E-008
1.4648000E-003   5.2802700E-008
1.5338400E-003   5.0492400E-008
1.6061200E-003   4.7964000E-008
1.6818200E-003   4.6057000E-008
1.7610800E-003   4.3742900E-008
1.8440800E-003   4.1717100E-008
1.9309800E-003   3.9727100E-008
2.0219900E-003   3.7945500E-008
2.1172800E-003   3.6284300E-008
2.2170700E-003   3.4219700E-008
2.3215500E-003   3.2061400E-008
2.4309700E-003   3.0329200E-008
2.5455300E-003   2.8930900E-008
2.6655000E-003   2.7259400E-008
2.7911200E-003   2.5448900E-008
2.9226600E-003   2.4037000E-008
3.0604000E-003   2.2707800E-008
3.2046400E-003   2.1124300E-008
3.3556700E-003   1.9644977E-008
3.5138100E-003   1.8159200E-008
3.6794100E-003   1.6963500E-008
3.8528200E-003   1.5797600E-008
4.0344000E-003   1.4659400E-008
4.2245300E-003   1.3709800E-008
4.4236300E-003   1.2642719E-008
4.6321100E-003   1.1530300E-008
4.8504100E-003   1.0364000E-008
5.0790100E-003   9.6628500E-009
5.3183700E-003   8.8061336E-009
5.5690200E-003   8.0063700E-009
5.8314800E-003   7.3494979E-009
6.1063100E-003   6.7905011E-009
6.3940900E-003   6.2313200E-009
6.6954300E-003   5.7968248E-009
7.0109800E-003   5.3021800E-009
7.3414000E-003   4.8379629E-009
7.6873900E-003   4.3700941E-009
8.0496800E-003   3.9717758E-009
8.4290500E-003   3.4925871E-009
8.8263000E-003   3.1438510E-009
9.2422700E-003   2.7710800E-009
9.6778500E-003   2.4557489E-009
1.0133900E-002   2.1790300E-009
1.0611500E-002   1.8936539E-009
1.1111700E-002   1.6535030E-009
1.1635300E-002   1.4438070E-009
1.2183700E-002   1.2465380E-009
1.2757900E-002   1.0762220E-009
1.3359100E-002   9.1873498E-010
1.3988700E-002   7.9320700E-010
1.4648000E-002   7.0048500E-010
1.5338400E-002   6.0979699E-010
1.6061200E-002   5.3201799E-010
1.6818200E-002   4.6415899E-010
1.7610800E-002   4.0495601E-010
1.8440800E-002   3.5938100E-010
1.9309800E-002   3.1400199E-010
2.0219900E-002   2.7354999E-010
2.1172800E-002   2.3865901E-010
2.2170700E-002   2.0669901E-010
2.3215500E-002   1.8166001E-010
 23
 1   2   3   4
 xy
 100
1.0133900E-003   7.1346900E-008
1.0611500E-003   6.9006500E-008
1.1111700E-003   6.6307300E-008
1.1635300E-003   6.4128200E-008
1.2183700E-003   6.1994700E-008
1.2757900E-003   5.9816100E-008
1.3359100E-003   5.7480400E-008
1.3988700E-003   5.5179300E-008
1.4648000E-003   5.2901700E-008
1.5338400E-003   5.0575900E-008
1.6061200E-003   4.8159200E-008
1.6818200E-003   4.6497400E-008
1.7610800E-003   4.4363200E-008
1.8440800E-003   4.2467300E-008
1.9309800E-003   4.0733900E-008
2.0219900E-003   3.8474400E-008
2.1172800E-003   3.6790200E-008
2.2170700E-003   3.4478100E-008
2.3215500E-003   3.3023000E-008
2.4309700E-003   3.0880000E-008
2.5455300E-003   2.9231000E-008
2.6655000E-003   2.7546300E-008
2.7911200E-003   2.6168900E-008
2.9226600E-003   2.4416100E-008
3.0604000E-003   2.2839400E-008
3.2046400E-003   2.1555400E-008
3.3556700E-003   2.0205100E-008
3.5138100E-003   1.8990116E-008
3.6794100E-003   1.7816200E-008
3.8528200E-003   1.6221000E-008
4.0344000E-003   1.5123100E-008
4.2245300E-003   1.4261700E-008
4.4236300E-003   1.3193200E-008
4.6321100E-003   1.2015200E-008
4.8504100E-003   1.1112600E-008
5.0790100E-003   1.0336500E-008
5.3183700E-003   9.3841500E-009
5.5690200E-003   8.6093292E-009
5.8314800E-003   7.9312700E-009
6.1063100E-003   7.1343800E-009
6.3940900E-003   6.5641408E-009
6.6954300E-003   6.0572700E-009
7.0109800E-003   5.4341500E-009
7.3414000E-003   4.9442100E-009
7.6873900E-003   4.4100500E-009
8.0496800E-003   3.9923349E-009
8.4290500E-003   3.5724800E-009
8.8263000E-003   3.2208869E-009
9.2422700E-003   2.9197560E-009
9.6778500E-003   2.6646800E-009
1.0133900E-002   2.3916500E-009
1.0611500E-002   2.1443141E-009
1.1111700E-002   1.8967000E-009
1.1635300E-002   1.7283180E-009
1.2183700E-002   1.5105710E-009
1.2757900E-002   1.3267100E-009
1.3359100E-002   1.1730240E-009
1.3988700E-002   1.0466510E-009
1.4648000E-002   9.1284302E-010
1.5338400E-002   7.9614099E-010
1.6061200E-002   6.9894701E-010
1.6818200E-002   6.0979699E-010
1.7610800E-002   5.4117000E-010
1.8440800E-002   4.7214399E-010
1.9309800E-002   4.2621601E-010
2.0219900E-002   3.7824899E-010
2.1172800E-002   3.3225600E-010
2.2170700E-002   2.9675101E-010
2.3215500E-002   2.5911800E-010
 24
 1   2   3   4
 xy
 100
1.0133900E-003   6.8969800E-008
1.0611500E-003   6.7434600E-008
1.1111700E-003   6.5323200E-008
1.1635300E-003   6.2751600E-008
1.2183700E-003   6.0717400E-008
1.2757900E-003   5.9072600E-008
1.3359100E-003   5.6823300E-008
1.3988700E-003   5.4692300E-008
1.4648000E-003   5.2601700E-008
1.5338400E-003   5.0585100E-008
1.6061200E-003   4.8192600E-008
1.6818200E-003   4.6155400E-008
1.7610800E-003   4.4443000E-008
1.8440800E-003   4.2020100E-008
1.9309800E-003   4.0545100E-008
2.0219900E-003   3.8386800E-008
2.1172800E-003   3.6828600E-008
2.2170700E-003   3.4906800E-008
2.3215500E-003   3.3068500E-008
2.4309700E-003   3.1458200E-008
2.5455300E-003   2.9491500E-008
2.6655000E-003   2.7731800E-008
2.7911200E-003   2.6272900E-008
2.9226600E-003   2.4568900E-008
3.0604000E-003   2.3334800E-008
3.2046400E-003   2.1898800E-008
3.3556700E-003   2.0281100E-008
3.5138100E-003   1.8966600E-008
3.6794100E-003   1.7808500E-008
3.8528200E-003   1.6492700E-008
4.0344000E-003   1.5274200E-008
4.2245300E-003   1.4303900E-008
4.4236300E-003   1.3193200E-008
4.6321100E-003   1.2284000E-008
4.8504100E-003   1.1292500E-008
5.0790100E-003   1.0365600E-008
5.3183700E-003   9.5442700E-009
5.5690200E-003   8.7335800E-009
5.8314800E-003   8.1363467E-009
6.1063100E-003   7.2669089E-009
6.3940900E-003   6.6387442E-009
6.6954300E-003   6.0648779E-009
7.0109800E-003   5.4298100E-009
7.3414000E-003   4.9325251E-009
7.6873900E-003   4.4450200E-009
8.0496800E-003   3.9754900E-009
8.4290500E-003   3.5847221E-009
8.8263000E-003   3.2516700E-009
9.2422700E-003   2.8872400E-009
9.6778500E-003   2.5966600E-009
1.0133900E-002   2.2876600E-009
1.0611500E-002   2.0495401E-009
1.1111700E-002   1.8089470E-009
1.1635300E-002   1.6140640E-009
1.2183700E-002   1.4115400E-009
1.2757900E-002   1.2607050E-009
1.3359100E-002   1.1133350E-009
1.3988700E-002   9.9436503E-010
1.4648000E-002   8.7245000E-010
1.5338400E-002   7.7426399E-010
1.6061200E-002   6.9894701E-010
1.6818200E-002   6.3095701E-010
1.7610800E-002   5.5994898E-010
1.8440800E-002   5.0547999E-010
1.9309800E-002   4.4644699E-010
2.0219900E-002   4.0150100E-010
2.1172800E-002   3.5349801E-010
2.2170700E-002   3.1123401E-010
2.3215500E-002   2.7324201E-010
 25
 1   2   3   4
 xy
 100
1.0133900E-003   7.3079800E-008
1.0611500E-003   7.1160900E-008
1.1111700E-003   6.8903700E-008
1.1635300E-003   6.6257100E-008
1.2183700E-003   6.3809300E-008
1.2757900E-003   6.1808800E-008
1.3359100E-003   5.9997400E-008
1.3988700E-003   5.7178100E-008
1.4648000E-003   5.4652500E-008
1.5338400E-003   5.3109200E-008
1.6061200E-003   5.0629800E-008
1.6818200E-003   4.8053600E-008
1.7610800E-003   4.6266600E-008
1.8440800E-003   4.3861400E-008
1.9309800E-003   4.2020600E-008
2.0219900E-003   3.9868600E-008
2.1172800E-003   3.8491589E-008
2.2170700E-003   3.6178900E-008
2.3215500E-003   3.4020100E-008
2.4309700E-003   3.2326800E-008
2.5455300E-003   3.0403726E-008
2.6655000E-003   2.8525200E-008
2.7911200E-003   2.7124700E-008
2.9226600E-003   2.5235800E-008
3.0604000E-003   2.3677100E-008
3.2046400E-003   2.2159200E-008
3.3556700E-003   2.0938300E-008
3.5138100E-003   1.9697733E-008
3.6794100E-003   1.8006700E-008
3.8528200E-003   1.6716000E-008
4.0344000E-003   1.5662300E-008
4.2245300E-003   1.4486905E-008
4.4236300E-003   1.3421700E-008
4.6321100E-003   1.2282200E-008
4.8504100E-003   1.1267800E-008
5.0790100E-003   1.0509200E-008
5.3183700E-003   9.6686499E-009
5.5690200E-003   8.8849500E-009
5.8314800E-003   8.2050400E-009
6.1063100E-003   7.4814600E-009
6.3940900E-003   6.7666700E-009
6.6954300E-003   6.1139300E-009
7.0109800E-003   5.5421800E-009
7.3414000E-003   5.0297600E-009
7.6873900E-003   4.6069619E-009
8.0496800E-003   4.1689700E-009
8.4290500E-003   3.7636552E-009
8.8263000E-003   3.4017891E-009
9.2422700E-003   3.0793000E-009
9.6778500E-003   2.7896170E-009
1.0133900E-002   2.4890840E-009
1.0611500E-002   2.2209290E-009
1.1111700E-002   2.0273589E-009
1.1635300E-002   1.8089470E-009
1.2183700E-002   1.6140640E-009
1.2757900E-002   1.4650540E-009
1.3359100E-002   1.3094030E-009
1.3988700E-002   1.1730240E-009
1.4648000E-002   1.0342710E-009
1.5338400E-002   9.1284302E-010
1.6061200E-002   7.9614099E-010
1.6818200E-002   7.0625000E-010
1.7610800E-002   6.3095701E-010
1.8440800E-002   5.4523702E-010
1.9309800E-002   4.6415899E-010
2.0219900E-002   4.0495601E-010
2.1172800E-002   3.5183700E-010
2.2170700E-002   3.0302699E-010
2.3215500E-002   2.5990499E-010
 26
 1   2   3   4
 xy
 100
1.0133900E-003   7.1743000E-008
1.0611500E-003   6.9848200E-008
1.1111700E-003   6.8137800E-008
1.1635300E-003   6.5570800E-008
1.2183700E-003   6.3061000E-008
1.2757900E-003   6.1206200E-008
1.3359100E-003   5.9583400E-008
1.3988700E-003   5.6925300E-008
1.4648000E-003   5.3953400E-008
1.5338400E-003   5.2754300E-008
1.6061200E-003   5.0451800E-008
1.6818200E-003   4.8249500E-008
1.7610800E-003   4.5967900E-008
1.8440800E-003   4.4219900E-008
1.9309800E-003   4.1682200E-008
2.0219900E-003   4.0191300E-008
2.1172800E-003   3.8275900E-008
2.2170700E-003   3.6492300E-008
2.3215500E-003   3.4341400E-008
2.4309700E-003   3.2523339E-008
2.5455300E-003   3.0308700E-008
2.6655000E-003   2.8966900E-008
2.7911200E-003   2.7184100E-008
2.9226600E-003   2.5863600E-008
3.0604000E-003   2.4417500E-008
3.2046400E-003   2.2930108E-008
3.3556700E-003   2.1380300E-008
3.5138100E-003   1.9849100E-008
3.6794100E-003   1.8474400E-008
3.8528200E-003   1.7121100E-008
4.0344000E-003   1.5906300E-008
4.2245300E-003   1.4983380E-008
4.4236300E-003   1.3905200E-008
4.6321100E-003   1.2822200E-008
4.8504100E-003   1.1903400E-008
5.0790100E-003   1.0936100E-008
5.3183700E-003   1.0071300E-008
5.5690200E-003   9.1115600E-009
5.8314800E-003   8.3954100E-009
6.1063100E-003   7.7438900E-009
6.3940900E-003   7.0079700E-009
6.6954300E-003   6.4306100E-009
7.0109800E-003   5.9038300E-009
7.3414000E-003   5.4034772E-009
7.6873900E-003   4.9141700E-009
8.0496800E-003   4.5092200E-009
8.4290500E-003   4.1135162E-009
8.8263000E-003   3.7781200E-009
9.2422700E-003   3.4402130E-009
9.6778500E-003   3.0932100E-009
1.0133900E-002   2.7480480E-009
1.0611500E-002   2.4412100E-009
1.1111700E-002   2.2309900E-009
1.1635300E-002   2.0273589E-009
1.2183700E-002   1.8506600E-009
1.2757900E-002   1.6881500E-009
1.3359100E-002   1.5073630E-009
1.3988700E-002   1.3449710E-009
1.4648000E-002   1.2056420E-009
1.5338400E-002   1.0707870E-009
1.6061200E-002   9.5542796E-010
1.6818200E-002   8.5249702E-010
1.7610800E-002   7.5220000E-010
1.8440800E-002   6.6425498E-010
1.9309800E-002   5.7859700E-010
2.0219900E-002   5.1546001E-010
2.1172800E-002   4.6064499E-010
2.2170700E-002   4.0715201E-010
2.3215500E-002   3.6205700E-010
 27
 1   2   3   4
 xy
 100
1.0133900E-003   7.0030600E-008
1.0611500E-003   6.7620600E-008
1.1111700E-003   6.5650600E-008
1.1635300E-003   6.4048500E-008
1.2183700E-003   6.1930200E-008
1.2757900E-003   5.9814800E-008
1.3359100E-003   5.7869200E-008
1.3988700E-003   5.6082300E-008
1.4648000E-003   5.3801100E-008
1.5338400E-003   5.1546017E-008
1.6061200E-003   5.0107300E-008
1.6818200E-003   4.7895300E-008
1.7610800E-003   4.5244300E-008
1.8440800E-003   4.3884300E-008
1.9309800E-003   4.1516300E-008
2.0219900E-003   3.9893300E-008
2.1172800E-003   3.8005500E-008
2.2170700E-003   3.5905800E-008
2.3215500E-003   3.4401000E-008
2.4309700E-003   3.2285800E-008
2.5455300E-003   3.0764800E-008
2.6655000E-003   2.8919200E-008
2.7911200E-003   2.7251500E-008
2.9226600E-003   2.5858100E-008
3.0604000E-003   2.4085000E-008
3.2046400E-003   2.2595600E-008
3.3556700E-003   2.1239500E-008
3.5138100E-003   2.0014400E-008
3.6794100E-003   1.8692800E-008
3.8528200E-003   1.7310900E-008
4.0344000E-003   1.6073200E-008
4.2245300E-003   1.5083600E-008
4.4236300E-003   1.4018600E-008
4.6321100E-003   1.2926300E-008
4.8504100E-003   1.2024900E-008
5.0790100E-003   1.0995600E-008
5.3183700E-003   1.0187300E-008
5.5690200E-003   9.1985700E-009
5.8314800E-003   8.4441800E-009
6.1063100E-003   7.8627100E-009
6.3940900E-003   7.1130000E-009
6.6954300E-003   6.5475400E-009
7.0109800E-003   5.9649898E-009
7.3414000E-003   5.3312532E-009
7.6873900E-003   4.8290000E-009
8.0496800E-003   4.4365700E-009
8.4290500E-003   4.0260399E-009
8.8263000E-003   3.5983021E-009
9.2422700E-003   3.2240300E-009
9.6778500E-003   2.9618800E-009
1.0133900E-002   2.6569920E-009
1.0611500E-002   2.3790100E-009
1.1111700E-002   2.1463831E-009
1.1635300E-002   1.9242400E-009
1.2183700E-002   1.7283180E-009
1.2757900E-002   1.5073630E-009
1.3359100E-002   1.3391500E-009
1.3988700E-002   1.1835070E-009
1.4648000E-002   1.0369700E-009
1.5338400E-002   9.1098800E-010
1.6061200E-002   7.9473600E-010
1.6818200E-002   6.9435901E-010
1.7610800E-002   6.0558902E-010
1.8440800E-002   5.2816801E-010
1.9309800E-002   4.6069601E-010
2.0219900E-002   3.9810699E-010
2.1172800E-002   3.4790701E-010
2.2170700E-002   3.0403699E-010
2.3215500E-002   2.6273200E-010
 28
 1   2   3   4
 xy
 100
1.0133900E-003   7.3015428E-008
1.0611500E-003   7.0596066E-008
1.1111700E-003   6.9027855E-008
1.1635300E-003   6.5995174E-008
1.2183700E-003   6.3315000E-008
1.2757900E-003   6.1112100E-008
1.3359100E-003   5.8782800E-008
1.3988700E-003   5.6749800E-008
1.4648000E-003   5.4974400E-008
1.5338400E-003   5.2934600E-008
1.6061200E-003   5.0294500E-008
1.6818200E-003   4.8486800E-008
1.7610800E-003   4.6575800E-008
1.8440800E-003   4.4428500E-008
1.9309800E-003   4.2792800E-008
2.0219900E-003   4.0428900E-008
2.1172800E-003   3.8984800E-008
2.2170700E-003   3.6685300E-008
2.3215500E-003   3.4885600E-008
2.4309700E-003   3.2703300E-008
2.5455300E-003   3.1328900E-008
2.6655000E-003   2.9156000E-008
2.7911200E-003   2.7827400E-008
2.9226600E-003   2.6117300E-008
3.0604000E-003   2.5118863E-008
3.2046400E-003   2.3262300E-008
3.3556700E-003   2.1693400E-008
3.5138100E-003   2.0138500E-008
3.6794100E-003   1.8808400E-008
3.8528200E-003   1.7480500E-008
4.0344000E-003   1.6226600E-008
4.2245300E-003   1.5195000E-008
4.4236300E-003   1.3950300E-008
4.6321100E-003   1.2977500E-008
4.8504100E-003   1.2103942E-008
5.0790100E-003   1.1096100E-008
5.3183700E-003   1.0341100E-008
5.5690200E-003   9.3000700E-009
5.8314800E-003   8.5449070E-009
6.1063100E-003   7.8310100E-009
6.3940900E-003   7.2254600E-009
6.6954300E-003   6.5519400E-009
7.0109800E-003   5.9649898E-009
7.3414000E-003   5.3914722E-009
7.6873900E-003   4.8847900E-009
8.0496800E-003   4.3941700E-009
8.4290500E-003   4.0619200E-009
8.8263000E-003   3.6789300E-009
9.2422700E-003   3.3477461E-009
9.6778500E-003   3.0118500E-009
1.0133900E-002   2.7480480E-009
1.0611500E-002   2.4286551E-009
1.1111700E-002   2.1463831E-009
1.1635300E-002   1.8757320E-009
1.2183700E-002   1.6577240E-009
1.2757900E-002   1.4787500E-009
1.3359100E-002   1.2871200E-009
1.3988700E-002   1.1442910E-009
1.4648000E-002   9.9999997E-010
1.5338400E-002   8.9226698E-010
1.6061200E-002   7.7834900E-010
1.6818200E-002   6.8256900E-010
1.7610800E-002   6.0558902E-010
1.8440800E-002   5.2816801E-010
1.9309800E-002   4.7116300E-010
2.0219900E-002   4.2586101E-010
2.1172800E-002   3.8384701E-010
2.2170700E-002   3.4459000E-010
2.3215500E-002   3.0882600E-010
 29
 1   2   3   4
 xy
 100
1.0133900E-003   7.1756700E-008
1.0611500E-003   6.9629100E-008
1.1111700E-003   6.7806200E-008
1.1635300E-003   6.5914500E-008
1.2183700E-003   6.4112000E-008
1.2757900E-003   6.1956500E-008
1.3359100E-003   5.9885300E-008
1.3988700E-003   5.7533200E-008
1.4648000E-003   5.5846300E-008
1.5338400E-003   5.3561500E-008
1.6061200E-003   5.1497900E-008
1.6818200E-003   4.9763700E-008
1.7610800E-003   4.7314600E-008
1.8440800E-003   4.5197500E-008
1.9309800E-003   4.3067171E-008
2.0219900E-003   4.1175053E-008
2.1172800E-003   3.9598800E-008
2.2170700E-003   3.7287500E-008
2.3215500E-003   3.5398700E-008
2.4309700E-003   3.3973800E-008
2.5455300E-003   3.1694200E-008
2.6655000E-003   2.9776900E-008
2.7911200E-003   2.8104798E-008
2.9226600E-003   2.6437600E-008
3.0604000E-003   2.4726400E-008
3.2046400E-003   2.3219544E-008
3.3556700E-003   2.1714900E-008
3.5138100E-003   2.0520838E-008
3.6794100E-003   1.9221000E-008
3.8528200E-003   1.7732930E-008
4.0344000E-003   1.6590800E-008
4.2245300E-003   1.5496868E-008
4.4236300E-003   1.4311700E-008
4.6321100E-003   1.3208700E-008
4.8504100E-003   1.2234300E-008
5.0790100E-003   1.1152500E-008
5.3183700E-003   1.0227185E-008
5.5690200E-003   9.4291000E-009
5.8314800E-003   8.6908100E-009
6.1063100E-003   7.9794500E-009
6.3940900E-003   7.2199899E-009
6.6954300E-003   6.5806200E-009
7.0109800E-003   6.0558931E-009
7.3414000E-003   5.4619800E-009
7.6873900E-003   4.9838040E-009
8.0496800E-003   4.5456200E-009
8.4290500E-003   4.0924400E-009
8.8263000E-003   3.7026500E-009
9.2422700E-003   3.3154900E-009
9.6778500E-003   3.0064140E-009
1.0133900E-002   2.7003600E-009
1.0611500E-002   2.4055700E-009
1.1111700E-002   2.1706279E-009
1.1635300E-002   1.9840880E-009
1.2183700E-002   1.7681731E-009
1.2757900E-002   1.6140640E-009
1.3359100E-002   1.4230200E-009
1.3988700E-002   1.2915500E-009
1.4648000E-002   1.1418100E-009
1.5338400E-002   1.0051700E-009
1.6061200E-002   9.1284302E-010
1.6818200E-002   8.0113099E-010
1.7610800E-002   7.0596101E-010
1.8440800E-002   6.2128000E-010
1.9309800E-002   5.4117000E-010
2.0219900E-002   4.8186699E-010
2.1172800E-002   4.2621601E-010
2.2170700E-002   3.8475600E-010
2.3215500E-002   3.4145500E-010
 30
 1   2   3   4
 xy
 100
1.0133900E-003   7.1681000E-008
1.0611500E-003   6.9625500E-008
1.1111700E-003   6.7374700E-008
1.1635300E-003   6.5442200E-008
1.2183700E-003   6.4239200E-008
1.2757900E-003   6.2335400E-008
1.3359100E-003   5.9774800E-008
1.3988700E-003   5.7639400E-008
1.4648000E-003   5.5716000E-008
1.5338400E-003   5.3746700E-008
1.6061200E-003   5.1791700E-008
1.6818200E-003   5.0103400E-008
1.7610800E-003   4.7633200E-008
1.8440800E-003   4.5793800E-008
1.9309800E-003   4.4230600E-008
2.0219900E-003   4.1889800E-008
2.1172800E-003   3.9949600E-008
2.2170700E-003   3.7655500E-008
2.3215500E-003   3.6232500E-008
2.4309700E-003   3.4158700E-008
2.5455300E-003   3.2527700E-008
2.6655000E-003   3.0347100E-008
2.7911200E-003   2.8783600E-008
2.9226600E-003   2.6966100E-008
3.0604000E-003   2.5166700E-008
3.2046400E-003   2.3953300E-008
3.3556700E-003   2.2481400E-008
3.5138100E-003   2.0775600E-008
3.6794100E-003   1.9574100E-008
3.8528200E-003   1.8332500E-008
4.0344000E-003   1.6851400E-008
4.2245300E-003   1.5436500E-008
4.4236300E-003   1.4399700E-008
4.6321100E-003   1.3407800E-008
4.8504100E-003   1.2354300E-008
5.0790100E-003   1.1422500E-008
5.3183700E-003   1.0567100E-008
5.5690200E-003   9.4710000E-009
5.8314800E-003   8.8052700E-009
6.1063100E-003   7.9530300E-009
6.3940900E-003   7.3528600E-009
6.6954300E-003   6.6571300E-009
7.0109800E-003   6.0603400E-009
7.3414000E-003   5.5762399E-009
7.6873900E-003   5.0419400E-009
8.0496800E-003   4.6248900E-009
8.4290500E-003   4.1471100E-009
8.8263000E-003   3.7636552E-009
9.2422700E-003   3.3397900E-009
9.6778500E-003   2.9870850E-009
1.0133900E-002   2.6870040E-009
1.0611500E-002   2.4560880E-009
1.1111700E-002   2.2209290E-009
1.1635300E-002   2.0029200E-009
1.2183700E-002   1.7534870E-009
1.2757900E-002   1.5646500E-009
1.3359100E-002   1.4006880E-009
1.3988700E-002   1.2140100E-009
1.4648000E-002   1.0707870E-009
1.5338400E-002   9.5606600E-010
1.6061200E-002   8.5249702E-010
1.6818200E-002   7.5493400E-010
1.7610800E-002   6.6543700E-010
1.8440800E-002   5.7859700E-010
1.9309800E-002   5.0462701E-010
2.0219900E-002   4.5026199E-010
2.1172800E-002   3.9366099E-010
2.2170700E-002   3.5581099E-010
2.3215500E-002   3.1094499E-010
 31
 1   2   3   4
 xy
 100
1.0133900E-003   6.9408500E-008
1.0611500E-003   6.7082400E-008
1.1111700E-003   6.5487600E-008
1.1635300E-003   6.3685300E-008
1.2183700E-003   6.2205200E-008
1.2757900E-003   6.0165900E-008
1.3359100E-003   5.8132200E-008
1.3988700E-003   5.6892800E-008
1.4648000E-003   5.4953800E-008
1.5338400E-003   5.2414900E-008
1.6061200E-003   5.0633000E-008
1.6818200E-003   4.9125500E-008
1.7610800E-003   4.6692000E-008
1.8440800E-003   4.5054000E-008
1.9309800E-003   4.3123000E-008
2.0219900E-003   4.1265900E-008
2.1172800E-003   3.9294700E-008
2.2170700E-003   3.7144300E-008
2.3215500E-003   3.5183696E-008
2.4309700E-003   3.3566900E-008
2.5455300E-003   3.1800873E-008
2.6655000E-003   3.0115400E-008
2.7911200E-003   2.8802900E-008
2.9226600E-003   2.6966400E-008
3.0604000E-003   2.5145000E-008
3.2046400E-003   2.3739900E-008
3.3556700E-003   2.1951459E-008
3.5138100E-003   2.0657000E-008
3.6794100E-003   1.9400140E-008
3.8528200E-003   1.8068700E-008
4.0344000E-003   1.6942600E-008
4.2245300E-003   1.5680000E-008
4.4236300E-003   1.4502700E-008
4.6321100E-003   1.3424100E-008
4.8504100E-003   1.2508100E-008
5.0790100E-003   1.1568600E-008
5.3183700E-003   1.0427600E-008
5.5690200E-003   9.6373500E-009
5.8314800E-003   8.9718400E-009
6.1063100E-003   8.2617708E-009
6.3940900E-003   7.4760800E-009
6.6954300E-003   6.8399000E-009
7.0109800E-003   6.3075700E-009
7.3414000E-003   5.6486500E-009
7.6873900E-003   5.2128248E-009
8.0496800E-003   4.6589999E-009
8.4290500E-003   4.2110488E-009
8.8263000E-003   3.7829700E-009
9.2422700E-003   3.4743000E-009
9.6778500E-003   3.1354239E-009
1.0133900E-002   2.8187000E-009
1.0611500E-002   2.5347900E-009
1.1111700E-002   2.2209290E-009
1.1635300E-002   2.0273589E-009
1.2183700E-002   1.8251100E-009
1.2757900E-002   1.6392080E-009
1.3359100E-002   1.4325100E-009
1.3988700E-002   1.2556400E-009
1.4648000E-002   1.1207399E-009
1.5338400E-002   9.8308806E-010
1.6061200E-002   8.5449098E-010
1.6818200E-002   7.6370699E-010
1.7610800E-002   6.6340999E-010
1.8440800E-002   5.6555599E-010
1.9309800E-002   4.8213500E-010
2.0219900E-002   4.2049600E-010
2.1172800E-002   3.5039199E-010
2.2170700E-002   2.9870800E-010
2.3215500E-002   2.4890801E-010
 32
 1   2   3   4
 xy
 100
1.0133900E-003   7.1041200E-008
1.0611500E-003   6.9177700E-008
1.1111700E-003   6.7655900E-008
1.1635300E-003   6.6168400E-008
1.2183700E-003   6.3909000E-008
1.2757900E-003   6.1655000E-008
1.3359100E-003   6.0108800E-008
1.3988700E-003   5.8313200E-008
1.4648000E-003   5.5934500E-008
1.5338400E-003   5.4141000E-008
1.6061200E-003   5.2297100E-008
1.6818200E-003   4.9963200E-008
1.7610800E-003   4.8281000E-008
1.8440800E-003   4.6574900E-008
1.9309800E-003   4.3697000E-008
2.0219900E-003   4.2318300E-008
2.1172800E-003   4.0232100E-008
2.2170700E-003   3.8170500E-008
2.3215500E-003   3.6399000E-008
2.4309700E-003   3.4598200E-008
2.5455300E-003   3.2723400E-008
2.6655000E-003   3.0839100E-008
2.7911200E-003   2.8837500E-008
2.9226600E-003   2.7173549E-008
3.0604000E-003   2.5690700E-008
3.2046400E-003   2.4175200E-008
3.3556700E-003   2.2799700E-008
3.5138100E-003   2.1278300E-008
3.6794100E-003   2.0064993E-008
3.8528200E-003   1.8419200E-008
4.0344000E-003   1.7145800E-008
4.2245300E-003   1.5965000E-008
4.4236300E-003   1.4824600E-008
4.6321100E-003   1.3597600E-008
4.8504100E-003   1.2610700E-008
5.0790100E-003   1.1605600E-008
5.3183700E-003   1.0817984E-008
5.5690200E-003   9.8883071E-009
5.8314800E-003   8.9613100E-009
6.1063100E-003   8.2617708E-009
6.3940900E-003   7.5517699E-009
6.6954300E-003   6.8086200E-009
7.0109800E-003   6.0882700E-009
7.3414000E-003   5.5700200E-009
7.6873900E-003   5.0400990E-009
8.0496800E-003   4.6069619E-009
8.4290500E-003   4.1928900E-009
8.8263000E-003   3.7636552E-009
9.2422700E-003   3.4790719E-009
9.6778500E-003   3.1178200E-009
1.0133900E-002   2.8104801E-009
1.0611500E-002   2.4890840E-009
1.1111700E-002   2.2209290E-009
1.1635300E-002   2.0064990E-009
1.2183700E-002   1.7732930E-009
1.2757900E-002   1.5929700E-009
1.3359100E-002   1.4165100E-009
1.3988700E-002   1.2560590E-009
1.4648000E-002   1.1243100E-009
1.5338400E-002   9.9999997E-010
1.6061200E-002   8.9226698E-010
1.6818200E-002   7.8987999E-010
1.7610800E-002   7.0596101E-010
1.8440800E-002   6.1955402E-010
1.9309800E-002   5.4034799E-010
2.0219900E-002   4.8186699E-010
2.1172800E-002   4.2723600E-010
2.2170700E-002   3.8384701E-010
2.3215500E-002   3.4249401E-010
 33
 1   2   3   4
 xy
 100
1.0133900E-003   6.7030200E-008
1.0611500E-003   6.5813000E-008
1.1111700E-003   6.4424600E-008
1.1635300E-003   6.2752900E-008
1.2183700E-003   6.1001900E-008
1.2757900E-003   5.9634000E-008
1.3359100E-003   5.8050100E-008
1.3988700E-003   5.6488400E-008
1.4648000E-003   5.4353200E-008
1.5338400E-003   5.2613800E-008
1.6061200E-003   5.0711700E-008
1.6818200E-003   4.8593600E-008
1.7610800E-003   4.6914600E-008
1.8440800E-003   4.5014200E-008
1.9309800E-003   4.3205200E-008
2.0219900E-003   4.1253900E-008
2.1172800E-003   3.9501300E-008
2.2170700E-003   3.7921600E-008
2.3215500E-003   3.5737400E-008
2.4309700E-003   3.4017887E-008
2.5455300E-003   3.2066900E-008
2.6655000E-003   3.0680100E-008
2.7911200E-003   2.8843800E-008
2.9226600E-003   2.7530000E-008
3.0604000E-003   2.5930500E-008
3.2046400E-003   2.4010700E-008
3.3556700E-003   2.2731000E-008
3.5138100E-003   2.1450600E-008
3.6794100E-003   1.9946100E-008
3.8528200E-003   1.8489600E-008
4.0344000E-003   1.7135400E-008
4.2245300E-003   1.6087600E-008
4.4236300E-003   1.4820700E-008
4.6321100E-003   1.3773900E-008
4.8504100E-003   1.2724100E-008
5.0790100E-003   1.1810400E-008
5.3183700E-003   1.0741100E-008
5.5690200E-003   9.9592300E-009
5.8314800E-003   9.0730200E-009
6.1063100E-003   8.3409200E-009
6.3940900E-003   7.6383100E-009
6.6954300E-003   7.0015800E-009
7.0109800E-003   6.3808430E-009
7.3414000E-003   5.8934599E-009
7.6873900E-003   5.3348000E-009
8.0496800E-003   4.8730948E-009
8.4290500E-003   4.4037500E-009
8.8263000E-003   3.9765700E-009
9.2422700E-003   3.5421400E-009
9.6778500E-003   3.2110100E-009
1.0133900E-002   2.8539451E-009
1.0611500E-002   2.5464819E-009
1.1111700E-002   2.2635600E-009
1.1635300E-002   2.0064990E-009
1.2183700E-002   1.7732930E-009
1.2757900E-002   1.6140640E-009
1.3359100E-002   1.4486899E-009
1.3988700E-002   1.2850230E-009
1.4648000E-002   1.1465840E-009
1.5338400E-002   1.0063800E-009
1.6061200E-002   8.8377400E-010
1.6818200E-002   7.7426399E-010
1.7610800E-002   6.8256900E-010
1.8440800E-002   5.9948402E-010
1.9309800E-002   5.2302002E-010
2.0219900E-002   4.5046200E-010
2.1172800E-002   3.8926401E-010
2.2170700E-002   3.3568001E-010
2.3215500E-002   2.8304301E-010
 34
 1   2   3   4
 xy
 100
1.0133900E-003   6.8309400E-008
1.0611500E-003   6.7152100E-008
1.1111700E-003   6.5601900E-008
1.1635300E-003   6.3576000E-008
1.2183700E-003   6.2237100E-008
1.2757900E-003   6.0765800E-008
1.3359100E-003   5.8621700E-008
1.3988700E-003   5.6854900E-008
1.4648000E-003   5.5629000E-008
1.5338400E-003   5.3334300E-008
1.6061200E-003   5.1166600E-008
1.6818200E-003   4.9749200E-008
1.7610800E-003   4.7708200E-008
1.8440800E-003   4.5756800E-008
1.9309800E-003   4.4170200E-008
2.0219900E-003   4.2071600E-008
2.1172800E-003   4.0459800E-008
2.2170700E-003   3.8211900E-008
2.3215500E-003   3.6823600E-008
2.4309700E-003   3.4728500E-008
2.5455300E-003   3.3019200E-008
2.6655000E-003   3.1441400E-008
2.7911200E-003   2.9585900E-008
2.9226600E-003   2.7616100E-008
3.0604000E-003   2.6079300E-008
3.2046400E-003   2.4392000E-008
3.3556700E-003   2.3000300E-008
3.5138100E-003   2.1464700E-008
3.6794100E-003   2.0292900E-008
3.8528200E-003   1.9183455E-008
4.0344000E-003   1.7566900E-008
4.2245300E-003   1.6287600E-008
4.4236300E-003   1.4856500E-008
4.6321100E-003   1.3815900E-008
4.8504100E-003   1.2708600E-008
5.0790100E-003   1.1843700E-008
5.3183700E-003   1.0927400E-008
5.5690200E-003   1.0053400E-008
5.8314800E-003   9.0881700E-009
6.1063100E-003   8.5358800E-009
6.3940900E-003   7.7245600E-009
6.6954300E-003   7.0596058E-009
7.0109800E-003   6.3227600E-009
7.3414000E-003   5.8063600E-009
7.6873900E-003   5.2128248E-009
8.0496800E-003   4.6659400E-009
8.4290500E-003   4.2142500E-009
8.8263000E-003   3.8926369E-009
9.2422700E-003   3.5009500E-009
9.6778500E-003   3.1811400E-009
1.0133900E-002   2.8743301E-009
1.0611500E-002   2.5661100E-009
1.1111700E-002   2.2721429E-009
1.1635300E-002   2.0391700E-009
1.2183700E-002   1.8340650E-009
1.2757900E-002   1.6472090E-009
1.3359100E-002   1.4705770E-009
1.3988700E-002   1.3166810E-009
1.4648000E-002   1.1721020E-009
1.5338400E-002   1.0346140E-009
1.6061200E-002   9.0874402E-010
1.6818200E-002   8.0629398E-010
1.7610800E-002   7.1539402E-010
1.8440800E-002   6.2719502E-010
1.9309800E-002   5.5648602E-010
2.0219900E-002   4.8207799E-010
2.1172800E-002   4.2772899E-010
2.2170700E-002   3.7499501E-010
2.3215500E-002   3.2876299E-010
 35
 1   2   3   4
 xy
 100
1.0133900E-003   6.9093000E-008
1.0611500E-003   6.7222700E-008
1.1111700E-003   6.5359600E-008
1.1635300E-003   6.4130400E-008
1.2183700E-003   6.2616700E-008
1.2757900E-003   6.0881800E-008
1.3359100E-003   5.8838800E-008
1.3988700E-003   5.7456700E-008
1.4648000E-003   5.5632700E-008
1.5338400E-003   5.3549700E-008
1.6061200E-003   5.1738600E-008
1.6818200E-003   4.9900900E-008
1.7610800E-003   4.7842400E-008
1.8440800E-003   4.6136400E-008
1.9309800E-003   4.4070000E-008
2.0219900E-003   4.2286300E-008
2.1172800E-003   4.0557300E-008
2.2170700E-003   3.8393000E-008
2.3215500E-003   3.6736800E-008
2.4309700E-003   3.4622900E-008
2.5455300E-003   3.3106600E-008
2.6655000E-003   3.1247800E-008
2.7911200E-003   2.9455100E-008
2.9226600E-003   2.7851900E-008
3.0604000E-003   2.6213369E-008
3.2046400E-003   2.4829100E-008
3.3556700E-003   2.3218700E-008
3.5138100E-003   2.1594700E-008
3.6794100E-003   2.0122600E-008
3.8528200E-003   1.8813900E-008
4.0344000E-003   1.7477200E-008
4.2245300E-003   1.6435900E-008
4.4236300E-003   1.5153400E-008
4.6321100E-003   1.4007200E-008
4.8504100E-003   1.3086100E-008
5.0790100E-003   1.2047335E-008
5.3183700E-003   1.1008900E-008
5.5690200E-003   1.0082800E-008
5.8314800E-003   9.1972430E-009
6.1063100E-003   8.4361247E-009
6.3940900E-003   7.7194300E-009
6.6954300E-003   7.0017100E-009
7.0109800E-003   6.4337600E-009
7.3414000E-003   5.8439400E-009
7.6873900E-003   5.3285700E-009
8.0496800E-003   4.7771800E-009
8.4290500E-003   4.4134998E-009
8.8263000E-003   3.9217800E-009
9.2422700E-003   3.5512300E-009
9.6778500E-003   3.1692000E-009
1.0133900E-002   2.8539451E-009
1.0611500E-002   2.5447000E-009
1.1111700E-002   2.2621500E-009
1.1635300E-002   2.0504090E-009
1.2183700E-002   1.8296900E-009
1.2757900E-002   1.6512840E-009
1.3359100E-002   1.4830660E-009
1.3988700E-002   1.3146551E-009
1.4648000E-002   1.1569270E-009
1.5338400E-002   1.0267800E-009
1.6061200E-002   9.0250901E-010
1.6818200E-002   7.9614099E-010
1.7610800E-002   7.0403899E-010
1.8440800E-002   6.1183703E-010
1.9309800E-002   5.4034799E-010
2.0219900E-002   4.7728799E-010
2.1172800E-002   4.1928400E-010
2.2170700E-002   3.6046099E-010
2.3215500E-002   3.1985301E-010
 36
 1   2   3   4
 xy
 100
1.0133900E-003   6.9970700E-008
1.0611500E-003   6.8584600E-008
1.1111700E-003   6.7487900E-008
1.1635300E-003   6.5336800E-008
1.2183700E-003   6.3225600E-008
1.2757900E-003   6.1832500E-008
1.3359100E-003   6.0160900E-008
1.3988700E-003   5.8238300E-008
1.4648000E-003   5.6167800E-008
1.5338400E-003   5.4355700E-008
1.6061200E-003   5.2457300E-008
1.6818200E-003   5.0316100E-008
1.7610800E-003   4.8776600E-008
1.8440800E-003   4.6721100E-008
1.9309800E-003   4.4582000E-008
2.0219900E-003   4.3164100E-008
2.1172800E-003   4.1702695E-008
2.2170700E-003   3.9252800E-008
2.3215500E-003   3.7840785E-008
2.4309700E-003   3.5526100E-008
2.5455300E-003   3.3587400E-008
2.6655000E-003   3.2181300E-008
2.7911200E-003   2.9856500E-008
2.9226600E-003   2.8252600E-008
3.0604000E-003   2.6482100E-008
3.2046400E-003   2.4835687E-008
3.3556700E-003   2.3212400E-008
3.5138100E-003   2.1778900E-008
3.6794100E-003   2.0262300E-008
3.8528200E-003   1.9012600E-008
4.0344000E-003   1.7735600E-008
4.2245300E-003   1.6410300E-008
4.4236300E-003   1.5144000E-008
4.6321100E-003   1.3812300E-008
4.8504100E-003   1.2806500E-008
5.0790100E-003   1.1916000E-008
5.3183700E-003   1.0840500E-008
5.5690200E-003   9.8438900E-009
5.8314800E-003   9.1965500E-009
6.1063100E-003   8.4222400E-009
6.3940900E-003   7.6208700E-009
6.6954300E-003   6.8758000E-009
7.0109800E-003   6.3027641E-009
7.3414000E-003   5.7609900E-009
7.6873900E-003   5.1894711E-009
8.0496800E-003   4.7126729E-009
8.4290500E-003   4.3019299E-009
8.8263000E-003   3.8771368E-009
9.2422700E-003   3.4508400E-009
9.6778500E-003   3.0905100E-009
1.0133900E-002   2.7087400E-009
1.0611500E-002   2.4370801E-009
1.1111700E-002   2.1470500E-009
1.1635300E-002   1.8933359E-009
1.2183700E-002   1.6685800E-009
1.2757900E-002   1.4733870E-009
1.3359100E-002   1.3146551E-009
1.3988700E-002   1.1569270E-009
1.4648000E-002   1.0101500E-009
1.5338400E-002   8.6101300E-010
1.6061200E-002   7.4351098E-010
1.6818200E-002   6.5727200E-010
1.7610800E-002   5.7968103E-010
1.8440800E-002   5.0740500E-010
1.9309800E-002   4.5026199E-010
2.0219900E-002   3.9724801E-010
2.1172800E-002   3.4522399E-010
2.2170700E-002   2.9870800E-010
2.3215500E-002   2.5792199E-010
 37
 1   2   3   4
 xy
 100
1.0133900E-003   6.8335400E-008
1.0611500E-003   6.7356400E-008
1.1111700E-003   6.5295700E-008
1.1635300E-003   6.3576500E-008
1.2183700E-003   6.2225600E-008
1.2757900E-003   6.0823100E-008
1.3359100E-003   5.9122200E-008
1.3988700E-003   5.7175700E-008
1.4648000E-003   5.5894700E-008
1.5338400E-003   5.4169700E-008
1.6061200E-003   5.1809300E-008
1.6818200E-003   5.0095400E-008
1.7610800E-003   4.8316400E-008
1.8440800E-003   4.6006700E-008
1.9309800E-003   4.4683300E-008
2.0219900E-003   4.2575400E-008
2.1172800E-003   4.0985100E-008
2.2170700E-003   3.8951800E-008
2.3215500E-003   3.7123600E-008
2.4309700E-003   3.5015300E-008
2.5455300E-003   3.3590900E-008
2.6655000E-003   3.1492400E-008
2.7911200E-003   3.0009600E-008
2.9226600E-003   2.8578373E-008
3.0604000E-003   2.6540000E-008
3.2046400E-003   2.4954400E-008
3.3556700E-003   2.3310500E-008
3.5138100E-003   2.2038600E-008
3.6794100E-003   2.0467500E-008
3.8528200E-003   1.9073800E-008
4.0344000E-003   1.7621500E-008
4.2245300E-003   1.6450100E-008
4.4236300E-003   1.5198300E-008
4.6321100E-003   1.4128300E-008
4.8504100E-003   1.3182100E-008
5.0790100E-003   1.2119100E-008
5.3183700E-003   1.0969500E-008
5.5690200E-003   1.0172300E-008
5.8314800E-003   9.2616000E-009
6.1063100E-003   8.6202858E-009
6.3940900E-003   7.8219982E-009
6.6954300E-003   7.1908300E-009
7.0109800E-003   6.5166100E-009
7.3414000E-003   5.9715131E-009
7.6873900E-003   5.3603251E-009
8.0496800E-003   4.8639279E-009
8.4290500E-003   4.3980400E-009
8.8263000E-003   4.0047841E-009
9.2422700E-003   3.5948919E-009
9.6778500E-003   3.2289500E-009
1.0133900E-002   2.9916600E-009
1.0611500E-002   2.6858009E-009
1.1111700E-002   2.4356600E-009
1.1635300E-002   2.1708690E-009
1.2183700E-002   1.9248700E-009
1.2757900E-002   1.6893620E-009
1.3359100E-002   1.5073630E-009
1.3988700E-002   1.3449710E-009
1.4648000E-002   1.2000740E-009
1.5338400E-002   1.0751500E-009
1.6061200E-002   9.5542796E-010
1.6818200E-002   8.5507601E-010
1.7610800E-002   7.6755802E-010
1.8440800E-002   6.8159900E-010
1.9309800E-002   6.1183703E-010
2.0219900E-002   5.3971599E-010
2.1172800E-002   4.7544102E-010
2.2170700E-002   4.1882001E-010
2.3215500E-002   3.6053399E-010
 38
 1   2   3   4
 xy
 100
1.0133900E-003   6.8065100E-008
1.0611500E-003   6.6310400E-008
1.1111700E-003   6.4903500E-008
1.1635300E-003   6.3738300E-008
1.2183700E-003   6.2239800E-008
1.2757900E-003   6.0611100E-008
1.3359100E-003   5.8984600E-008
1.3988700E-003   5.7339500E-008
1.4648000E-003   5.5658700E-008
1.5338400E-003   5.3463800E-008
1.6061200E-003   5.2239300E-008
1.6818200E-003   5.0169900E-008
1.7610800E-003   4.8215500E-008
1.8440800E-003   4.6500400E-008
1.9309800E-003   4.4460900E-008
2.0219900E-003   4.2797600E-008
2.1172800E-003   4.1010200E-008
2.2170700E-003   3.9071500E-008
2.3215500E-003   3.7485700E-008
2.4309700E-003   3.5231600E-008
2.5455300E-003   3.3662600E-008
2.6655000E-003   3.1796600E-008
2.7911200E-003   3.0277900E-008
2.9226600E-003   2.8496500E-008
3.0604000E-003   2.6672800E-008
3.2046400E-003   2.5313300E-008
3.3556700E-003   2.3449400E-008
3.5138100E-003   2.2058600E-008
3.6794100E-003   2.0802200E-008
3.8528200E-003   1.9318700E-008
4.0344000E-003   1.7985800E-008
4.2245300E-003   1.6715000E-008
4.4236300E-003   1.5514100E-008
4.6321100E-003   1.4337900E-008
4.8504100E-003   1.3275200E-008
5.0790100E-003   1.2334400E-008
5.3183700E-003   1.1192600E-008
5.5690200E-003   1.0341167E-008
5.8314800E-003   9.3987400E-009
6.1063100E-003   8.6702100E-009
6.3940900E-003   7.9417600E-009
6.6954300E-003   7.2197700E-009
7.0109800E-003   6.5079100E-009
7.3414000E-003   5.8329000E-009
7.6873900E-003   5.3664300E-009
8.0496800E-003   4.8151700E-009
8.4290500E-003   4.3166800E-009
8.8263000E-003   3.8540800E-009
9.2422700E-003   3.4551300E-009
9.6778500E-003   3.0753400E-009
1.0133900E-002   2.7825591E-009
1.0611500E-002   2.5424500E-009
1.1111700E-002   2.2783260E-009
1.1635300E-002   2.0286200E-009
1.2183700E-002   1.8289600E-009
1.2757900E-002   1.6389640E-009
1.3359100E-002   1.4331490E-009
1.3988700E-002   1.2560590E-009
1.4648000E-002   1.1092590E-009
1.5338400E-002   9.7188200E-010
1.6061200E-002   8.7215601E-010
1.6818200E-002   7.7819601E-010
1.7610800E-002   6.6891300E-010
1.8440800E-002   5.7937899E-010
1.9309800E-002   4.9693100E-010
2.0219900E-002   4.3359699E-010
2.1172800E-002   3.7185199E-010
2.2170700E-002   3.1893599E-010
2.3215500E-002   2.6437599E-010
 39
 1   2   3   4
 xy
 100
1.0133900E-003   6.8489800E-008
1.0611500E-003   6.7173300E-008
1.1111700E-003   6.6304600E-008
1.1635300E-003   6.4571100E-008
1.2183700E-003   6.2654700E-008
1.2757900E-003   6.1118600E-008
1.3359100E-003   5.9748400E-008
1.3988700E-003   5.7462800E-008
1.4648000E-003   5.5663600E-008
1.5338400E-003   5.3678619E-008
1.6061200E-003   5.2296100E-008
1.6818200E-003   5.0551900E-008
1.7610800E-003   4.9104600E-008
1.8440800E-003   4.6671000E-008
1.9309800E-003   4.4777800E-008
2.0219900E-003   4.3354100E-008
2.1172800E-003   4.1082400E-008
2.2170700E-003   3.9440200E-008
2.3215500E-003   3.8146698E-008
2.4309700E-003   3.5941000E-008
2.5455300E-003   3.3778300E-008
2.6655000E-003   3.2280600E-008
2.7911200E-003   3.0369300E-008
2.9226600E-003   2.8728000E-008
3.0604000E-003   2.7112400E-008
3.2046400E-003   2.5360100E-008
3.3556700E-003   2.3864900E-008
3.5138100E-003   2.2562700E-008
3.6794100E-003   2.1030000E-008
3.8528200E-003   1.9583000E-008
4.0344000E-003   1.8347469E-008
4.2245300E-003   1.6896300E-008
4.4236300E-003   1.5576900E-008
4.6321100E-003   1.4248800E-008
4.8504100E-003   1.3290600E-008
5.0790100E-003   1.2145000E-008
5.3183700E-003   1.1383100E-008
5.5690200E-003   1.0341167E-008
5.8314800E-003   9.3943300E-009
6.1063100E-003   8.7176080E-009
6.3940900E-003   7.9070270E-009
6.6954300E-003   7.2172600E-009
7.0109800E-003   6.5891700E-009
7.3414000E-003   5.9278800E-009
7.6873900E-003   5.2295700E-009
8.0496800E-003   4.7092100E-009
8.4290500E-003   4.2576200E-009
8.8263000E-003   3.8557600E-009
9.2422700E-003   3.4485400E-009
9.6778500E-003   3.0532910E-009
1.0133900E-002   2.7267391E-009
1.0611500E-002   2.4513420E-009
1.1111700E-002   2.1435120E-009
1.1635300E-002   1.9206301E-009
1.2183700E-002   1.7000500E-009
1.2757900E-002   1.5073630E-009
1.3359100E-002   1.3449710E-009
1.3988700E-002   1.2081450E-009
1.4648000E-002   1.0931300E-009
1.5338400E-002   9.6996300E-010
1.6061200E-002   8.6053800E-010
1.6818200E-002   7.7819601E-010
1.7610800E-002   6.9435901E-010
1.8440800E-002   6.0525100E-010
1.9309800E-002   5.2816801E-010
2.0219900E-002   4.6064499E-010
2.1172800E-002   4.0175399E-010
2.2170700E-002   3.4249401E-010
2.3215500E-002   2.8893000E-010
 40
 1   2   3   4
 xy
 100
1.0133900E-003   7.0931100E-008
1.0611500E-003   6.9568400E-008
1.1111700E-003   6.7450700E-008
1.1635300E-003   6.5757100E-008
1.2183700E-003   6.4466900E-008
1.2757900E-003   6.2737100E-008
1.3359100E-003   6.0900200E-008
1.3988700E-003   5.8833800E-008
1.4648000E-003   5.7634800E-008
1.5338400E-003   5.5300800E-008
1.6061200E-003   5.3261700E-008
1.6818200E-003   5.1833400E-008
1.7610800E-003   5.0200100E-008
1.8440800E-003   4.7564800E-008
1.9309800E-003   4.6076400E-008
2.0219900E-003   4.3749800E-008
2.1172800E-003   4.2206900E-008
2.2170700E-003   3.9895000E-008
2.3215500E-003   3.8222400E-008
2.4309700E-003   3.6122100E-008
2.5455300E-003   3.4479500E-008
2.6655000E-003   3.2677700E-008
2.7911200E-003   3.0979700E-008
2.9226600E-003   2.8936500E-008
3.0604000E-003   2.7252900E-008
3.2046400E-003   2.5662100E-008
3.3556700E-003   2.4063500E-008
3.5138100E-003   2.2590700E-008
3.6794100E-003   2.1084000E-008
3.8528200E-003   1.9740776E-008
4.0344000E-003   1.8265900E-008
4.2245300E-003   1.6799600E-008
4.4236300E-003   1.5644000E-008
4.6321100E-003   1.4460800E-008
4.8504100E-003   1.3304800E-008
5.0790100E-003   1.2404000E-008
5.3183700E-003   1.1279300E-008
5.5690200E-003   1.0324700E-008
5.8314800E-003   9.5875500E-009
6.1063100E-003   8.8246068E-009
6.3940900E-003   7.9608300E-009
6.6954300E-003   7.2598421E-009
7.0109800E-003   6.5848069E-009
7.3414000E-003   6.0458438E-009
7.6873900E-003   5.3882200E-009
8.0496800E-003   4.8049100E-009
8.4290500E-003   4.3472500E-009
8.8263000E-003   3.8758100E-009
9.2422700E-003   3.5002500E-009
9.6778500E-003   3.1671030E-009
1.0133900E-002   2.8427900E-009
1.0611500E-002   2.5464819E-009
1.1111700E-002   2.2670400E-009
1.1635300E-002   2.0414270E-009
1.2183700E-002   1.8070100E-009
1.2757900E-002   1.6140640E-009
1.3359100E-002   1.4366810E-009
1.3988700E-002   1.2486669E-009
1.4648000E-002   1.0980170E-009
1.5338400E-002   9.4658403E-010
1.6061200E-002   8.2999200E-010
1.6818200E-002   7.2675199E-010
1.7610800E-002   6.3384098E-010
1.8440800E-002   5.4034799E-010
1.9309800E-002   4.7126703E-010
2.0219900E-002   4.0105100E-010
2.1172800E-002   3.4249401E-010
2.2170700E-002   2.8539399E-010
2.3215500E-002   2.3781399E-010
 41
 1   2   3   4
 xy
 100
1.0133900E-003   6.7721800E-008
1.0611500E-003   6.6703500E-008
1.1111700E-003   6.4969300E-008
1.1635300E-003   6.3737200E-008
1.2183700E-003   6.2608000E-008
1.2757900E-003   6.1353800E-008
1.3359100E-003   5.9185100E-008
1.3988700E-003   5.7578700E-008
1.4648000E-003   5.6151700E-008
1.5338400E-003   5.3928000E-008
1.6061200E-003   5.2144400E-008
1.6818200E-003   5.0667800E-008
1.7610800E-003   4.8799300E-008
1.8440800E-003   4.6856100E-008
1.9309800E-003   4.4702428E-008
2.0219900E-003   4.2986600E-008
2.1172800E-003   4.1043560E-008
2.2170700E-003   3.9463500E-008
2.3215500E-003   3.7576000E-008
2.4309700E-003   3.5847400E-008
2.5455300E-003   3.4431000E-008
2.6655000E-003   3.2822700E-008
2.7911200E-003   3.1328900E-008
2.9226600E-003   2.9268000E-008
3.0604000E-003   2.7513100E-008
3.2046400E-003   2.5817878E-008
3.3556700E-003   2.4071100E-008
3.5138100E-003   2.2786500E-008
3.6794100E-003   2.1229900E-008
3.8528200E-003   1.9773400E-008
4.0344000E-003   1.8210700E-008
4.2245300E-003   1.6808700E-008
4.4236300E-003   1.5743000E-008
4.6321100E-003   1.4432300E-008
4.8504100E-003   1.3234900E-008
5.0790100E-003   1.1971421E-008
5.3183700E-003   1.0936600E-008
5.5690200E-003   1.0004000E-008
5.8314800E-003   9.3396800E-009
6.1063100E-003   8.6707600E-009
6.3940900E-003   8.0040774E-009
6.6954300E-003   7.2957500E-009
7.0109800E-003   6.5946000E-009
7.3414000E-003   6.1200498E-009
7.6873900E-003   5.5280789E-009
8.0496800E-003   4.9574300E-009
8.4290500E-003   4.4011319E-009
8.8263000E-003   3.8844400E-009
9.2422700E-003   3.5253300E-009
9.6778500E-003   3.0605300E-009
1.0133900E-002   2.7896170E-009
1.0611500E-002   2.4925200E-009
1.1111700E-002   2.2369300E-009
1.1635300E-002   1.9369959E-009
1.2183700E-002   1.6893620E-009
1.2757900E-002   1.4733870E-009
1.3359100E-002   1.2998920E-009
1.3988700E-002   1.1366560E-009
1.4648000E-002   9.8186803E-010
1.5338400E-002   8.5856799E-010
1.6061200E-002   7.2481400E-010
1.6818200E-002   6.1955402E-010
1.7610800E-002   5.4034799E-010
1.8440800E-002   4.7126703E-010
1.9309800E-002   4.0175399E-010
2.0219900E-002   3.4657400E-010
2.1172800E-002   3.0070799E-010
2.2170700E-002   2.5975799E-010
2.3215500E-002   2.2438500E-010
