 41
 Wed Sep 04 11:11:25 2019
 1
 1   2   3   4
 xy
 100
1.0133900E-003   5.5741797E-008
1.0611500E-003   5.4548178E-008
1.1111700E-003   5.1674764E-008
1.1635300E-003   5.0568232E-008
1.2183700E-003   4.8425754E-008
1.2757900E-003   4.6878675E-008
1.3359100E-003   4.5874845E-008
1.3988700E-003   4.4409262E-008
1.4648000E-003   4.2527724E-008
1.5338400E-003   4.0725904E-008
1.6061200E-003   3.9424815E-008
1.6818200E-003   3.7477491E-008
1.7610800E-003   3.5981800E-008
1.8440800E-003   3.4733400E-008
1.9309800E-003   3.2842500E-008
2.0219900E-003   3.1537628E-008
2.1172800E-003   3.0533563E-008
2.2170700E-003   2.9058600E-008
2.3215500E-003   2.7709135E-008
2.4309700E-003   2.5972868E-008
2.5455300E-003   2.4824002E-008
2.6655000E-003   2.3678760E-008
2.7911200E-003   2.2586354E-008
2.9226600E-003   2.1544347E-008
3.0604000E-003   2.0170700E-008
3.2046400E-003   1.8886249E-008
3.3556700E-003   1.7891384E-008
3.5138100E-003   1.6735700E-008
3.6794100E-003   1.5814782E-008
3.8528200E-003   1.4823822E-008
4.0344000E-003   1.3745904E-008
4.2245300E-003   1.2884580E-008
4.4236300E-003   1.1947674E-008
4.6321100E-003   1.1034400E-008
4.8504100E-003   1.0374000E-008
5.0790100E-003   9.7656900E-009
5.3183700E-003   9.1434800E-009
5.5690200E-003   8.3894600E-009
5.8314800E-003   7.8952500E-009
6.1063100E-003   7.2700681E-009
6.3940900E-003   6.6147412E-009
6.6954300E-003   6.1882681E-009
7.0109800E-003   5.7408260E-009
7.3414000E-003   5.2233449E-009
7.6873900E-003   4.8660831E-009
8.0496800E-003   4.4391100E-009
8.4290500E-003   4.1436000E-009
8.8263000E-003   3.7855600E-009
9.2422700E-003   3.4613790E-009
9.6778500E-003   3.1122500E-009
1.0133900E-002   2.8267151E-009
1.0611500E-002   2.5118860E-009
1.1111700E-002   2.2321220E-009
1.1635300E-002   1.9940760E-009
1.2183700E-002   1.7823411E-009
1.2757900E-002   1.5974770E-009
1.3359100E-002   1.4317870E-009
1.3988700E-002   1.2677640E-009
1.4648000E-002   1.1225310E-009
1.5338400E-002   1.0061020E-009
1.6061200E-002   8.8007102E-010
1.6818200E-002   7.6982798E-010
1.7610800E-002   6.8163802E-010
1.8440800E-002   6.1093802E-010
1.9309800E-002   5.2794602E-010
2.0219900E-002   4.6181201E-010
2.1172800E-002   4.0890699E-010
2.2170700E-002   3.5335901E-010
2.3215500E-002   3.0909500E-010
 2
 1   2   3   4
 xy
 100
1.0133900E-003   5.9078378E-008
1.0611500E-003   5.6543275E-008
1.1111700E-003   5.5316811E-008
1.1635300E-003   5.2943118E-008
1.2183700E-003   5.0671282E-008
1.2757900E-003   4.8206400E-008
1.3359100E-003   4.6563500E-008
1.3988700E-003   4.5409095E-008
1.4648000E-003   4.3143900E-008
1.5338400E-003   4.1911000E-008
1.6061200E-003   4.0049700E-008
1.6818200E-003   3.8232700E-008
1.7610800E-003   3.6975700E-008
1.8440800E-003   3.5175200E-008
1.9309800E-003   3.3227600E-008
2.0219900E-003   3.2227300E-008
2.1172800E-003   3.0764800E-008
2.2170700E-003   2.9279400E-008
2.3215500E-003   2.7426600E-008
2.4309700E-003   2.6321300E-008
2.5455300E-003   2.5118863E-008
2.6655000E-003   2.3628200E-008
2.7911200E-003   2.2098400E-008
2.9226600E-003   2.0772900E-008
3.0604000E-003   1.9829300E-008
3.2046400E-003   1.8532600E-008
3.3556700E-003   1.7320600E-008
3.5138100E-003   1.6389900E-008
3.6794100E-003   1.5326000E-008
3.8528200E-003   1.4388700E-008
4.0344000E-003   1.3593564E-008
4.2245300E-003   1.2541000E-008
4.4236300E-003   1.1790000E-008
4.6321100E-003   1.0934200E-008
4.8504100E-003   1.0334411E-008
5.0790100E-003   9.5747400E-009
5.3183700E-003   8.8640800E-009
5.5690200E-003   8.3909191E-009
5.8314800E-003   7.8038278E-009
6.1063100E-003   7.2700681E-009
6.3940900E-003   6.6147412E-009
6.6954300E-003   6.1623111E-009
7.0109800E-003   5.7237308E-009
7.3414000E-003   5.2233449E-009
7.6873900E-003   4.8149729E-009
8.0496800E-003   4.4274522E-009
8.4290500E-003   4.0283590E-009
8.8263000E-003   3.7528309E-009
9.2422700E-003   3.4145491E-009
9.6778500E-003   3.1067600E-009
1.0133900E-002   2.8267151E-009
1.0611500E-002   2.5719140E-009
1.1111700E-002   2.3400799E-009
1.1635300E-002   2.0847191E-009
1.2183700E-002   1.8276990E-009
1.2757900E-002   1.6037190E-009
1.3359100E-002   1.4251030E-009
1.3988700E-002   1.2368230E-009
1.4648000E-002   1.0734190E-009
1.5338400E-002   9.3906605E-010
1.6061200E-002   8.1519702E-010
1.6818200E-002   7.0766798E-010
1.7610800E-002   6.0899702E-010
1.8440800E-002   5.3328902E-010
1.9309800E-002   4.6294499E-010
2.0219900E-002   4.0249601E-010
2.1172800E-002   3.4886899E-010
2.2170700E-002   3.0764799E-010
2.3215500E-002   2.6290300E-010
 3
 1   2   3   4
 xy
 100
1.0133900E-003   5.7166666E-008
1.0611500E-003   5.5926680E-008
1.1111700E-003   5.3526819E-008
1.1635300E-003   5.1794746E-008
1.2183700E-003   5.0118722E-008
1.2757900E-003   4.7576800E-008
1.3359100E-003   4.6415888E-008
1.3988700E-003   4.4365400E-008
1.4648000E-003   4.2579500E-008
1.5338400E-003   4.1142030E-008
1.6061200E-003   3.9810718E-008
1.6818200E-003   3.7686906E-008
1.7610800E-003   3.6389300E-008
1.8440800E-003   3.4496800E-008
1.9309800E-003   3.3242600E-008
2.0219900E-003   3.1727600E-008
2.1172800E-003   3.0251000E-008
2.2170700E-003   2.8548100E-008
2.3215500E-003   2.7407800E-008
2.4309700E-003   2.5745000E-008
2.5455300E-003   2.4688500E-008
2.6655000E-003   2.3519526E-008
2.7911200E-003   2.2022020E-008
2.9226600E-003   2.0751200E-008
3.0604000E-003   1.9557500E-008
3.2046400E-003   1.8585700E-008
3.3556700E-003   1.7182400E-008
3.5138100E-003   1.6183200E-008
3.6794100E-003   1.5168840E-008
3.8528200E-003   1.4276500E-008
4.0344000E-003   1.3346000E-008
4.2245300E-003   1.2451971E-008
4.4236300E-003   1.1444800E-008
4.6321100E-003   1.0677600E-008
4.8504100E-003   1.0053700E-008
5.0790100E-003   9.3632924E-009
5.3183700E-003   8.7489100E-009
5.5690200E-003   8.0105500E-009
5.8314800E-003   7.4721800E-009
6.1063100E-003   6.9639738E-009
6.3940900E-003   6.4397900E-009
6.6954300E-003   5.8434142E-009
7.0109800E-003   5.3683000E-009
7.3414000E-003   4.8949200E-009
7.6873900E-003   4.4332800E-009
8.0496800E-003   4.0450100E-009
8.4290500E-003   3.7275938E-009
8.8263000E-003   3.3812700E-009
9.2422700E-003   3.1069100E-009
9.6778500E-003   2.8338769E-009
1.0133900E-002   2.5719140E-009
1.0611500E-002   2.3263049E-009
1.1111700E-002   2.1077040E-009
1.1635300E-002   1.9078400E-009
1.2183700E-002   1.7214620E-009
1.2757900E-002   1.5505160E-009
1.3359100E-002   1.3894950E-009
1.3988700E-002   1.2589250E-009
1.4648000E-002   1.1037160E-009
1.5338400E-002   9.9999997E-010
1.6061200E-002   8.8862401E-010
1.6818200E-002   7.8965201E-010
1.7610800E-002   7.0407502E-010
1.8440800E-002   6.0899702E-010
1.9309800E-002   5.3526800E-010
2.0219900E-002   4.5909701E-010
2.1172800E-002   3.9810699E-010
2.2170700E-002   3.4551101E-010
2.3215500E-002   2.9986300E-010
 4
 1   2   3   4
 xy
 100
1.0133900E-003   5.5605500E-008
1.0611500E-003   5.4232400E-008
1.1111700E-003   5.2499000E-008
1.1635300E-003   5.1355600E-008
1.2183700E-003   5.0481900E-008
1.2757900E-003   4.8504200E-008
1.3359100E-003   4.7158849E-008
1.3988700E-003   4.5284000E-008
1.4648000E-003   4.3745300E-008
1.5338400E-003   4.1822200E-008
1.6061200E-003   3.9894900E-008
1.6818200E-003   3.8566203E-008
1.7610800E-003   3.6965900E-008
1.8440800E-003   3.5739700E-008
1.9309800E-003   3.3707800E-008
2.0219900E-003   3.2354900E-008
2.1172800E-003   3.0643000E-008
2.2170700E-003   2.9161100E-008
2.3215500E-003   2.7776540E-008
2.4309700E-003   2.6344480E-008
2.5455300E-003   2.4986255E-008
2.6655000E-003   2.3679100E-008
2.7911200E-003   2.2547100E-008
2.9226600E-003   2.1491500E-008
3.0604000E-003   2.0104300E-008
3.2046400E-003   1.8821900E-008
3.3556700E-003   1.7675600E-008
3.5138100E-003   1.6593400E-008
3.6794100E-003   1.5523500E-008
3.8528200E-003   1.4623700E-008
4.0344000E-003   1.3608100E-008
4.2245300E-003   1.2842500E-008
4.4236300E-003   1.1805700E-008
4.6321100E-003   1.1008500E-008
4.8504100E-003   1.0377300E-008
5.0790100E-003   9.6068400E-009
5.3183700E-003   8.7075500E-009
5.5690200E-003   8.1208700E-009
5.8314800E-003   7.5791000E-009
6.1063100E-003   7.0052700E-009
6.3940900E-003   6.4603549E-009
6.6954300E-003   5.9065122E-009
7.0109800E-003   5.3574300E-009
7.3414000E-003   4.8683700E-009
7.6873900E-003   4.4805300E-009
8.0496800E-003   4.1651800E-009
8.4290500E-003   3.8425130E-009
8.8263000E-003   3.4598900E-009
9.2422700E-003   3.1706580E-009
9.6778500E-003   2.8664069E-009
1.0133900E-002   2.6084479E-009
1.0611500E-002   2.3522300E-009
1.1111700E-002   2.1263999E-009
1.1635300E-002   1.9048620E-009
1.2183700E-002   1.7078400E-009
1.2757900E-002   1.5359800E-009
1.3359100E-002   1.3815900E-009
1.3988700E-002   1.2079560E-009
1.4648000E-002   1.0648880E-009
1.5338400E-002   9.3160302E-010
1.6061200E-002   8.0852303E-010
1.6818200E-002   7.0170397E-010
1.7610800E-002   6.2355099E-010
1.8440800E-002   5.4692900E-010
1.9309800E-002   4.6967202E-010
2.0219900E-002   4.0762099E-010
2.1172800E-002   3.5439501E-010
2.2170700E-002   3.0764799E-010
2.3215500E-002   2.6706801E-010
 5
 1   2   3   4
 xy
 100
1.0133900E-003   6.1447714E-008
1.0611500E-003   5.8899953E-008
1.1111700E-003   5.7665961E-008
1.1635300E-003   5.5274999E-008
1.2183700E-003   5.3547058E-008
1.2757900E-003   5.1873140E-008
1.3359100E-003   5.0251547E-008
1.3988700E-003   4.8168001E-008
1.4648000E-003   4.7158849E-008
1.5338400E-003   4.4800416E-008
1.6061200E-003   4.2421519E-008
1.6818200E-003   4.0762085E-008
1.7610800E-003   3.8881552E-008
1.8440800E-003   3.7360596E-008
1.9309800E-003   3.5811539E-008
2.0219900E-003   3.3458900E-008
2.1172800E-003   3.1576300E-008
2.2170700E-003   3.0702907E-008
2.3215500E-003   2.9286445E-008
2.4309700E-003   2.7484033E-008
2.5455300E-003   2.5573100E-008
2.6655000E-003   2.4119400E-008
2.7911200E-003   2.3126109E-008
2.9226600E-003   2.1862300E-008
3.0604000E-003   2.0651068E-008
3.2046400E-003   1.9380114E-008
3.3556700E-003   1.8187379E-008
3.5138100E-003   1.6888311E-008
3.6794100E-003   1.5682032E-008
3.8528200E-003   1.4873521E-008
4.0344000E-003   1.4083738E-008
4.2245300E-003   1.3099098E-008
4.4236300E-003   1.2223047E-008
4.6321100E-003   1.1240100E-008
4.8504100E-003   1.0599548E-008
5.0790100E-003   9.7717700E-009
5.3183700E-003   9.1394394E-009
5.5690200E-003   8.4330100E-009
5.8314800E-003   7.8562300E-009
6.1063100E-003   7.2700681E-009
6.3940900E-003   6.7949131E-009
6.6954300E-003   6.2475700E-009
7.0109800E-003   5.7972009E-009
7.3414000E-003   5.3685598E-009
7.6873900E-003   4.8660831E-009
8.0496800E-003   4.4491379E-009
8.4290500E-003   4.0283590E-009
8.8263000E-003   3.6904800E-009
9.2422700E-003   3.3612200E-009
9.6778500E-003   3.0342491E-009
1.0133900E-002   2.6963061E-009
1.0611500E-002   2.3941260E-009
1.1111700E-002   2.0794511E-009
1.1635300E-002   1.8047220E-009
1.2183700E-002   1.6037190E-009
1.2757900E-002   1.4251030E-009
1.3359100E-002   1.2368230E-009
1.3988700E-002   1.0930300E-009
1.4648000E-002   9.5728803E-010
1.5338400E-002   8.2784402E-010
1.6061200E-002   7.1847300E-010
1.6818200E-002   6.3845201E-010
1.7610800E-002   5.6080901E-010
1.8440800E-002   4.9238802E-010
1.9309800E-002   4.2795600E-010
2.0219900E-002   3.7450701E-010
2.1172800E-002   3.2250200E-010
2.2170700E-002   2.7559599E-010
2.3215500E-002   2.3184001E-010
 6
 1   2   3   4
 xy
 100
1.0133900E-003   5.9239400E-008
1.0611500E-003   5.9681700E-008
1.1111700E-003   5.8583122E-008
1.1635300E-003   5.7318370E-008
1.2183700E-003   5.4870195E-008
1.2757900E-003   5.2853885E-008
1.3359100E-003   5.0688400E-008
1.3988700E-003   4.8135387E-008
1.4648000E-003   4.5604000E-008
1.5338400E-003   4.4122900E-008
1.6061200E-003   4.2464400E-008
1.6818200E-003   4.0738500E-008
1.7610800E-003   3.8666700E-008
1.8440800E-003   3.6642160E-008
1.9309800E-003   3.4835000E-008
2.0219900E-003   3.2957079E-008
2.1172800E-003   3.1795793E-008
2.2170700E-003   3.0310100E-008
2.3215500E-003   2.8821438E-008
2.4309700E-003   2.7474300E-008
2.5455300E-003   2.6534300E-008
2.6655000E-003   2.5417229E-008
2.7911200E-003   2.3746300E-008
2.9226600E-003   2.2717900E-008
3.0604000E-003   2.1041512E-008
3.2046400E-003   1.9852700E-008
3.3556700E-003   1.8831352E-008
3.5138100E-003   1.7632500E-008
3.6794100E-003   1.6406542E-008
3.8528200E-003   1.5226200E-008
4.0344000E-003   1.4335013E-008
4.2245300E-003   1.3244800E-008
4.4236300E-003   1.2059500E-008
4.6321100E-003   1.1472000E-008
4.8504100E-003   1.0581100E-008
5.0790100E-003   9.9189000E-009
5.3183700E-003   9.2637600E-009
5.5690200E-003   8.5832008E-009
5.8314800E-003   7.8656504E-009
6.1063100E-003   7.2080848E-009
6.3940900E-003   6.5983600E-009
6.6954300E-003   5.9889200E-009
7.0109800E-003   5.4601101E-009
7.3414000E-003   5.0370500E-009
7.6873900E-003   4.5332560E-009
8.0496800E-003   4.1768899E-009
8.4290500E-003   3.7873400E-009
8.8263000E-003   3.4961469E-009
9.2422700E-003   3.1666300E-009
9.6778500E-003   2.8907700E-009
1.0133900E-002   2.6084479E-009
1.0611500E-002   2.2918680E-009
1.1111700E-002   2.0549260E-009
1.1635300E-002   1.8027030E-009
1.2183700E-002   1.5987900E-009
1.2757900E-002   1.3910560E-009
1.3359100E-002   1.2075670E-009
1.3988700E-002   1.0482810E-009
1.4648000E-002   9.1000601E-010
1.5338400E-002   7.8997098E-010
1.6061200E-002   6.9663197E-010
1.6818200E-002   6.0474198E-010
1.7610800E-002   5.2497201E-010
1.8440800E-002   4.5572501E-010
1.9309800E-002   3.8337000E-010
2.0219900E-002   3.3280101E-010
2.1172800E-002   2.8890201E-010
2.2170700E-002   2.4303301E-010
2.3215500E-002   2.0768499E-010
 7
 1   2   3   4
 xy
 100
1.0133900E-003   6.1868441E-008
1.0611500E-003   6.0532763E-008
1.1111700E-003   5.7947297E-008
1.1635300E-003   5.5472256E-008
1.2183700E-003   5.2853885E-008
1.2757900E-003   5.0415505E-008
1.3359100E-003   4.8244700E-008
1.3988700E-003   4.7096190E-008
1.4648000E-003   4.4124100E-008
1.5338400E-003   4.2854500E-008
1.6061200E-003   4.0552400E-008
1.6818200E-003   3.9253700E-008
1.7610800E-003   3.7921700E-008
1.8440800E-003   3.6287500E-008
1.9309800E-003   3.4484000E-008
2.0219900E-003   3.3183300E-008
2.1172800E-003   3.1500400E-008
2.2170700E-003   3.0291100E-008
2.3215500E-003   2.8374700E-008
2.4309700E-003   2.7158200E-008
2.5455300E-003   2.5787400E-008
2.6655000E-003   2.4286900E-008
2.7911200E-003   2.2798800E-008
2.9226600E-003   2.1699100E-008
3.0604000E-003   2.0311200E-008
3.2046400E-003   1.9171100E-008
3.3556700E-003   1.7979300E-008
3.5138100E-003   1.7099100E-008
3.6794100E-003   1.5967600E-008
3.8528200E-003   1.5037600E-008
4.0344000E-003   1.3944200E-008
4.2245300E-003   1.3136613E-008
4.4236300E-003   1.2182600E-008
4.6321100E-003   1.1275419E-008
4.8504100E-003   1.0443400E-008
5.0790100E-003   9.7830600E-009
5.3183700E-003   9.0592400E-009
5.5690200E-003   8.3067526E-009
5.8314800E-003   7.6216899E-009
6.1063100E-003   7.0524702E-009
6.3940900E-003   6.5338011E-009
6.6954300E-003   5.9733200E-009
7.0109800E-003   5.4870188E-009
7.3414000E-003   5.0092100E-009
7.6873900E-003   4.5524000E-009
8.0496800E-003   4.2227208E-009
8.4290500E-003   3.8872400E-009
8.8263000E-003   3.5467000E-009
9.2422700E-003   3.2451500E-009
9.6778500E-003   2.9421700E-009
1.0133900E-002   2.6806199E-009
1.0611500E-002   2.4469531E-009
1.1111700E-002   2.2056139E-009
1.1635300E-002   1.9835169E-009
1.2183700E-002   1.7703800E-009
1.2757900E-002   1.5987900E-009
1.3359100E-002   1.4251030E-009
1.3988700E-002   1.2966430E-009
1.4648000E-002   1.1524220E-009
1.5338400E-002   1.0325700E-009
1.6061200E-002   9.0818000E-010
1.6818200E-002   7.8965201E-010
1.7610800E-002   6.8532602E-010
1.8440800E-002   5.9912200E-010
1.9309800E-002   5.2526600E-010
2.0219900E-002   4.5832799E-010
2.1172800E-002   3.9810699E-010
2.2170700E-002   3.4579900E-010
2.3215500E-002   2.9712599E-010
 8
 1   2   3   4
 xy
 100
1.0133900E-003   5.4570000E-008
1.0611500E-003   5.3812100E-008
1.1111700E-003   5.2537900E-008
1.1635300E-003   5.0994100E-008
1.2183700E-003   4.9510900E-008
1.2757900E-003   4.8378400E-008
1.3359100E-003   4.7059100E-008
1.3988700E-003   4.4805500E-008
1.4648000E-003   4.3582900E-008
1.5338400E-003   4.2034400E-008
1.6061200E-003   4.0589400E-008
1.6818200E-003   3.8658000E-008
1.7610800E-003   3.7040582E-008
1.8440800E-003   3.5435200E-008
1.9309800E-003   3.4460800E-008
2.0219900E-003   3.2553000E-008
2.1172800E-003   3.1051500E-008
2.2170700E-003   2.9676800E-008
2.3215500E-003   2.8349300E-008
2.4309700E-003   2.6974200E-008
2.5455300E-003   2.5367400E-008
2.6655000E-003   2.3956100E-008
2.7911200E-003   2.2888900E-008
2.9226600E-003   2.1466670E-008
3.0604000E-003   2.0115435E-008
3.2046400E-003   1.8996200E-008
3.3556700E-003   1.7800800E-008
3.5138100E-003   1.6756800E-008
3.6794100E-003   1.5859800E-008
3.8528200E-003   1.4785900E-008
4.0344000E-003   1.3792600E-008
4.2245300E-003   1.3182567E-008
4.4236300E-003   1.2623404E-008
4.6321100E-003   1.1937766E-008
4.8504100E-003   1.1121256E-008
5.0790100E-003   1.0360593E-008
5.3183700E-003   9.5240908E-009
5.5690200E-003   8.7819254E-009
5.8314800E-003   7.9903186E-009
6.1063100E-003   7.3431492E-009
6.3940900E-003   6.6147412E-009
6.6954300E-003   6.0184848E-009
7.0109800E-003   5.4759761E-009
7.3414000E-003   4.8529900E-009
7.6873900E-003   4.4141600E-009
8.0496800E-003   4.0463068E-009
8.4290500E-003   3.6677500E-009
8.8263000E-003   3.3348551E-009
9.2422700E-003   3.0528531E-009
9.6778500E-003   2.7993601E-009
1.0133900E-002   2.5118860E-009
1.0611500E-002   2.2296429E-009
1.1111700E-002   2.0224711E-009
1.1635300E-002   1.8478500E-009
1.2183700E-002   1.6812840E-009
1.2757900E-002   1.5297320E-009
1.3359100E-002   1.3692120E-009
1.3988700E-002   1.2286040E-009
1.4648000E-002   1.0905540E-009
1.5338400E-002   9.7221100E-010
1.6061200E-002   8.6788399E-010
1.6818200E-002   7.7122198E-010
1.7610800E-002   6.8532602E-010
1.8440800E-002   6.0899702E-010
1.9309800E-002   5.2853899E-010
2.0219900E-002   4.5648700E-010
2.1172800E-002   3.9201200E-010
2.2170700E-002   3.3280101E-010
2.3215500E-002   2.7996200E-010
 9
 1   2   3   4
 xy
 100
1.0133900E-003   6.1119515E-008
1.0611500E-003   5.8253153E-008
1.1111700E-003   5.5521213E-008
1.1635300E-003   5.3556668E-008
1.2183700E-003   5.1044982E-008
1.2757900E-003   4.8974800E-008
1.3359100E-003   4.7146800E-008
1.3988700E-003   4.5170300E-008
1.4648000E-003   4.3842900E-008
1.5338400E-003   4.2733575E-008
1.6061200E-003   4.1122625E-008
1.6818200E-003   3.9604000E-008
1.7610800E-003   3.7099000E-008
1.8440800E-003   3.5854000E-008
1.9309800E-003   3.5009000E-008
2.0219900E-003   3.3744666E-008
2.1172800E-003   3.1962200E-008
2.2170700E-003   3.0702907E-008
2.3215500E-003   2.9240313E-008
2.4309700E-003   2.7283335E-008
2.5455300E-003   2.5744889E-008
2.6655000E-003   2.4387700E-008
2.7911200E-003   2.2817600E-008
2.9226600E-003   2.1702300E-008
3.0604000E-003   2.0508711E-008
3.2046400E-003   1.9144821E-008
3.3556700E-003   1.7739800E-008
3.5138100E-003   1.6897000E-008
3.6794100E-003   1.6079100E-008
3.8528200E-003   1.4928300E-008
4.0344000E-003   1.4083738E-008
4.2245300E-003   1.3086287E-008
4.4236300E-003   1.2264000E-008
4.6321100E-003   1.1490363E-008
4.8504100E-003   1.0530800E-008
5.0790100E-003   9.7912600E-009
5.3183700E-003   9.0773200E-009
5.5690200E-003   8.4364100E-009
5.8314800E-003   7.8414022E-009
6.1063100E-003   7.1629200E-009
6.3940900E-003   6.6147412E-009
6.6954300E-003   6.1672458E-009
7.0109800E-003   5.6062500E-009
7.3414000E-003   5.2479800E-009
7.6873900E-003   4.7485900E-009
8.0496800E-003   4.3536419E-009
8.4290500E-003   3.9548649E-009
8.8263000E-003   3.5644270E-009
9.2422700E-003   3.2384700E-009
9.6778500E-003   2.9822600E-009
1.0133900E-002   2.7116800E-009
1.0611500E-002   2.5118860E-009
1.1111700E-002   2.3014550E-009
1.1635300E-002   2.0937470E-009
1.2183700E-002   1.8689200E-009
1.2757900E-002   1.6923810E-009
1.3359100E-002   1.5215460E-009
1.3988700E-002   1.3842250E-009
1.4648000E-002   1.2368230E-009
1.5338400E-002   1.1057210E-009
1.6061200E-002   1.0059290E-009
1.6818200E-002   8.9375701E-010
1.7610800E-002   7.9409301E-010
1.8440800E-002   7.1847300E-010
1.9309800E-002   6.3845201E-010
2.0219900E-002   5.6734401E-010
2.1172800E-002   5.0415500E-010
2.2170700E-002   4.4998100E-010
2.3215500E-002   3.9430101E-010
 10
 1   2   3   4
 xy
 100
1.0133900E-003   5.5482400E-008
1.0611500E-003   5.3904400E-008
1.1111700E-003   5.2810800E-008
1.1635300E-003   5.1506000E-008
1.2183700E-003   5.0080300E-008
1.2757900E-003   4.7898900E-008
1.3359100E-003   4.6584700E-008
1.3988700E-003   4.5648700E-008
1.4648000E-003   4.3439400E-008
1.5338400E-003   4.2131700E-008
1.6061200E-003   4.0339800E-008
1.6818200E-003   3.8351500E-008
1.7610800E-003   3.7142000E-008
1.8440800E-003   3.5862200E-008
1.9309800E-003   3.3882900E-008
2.0219900E-003   3.2342854E-008
2.1172800E-003   3.1113900E-008
2.2170700E-003   2.9850100E-008
2.3215500E-003   2.8220400E-008
2.4309700E-003   2.6795200E-008
2.5455300E-003   2.5234900E-008
2.6655000E-003   2.4469800E-008
2.7911200E-003   2.2722400E-008
2.9226600E-003   2.1364000E-008
3.0604000E-003   2.0344900E-008
3.2046400E-003   1.8928600E-008
3.3556700E-003   1.7884200E-008
3.5138100E-003   1.6747800E-008
3.6794100E-003   1.5745500E-008
3.8528200E-003   1.4818195E-008
4.0344000E-003   1.3902000E-008
4.2245300E-003   1.3131300E-008
4.4236300E-003   1.2260700E-008
4.6321100E-003   1.1395800E-008
4.8504100E-003   1.0714871E-008
5.0790100E-003   9.7885100E-009
5.3183700E-003   9.1662216E-009
5.5690200E-003   8.4507600E-009
5.8314800E-003   7.8414022E-009
6.1063100E-003   7.2683100E-009
6.3940900E-003   6.7728152E-009
6.6954300E-003   6.3095729E-009
7.0109800E-003   5.7385279E-009
7.3414000E-003   5.2233449E-009
7.6873900E-003   4.7525099E-009
8.0496800E-003   4.3241171E-009
8.4290500E-003   3.9548649E-009
8.8263000E-003   3.5497321E-009
9.2422700E-003   3.2245910E-009
9.6778500E-003   2.9046200E-009
1.0133900E-002   2.6604600E-009
1.0611500E-002   2.3880900E-009
1.1111700E-002   2.1080300E-009
1.1635300E-002   1.9053900E-009
1.2183700E-002   1.7478460E-009
1.2757900E-002   1.5687980E-009
1.3359100E-002   1.4080920E-009
1.3988700E-002   1.2638480E-009
1.4648000E-002   1.1208400E-009
1.5338400E-002   9.8214903E-010
1.6061200E-002   8.6788399E-010
1.6818200E-002   7.7122198E-010
1.7610800E-002   6.8532602E-010
1.8440800E-002   6.0899702E-010
1.9309800E-002   5.3236099E-010
2.0219900E-002   4.8089599E-010
2.1172800E-002   4.1870099E-010
2.2170700E-002   3.7087799E-010
2.3215500E-002   3.1940000E-010
 11
 1   2   3   4
 xy
 100
1.0133900E-003   5.3073300E-008
1.0611500E-003   5.1952100E-008
1.1111700E-003   5.0724600E-008
1.1635300E-003   4.9362400E-008
1.2183700E-003   4.8017700E-008
1.2757900E-003   4.6369465E-008
1.3359100E-003   4.5242300E-008
1.3988700E-003   4.3713700E-008
1.4648000E-003   4.2528300E-008
1.5338400E-003   4.0754900E-008
1.6061200E-003   3.9406800E-008
1.6818200E-003   3.7785100E-008
1.7610800E-003   3.6315600E-008
1.8440800E-003   3.4679600E-008
1.9309800E-003   3.3305600E-008
2.0219900E-003   3.2121200E-008
2.1172800E-003   3.0537700E-008
2.2170700E-003   2.9227600E-008
2.3215500E-003   2.7709100E-008
2.4309700E-003   2.6463500E-008
2.5455300E-003   2.4888300E-008
2.6655000E-003   2.3841200E-008
2.7911200E-003   2.2478400E-008
2.9226600E-003   2.1381500E-008
3.0604000E-003   2.0059800E-008
3.2046400E-003   1.8887300E-008
3.3556700E-003   1.7840900E-008
3.5138100E-003   1.6771600E-008
3.6794100E-003   1.5718900E-008
3.8528200E-003   1.4765900E-008
4.0344000E-003   1.3861900E-008
4.2245300E-003   1.2834100E-008
4.4236300E-003   1.2081982E-008
4.6321100E-003   1.1107910E-008
4.8504100E-003   1.0435100E-008
5.0790100E-003   9.5949000E-009
5.3183700E-003   8.8691700E-009
5.5690200E-003   8.3266318E-009
5.8314800E-003   7.6894100E-009
6.1063100E-003   7.0580700E-009
6.3940900E-003   6.4007400E-009
6.6954300E-003   5.8446100E-009
7.0109800E-003   5.4041189E-009
7.3414000E-003   4.8505249E-009
7.6873900E-003   4.3885300E-009
8.0496800E-003   4.0283590E-009
8.4290500E-003   3.6652410E-009
8.8263000E-003   3.3266200E-009
9.2422700E-003   3.0366789E-009
9.6778500E-003   2.7256051E-009
1.0133900E-002   2.4759499E-009
1.0611500E-002   2.2491631E-009
1.1111700E-002   2.0431481E-009
1.1635300E-002   1.8510900E-009
1.2183700E-002   1.6459920E-009
1.2757900E-002   1.5315700E-009
1.3359100E-002   1.3593560E-009
1.3988700E-002   1.2368230E-009
1.4648000E-002   1.0990709E-009
1.5338400E-002   9.7665998E-010
1.6061200E-002   8.6788399E-010
1.6818200E-002   7.5322198E-010
1.7610800E-002   6.6081202E-010
1.8440800E-002   5.7213301E-010
1.9309800E-002   5.0079402E-010
2.0219900E-002   4.4162299E-010
2.1172800E-002   3.8337000E-010
2.2170700E-002   3.3731201E-010
2.3215500E-002   2.9557301E-010
 12
 1   2   3   4
 xy
 100
1.0133900E-003   5.5451700E-008
1.0611500E-003   5.4029700E-008
1.1111700E-003   5.2822600E-008
1.1635300E-003   5.1278800E-008
1.2183700E-003   4.9457600E-008
1.2757900E-003   4.8001800E-008
1.3359100E-003   4.6369465E-008
1.3988700E-003   4.5108700E-008
1.4648000E-003   4.3281800E-008
1.5338400E-003   4.2045100E-008
1.6061200E-003   4.0163200E-008
1.6818200E-003   3.8797200E-008
1.7610800E-003   3.7503800E-008
1.8440800E-003   3.5774600E-008
1.9309800E-003   3.4339500E-008
2.0219900E-003   3.2583000E-008
2.1172800E-003   3.1303900E-008
2.2170700E-003   2.9806600E-008
2.3215500E-003   2.8333000E-008
2.4309700E-003   2.6689250E-008
2.5455300E-003   2.5272900E-008
2.6655000E-003   2.4135200E-008
2.7911200E-003   2.2839200E-008
2.9226600E-003   2.1888900E-008
3.0604000E-003   2.0876600E-008
3.2046400E-003   1.9767796E-008
3.3556700E-003   1.8175600E-008
3.5138100E-003   1.7076000E-008
3.6794100E-003   1.6107000E-008
3.8528200E-003   1.5139800E-008
4.0344000E-003   1.3966200E-008
4.2245300E-003   1.3141474E-008
4.4236300E-003   1.2213100E-008
4.6321100E-003   1.1333600E-008
4.8504100E-003   1.0483000E-008
5.0790100E-003   9.8074200E-009
5.3183700E-003   9.0734900E-009
5.5690200E-003   8.4082900E-009
5.8314800E-003   7.8539200E-009
6.1063100E-003   7.3844491E-009
6.3940900E-003   6.7728152E-009
6.6954300E-003   6.1916849E-009
7.0109800E-003   5.6068372E-009
7.3414000E-003   5.2233449E-009
7.6873900E-003   4.7013500E-009
8.0496800E-003   4.2493000E-009
8.4290500E-003   3.8274200E-009
8.8263000E-003   3.4800400E-009
9.2422700E-003   3.1861001E-009
9.6778500E-003   2.8255840E-009
1.0133900E-002   2.5118860E-009
1.0611500E-002   2.2727200E-009
1.1111700E-002   2.0309181E-009
1.1635300E-002   1.8478500E-009
1.2183700E-002   1.6860010E-009
1.2757900E-002   1.5297320E-009
1.3359100E-002   1.3420560E-009
1.3988700E-002   1.2045770E-009
1.4648000E-002   1.0734190E-009
1.5338400E-002   9.5394204E-010
1.6061200E-002   8.5455598E-010
1.6818200E-002   7.5412698E-010
1.7610800E-002   6.5418398E-010
1.8440800E-002   5.6789301E-010
1.9309800E-002   5.0079402E-010
2.0219900E-002   4.4162299E-010
2.1172800E-002   3.8337000E-010
2.2170700E-002   3.3280101E-010
2.3215500E-002   2.8890201E-010
 13
 1   2   3   4
 xy
 100
1.0133900E-003   5.5836100E-008
1.0611500E-003   5.3995800E-008
1.1111700E-003   5.2543200E-008
1.1635300E-003   5.1468400E-008
1.2183700E-003   5.0000200E-008
1.2757900E-003   4.8241100E-008
1.3359100E-003   4.6936000E-008
1.3988700E-003   4.5608400E-008
1.4648000E-003   4.3530700E-008
1.5338400E-003   4.2122203E-008
1.6061200E-003   4.0480200E-008
1.6818200E-003   3.9194067E-008
1.7610800E-003   3.7560900E-008
1.8440800E-003   3.6118000E-008
1.9309800E-003   3.4086300E-008
2.0219900E-003   3.2700400E-008
2.1172800E-003   3.0856000E-008
2.2170700E-003   2.9749700E-008
2.3215500E-003   2.8440800E-008
2.4309700E-003   2.6911700E-008
2.5455300E-003   2.5437584E-008
2.6655000E-003   2.4217400E-008
2.7911200E-003   2.2586354E-008
2.9226600E-003   2.1761021E-008
3.0604000E-003   2.0550411E-008
3.2046400E-003   1.9487900E-008
3.3556700E-003   1.8291400E-008
3.5138100E-003   1.6768600E-008
3.6794100E-003   1.5926800E-008
3.8528200E-003   1.4985800E-008
4.0344000E-003   1.3803200E-008
4.2245300E-003   1.3122000E-008
4.4236300E-003   1.1960000E-008
4.6321100E-003   1.1164000E-008
4.8504100E-003   1.0431900E-008
5.0790100E-003   9.5238800E-009
5.3183700E-003   8.9764900E-009
5.5690200E-003   8.2179600E-009
5.8314800E-003   7.5953199E-009
6.1063100E-003   6.8782300E-009
6.3940900E-003   6.2703400E-009
6.6954300E-003   5.7408260E-009
7.0109800E-003   5.2803700E-009
7.3414000E-003   4.8660831E-009
7.6873900E-003   4.4695600E-009
8.0496800E-003   4.1117400E-009
8.4290500E-003   3.7528309E-009
8.8263000E-003   3.3639500E-009
9.2422700E-003   3.0733649E-009
9.6778500E-003   2.7585321E-009
1.0133900E-002   2.5361331E-009
1.0611500E-002   2.2617500E-009
1.1111700E-002   2.0462100E-009
1.1635300E-002   1.8478500E-009
1.2183700E-002   1.6459920E-009
1.2757900E-002   1.5297320E-009
1.3359100E-002   1.3420560E-009
1.3988700E-002   1.1901981E-009
1.4648000E-002   1.0483659E-009
1.5338400E-002   9.3160302E-010
1.6061200E-002   8.2811102E-010
1.6818200E-002   7.1887801E-010
1.7610800E-002   6.2405398E-010
1.8440800E-002   5.5031901E-010
1.9309800E-002   4.8529603E-010
2.0219900E-002   4.1471299E-010
2.1172800E-002   3.6571299E-010
2.2170700E-002   3.2250200E-010
2.3215500E-002   2.7996200E-010
 14
 1   2   3   4
 xy
 100
1.0133900E-003   5.3721800E-008
1.0611500E-003   5.2274900E-008
1.1111700E-003   5.0708000E-008
1.1635300E-003   4.9406100E-008
1.2183700E-003   4.8582600E-008
1.2757900E-003   4.6972900E-008
1.3359100E-003   4.5475800E-008
1.3988700E-003   4.4122100E-008
1.4648000E-003   4.2552600E-008
1.5338400E-003   4.0754000E-008
1.6061200E-003   3.9864800E-008
1.6818200E-003   3.8172600E-008
1.7610800E-003   3.6354800E-008
1.8440800E-003   3.5014300E-008
1.9309800E-003   3.3565600E-008
2.0219900E-003   3.2154800E-008
2.1172800E-003   3.1116300E-008
2.2170700E-003   2.9195500E-008
2.3215500E-003   2.8002503E-008
2.4309700E-003   2.6689250E-008
2.5455300E-003   2.5397900E-008
2.6655000E-003   2.4034800E-008
2.7911200E-003   2.2813500E-008
2.9226600E-003   2.1714900E-008
3.0604000E-003   2.0183500E-008
3.2046400E-003   1.9068342E-008
3.3556700E-003   1.8052500E-008
3.5138100E-003   1.6819700E-008
3.6794100E-003   1.6027900E-008
3.8528200E-003   1.5011400E-008
4.0344000E-003   1.4047100E-008
4.2245300E-003   1.3327100E-008
4.4236300E-003   1.2553200E-008
4.6321100E-003   1.1730100E-008
4.8504100E-003   1.0975320E-008
5.0790100E-003   1.0212368E-008
5.3183700E-003   9.2572000E-009
5.5690200E-003   8.5703400E-009
5.8314800E-003   7.9321100E-009
6.1063100E-003   7.3467500E-009
6.3940900E-003   6.9541248E-009
6.6954300E-003   6.3934702E-009
7.0109800E-003   5.9120300E-009
7.3414000E-003   5.4759761E-009
7.6873900E-003   4.9864600E-009
8.0496800E-003   4.5925600E-009
8.4290500E-003   4.1995940E-009
8.8263000E-003   3.7693910E-009
9.2422700E-003   3.4654950E-009
9.6778500E-003   3.1352600E-009
1.0133900E-002   2.8666600E-009
1.0611500E-002   2.6130200E-009
1.1111700E-002   2.3737039E-009
1.1635300E-002   2.1291440E-009
1.2183700E-002   1.9372219E-009
1.2757900E-002   1.7626000E-009
1.3359100E-002   1.5662890E-009
1.3988700E-002   1.3918410E-009
1.4648000E-002   1.2368230E-009
1.5338400E-002   1.1074610E-009
1.6061200E-002   9.8214903E-010
1.6818200E-002   8.8153801E-010
1.7610800E-002   7.8965201E-010
1.8440800E-002   6.9663197E-010
1.9309800E-002   6.1432198E-010
2.0219900E-002   5.5031901E-010
2.1172800E-002   4.8359899E-010
2.2170700E-002   4.2128201E-010
2.3215500E-002   3.6571299E-010
 15
 1   2   3   4
 xy
 100
1.0133900E-003   5.6381300E-008
1.0611500E-003   5.4980000E-008
1.1111700E-003   5.3426700E-008
1.1635300E-003   5.2573300E-008
1.2183700E-003   5.1107100E-008
1.2757900E-003   4.8795000E-008
1.3359100E-003   4.7095700E-008
1.3988700E-003   4.6070600E-008
1.4648000E-003   4.4235000E-008
1.5338400E-003   4.2562000E-008
1.6061200E-003   4.1238700E-008
1.6818200E-003   3.9507100E-008
1.7610800E-003   3.7914500E-008
1.8440800E-003   3.6435400E-008
1.9309800E-003   3.5376750E-008
2.0219900E-003   3.3477500E-008
2.1172800E-003   3.1762400E-008
2.2170700E-003   3.0451500E-008
2.3215500E-003   2.8834500E-008
2.4309700E-003   2.7414900E-008
2.5455300E-003   2.6240600E-008
2.6655000E-003   2.4819900E-008
2.7911200E-003   2.3389800E-008
2.9226600E-003   2.2082900E-008
3.0604000E-003   2.0826800E-008
3.2046400E-003   1.9722800E-008
3.3556700E-003   1.8467600E-008
3.5138100E-003   1.7122900E-008
3.6794100E-003   1.6262400E-008
3.8528200E-003   1.5070600E-008
4.0344000E-003   1.4070200E-008
4.2245300E-003   1.3154500E-008
4.4236300E-003   1.2353700E-008
4.6321100E-003   1.1514600E-008
4.8504100E-003   1.0730300E-008
5.0790100E-003   1.0090469E-008
5.3183700E-003   9.3195800E-009
5.5690200E-003   8.5799400E-009
5.8314800E-003   7.9419900E-009
6.1063100E-003   7.3446300E-009
6.3940900E-003   6.5691200E-009
6.6954300E-003   5.9528200E-009
7.0109800E-003   5.4710800E-009
7.3414000E-003   5.0039500E-009
7.6873900E-003   4.6060500E-009
8.0496800E-003   4.2503281E-009
8.4290500E-003   3.8774900E-009
8.8263000E-003   3.5515700E-009
9.2422700E-003   3.2570211E-009
9.6778500E-003   2.9634311E-009
1.0133900E-002   2.7256051E-009
1.0611500E-002   2.5118860E-009
1.1111700E-002   2.2321220E-009
1.1635300E-002   1.9835169E-009
1.2183700E-002   1.8047220E-009
1.2757900E-002   1.6004100E-009
1.3359100E-002   1.4251030E-009
1.3988700E-002   1.2966430E-009
1.4648000E-002   1.1522280E-009
1.5338400E-002   1.0238970E-009
1.6061200E-002   9.3608798E-010
1.6818200E-002   8.5034602E-010
1.7610800E-002   7.5322198E-010
1.8440800E-002   6.7687500E-010
1.9309800E-002   6.0753602E-010
2.0219900E-002   5.3879201E-010
2.1172800E-002   4.8359899E-010
2.2170700E-002   4.3405901E-010
2.3215500E-002   3.8494399E-010
 16
 1   2   3   4
 xy
 100
1.0133900E-003   5.7255600E-008
1.0611500E-003   5.5933600E-008
1.1111700E-003   5.4557500E-008
1.1635300E-003   5.3009200E-008
1.2183700E-003   5.1171000E-008
1.2757900E-003   4.9901455E-008
1.3359100E-003   4.8303600E-008
1.3988700E-003   4.6677400E-008
1.4648000E-003   4.4926300E-008
1.5338400E-003   4.3570600E-008
1.6061200E-003   4.1798400E-008
1.6818200E-003   3.9956400E-008
1.7610800E-003   3.8551200E-008
1.8440800E-003   3.6913200E-008
1.9309800E-003   3.5086600E-008
2.0219900E-003   3.3872400E-008
2.1172800E-003   3.2229600E-008
2.2170700E-003   3.0759700E-008
2.3215500E-003   2.9627712E-008
2.4309700E-003   2.7833200E-008
2.5455300E-003   2.6218800E-008
2.6655000E-003   2.5023800E-008
2.7911200E-003   2.3408800E-008
2.9226600E-003   2.2177467E-008
3.0604000E-003   2.0914800E-008
3.2046400E-003   1.9666900E-008
3.3556700E-003   1.8627900E-008
3.5138100E-003   1.7465800E-008
3.6794100E-003   1.6581500E-008
3.8528200E-003   1.5372800E-008
4.0344000E-003   1.4399700E-008
4.2245300E-003   1.3390800E-008
4.4236300E-003   1.2426237E-008
4.6321100E-003   1.1510800E-008
4.8504100E-003   1.0791100E-008
5.0790100E-003   9.9710791E-009
5.3183700E-003   9.1303000E-009
5.5690200E-003   8.4935700E-009
5.8314800E-003   7.8490200E-009
6.1063100E-003   7.1262400E-009
6.3940900E-003   6.5332300E-009
6.6954300E-003   5.9125400E-009
7.0109800E-003   5.4143200E-009
7.3414000E-003   4.8136800E-009
7.6873900E-003   4.4955300E-009
8.0496800E-003   4.0399300E-009
8.4290500E-003   3.6827800E-009
8.8263000E-003   3.3170711E-009
9.2422700E-003   2.9245300E-009
9.6778500E-003   2.6227000E-009
1.0133900E-002   2.3422900E-009
1.0611500E-002   2.1095400E-009
1.1111700E-002   1.9021520E-009
1.1635300E-002   1.7064040E-009
1.2183700E-002   1.4813190E-009
1.2757900E-002   1.3137900E-009
1.3359100E-002   1.1701980E-009
1.3988700E-002   1.0158410E-009
1.4648000E-002   8.8184499E-010
1.5338400E-002   7.7765100E-010
1.6061200E-002   6.8576800E-010
1.6818200E-002   5.9531102E-010
1.7610800E-002   5.2572002E-010
1.8440800E-002   4.5748599E-010
1.9309800E-002   4.0743900E-010
2.0219900E-002   3.5868800E-010
2.1172800E-002   3.1576999E-010
2.2170700E-002   2.7798699E-010
2.3215500E-002   2.4190699E-010
 17
 1   2   3   4
 xy
 100
1.0133900E-003   5.8260700E-008
1.0611500E-003   5.6270900E-008
1.1111700E-003   5.4853900E-008
1.1635300E-003   5.3516300E-008
1.2183700E-003   5.2028000E-008
1.2757900E-003   5.0374600E-008
1.3359100E-003   4.8615400E-008
1.3988700E-003   4.7528000E-008
1.4648000E-003   4.5700300E-008
1.5338400E-003   4.3578800E-008
1.6061200E-003   4.2521600E-008
1.6818200E-003   4.0479900E-008
1.7610800E-003   3.8875300E-008
1.8440800E-003   3.7521000E-008
1.9309800E-003   3.5602800E-008
2.0219900E-003   3.4064400E-008
2.1172800E-003   3.2469000E-008
2.2170700E-003   3.1131300E-008
2.3215500E-003   2.9503300E-008
2.4309700E-003   2.7857400E-008
2.5455300E-003   2.6530600E-008
2.6655000E-003   2.5132200E-008
2.7911200E-003   2.3736500E-008
2.9226600E-003   2.2551200E-008
3.0604000E-003   2.1264200E-008
3.2046400E-003   2.0001000E-008
3.3556700E-003   1.8755400E-008
3.5138100E-003   1.7575400E-008
3.6794100E-003   1.6513800E-008
3.8528200E-003   1.5337900E-008
4.0344000E-003   1.4508900E-008
4.2245300E-003   1.3470600E-008
4.4236300E-003   1.2410800E-008
4.6321100E-003   1.1579900E-008
4.8504100E-003   1.0723400E-008
5.0790100E-003   9.9946600E-009
5.3183700E-003   9.1073256E-009
5.5690200E-003   8.3918534E-009
5.8314800E-003   7.7325879E-009
6.1063100E-003   7.0595700E-009
6.3940900E-003   6.5532100E-009
6.6954300E-003   6.0061300E-009
7.0109800E-003   5.5095581E-009
7.3414000E-003   5.0767262E-009
7.6873900E-003   4.6235402E-009
8.0496800E-003   4.2108081E-009
8.4290500E-003   3.7590700E-009
8.8263000E-003   3.3348551E-009
9.2422700E-003   3.0342491E-009
9.6778500E-003   2.7006730E-009
1.0133900E-002   2.4027611E-009
1.0611500E-002   2.1377120E-009
1.1111700E-002   1.8798001E-009
1.1635300E-002   1.6420429E-009
1.2183700E-002   1.4551900E-009
1.2757900E-002   1.2903900E-009
1.3359100E-002   1.1163021E-009
1.3988700E-002   9.8440600E-010
1.4648000E-002   8.6913299E-010
1.5338400E-002   7.5322198E-010
1.6061200E-002   6.5418398E-010
1.6818200E-002   5.6734401E-010
1.7610800E-002   4.9594301E-010
1.8440800E-002   4.4123499E-010
1.9309800E-002   3.8349199E-010
2.0219900E-002   3.3722400E-010
2.1172800E-002   2.8968700E-010
2.2170700E-002   2.5177699E-010
2.3215500E-002   2.2140000E-010
 18
 1   2   3   4
 xy
 100
1.0133900E-003   5.9496000E-008
1.0611500E-003   5.8246449E-008
1.1111700E-003   5.6975562E-008
1.1635300E-003   5.4703600E-008
1.2183700E-003   5.2932500E-008
1.2757900E-003   5.1591108E-008
1.3359100E-003   4.9411600E-008
1.3988700E-003   4.7645900E-008
1.4648000E-003   4.5645300E-008
1.5338400E-003   4.3857800E-008
1.6061200E-003   4.2272500E-008
1.6818200E-003   4.0479600E-008
1.7610800E-003   3.8779900E-008
1.8440800E-003   3.7764200E-008
1.9309800E-003   3.5594700E-008
2.0219900E-003   3.4546300E-008
2.1172800E-003   3.2527100E-008
2.2170700E-003   3.1187600E-008
2.3215500E-003   2.9397500E-008
2.4309700E-003   2.7957500E-008
2.5455300E-003   2.6553500E-008
2.6655000E-003   2.5454000E-008
2.7911200E-003   2.3693100E-008
2.9226600E-003   2.2557627E-008
3.0604000E-003   2.1359700E-008
3.2046400E-003   1.9920300E-008
3.3556700E-003   1.8741400E-008
3.5138100E-003   1.7641200E-008
3.6794100E-003   1.6214200E-008
3.8528200E-003   1.5184000E-008
4.0344000E-003   1.4521500E-008
4.2245300E-003   1.3596600E-008
4.4236300E-003   1.2738800E-008
4.6321100E-003   1.1672600E-008
4.8504100E-003   1.0980300E-008
5.0790100E-003   1.0083071E-008
5.3183700E-003   9.2253000E-009
5.5690200E-003   8.4109200E-009
5.8314800E-003   7.8497900E-009
6.1063100E-003   7.1752600E-009
6.3940900E-003   6.7728152E-009
6.6954300E-003   6.1879500E-009
7.0109800E-003   5.5377200E-009
7.3414000E-003   5.0326459E-009
7.6873900E-003   4.4909800E-009
8.0496800E-003   4.0595800E-009
8.4290500E-003   3.6954271E-009
8.8263000E-003   3.3564900E-009
9.2422700E-003   3.0342491E-009
9.6778500E-003   2.6963061E-009
1.0133900E-002   2.3960021E-009
1.0611500E-002   2.1524551E-009
1.1111700E-002   1.9065121E-009
1.1635300E-002   1.6886700E-009
1.2183700E-002   1.4957200E-009
1.2757900E-002   1.3062940E-009
1.3359100E-002   1.1701980E-009
1.3988700E-002   1.0319340E-009
1.4648000E-002   9.2060198E-010
1.5338400E-002   8.2445600E-010
1.6061200E-002   7.1887801E-010
1.6818200E-002   6.1432198E-010
1.7610800E-002   5.4173699E-010
1.8440800E-002   4.7027798E-010
1.9309800E-002   4.0824599E-010
2.0219900E-002   3.5439501E-010
2.1172800E-002   3.0551300E-010
2.2170700E-002   2.6179700E-010
2.3215500E-002   2.2433599E-010
 19
 1   2   3   4
 xy
 100
1.0133900E-003   5.2540900E-008
1.0611500E-003   5.1457000E-008
1.1111700E-003   5.0380200E-008
1.1635300E-003   4.9291400E-008
1.2183700E-003   4.7813500E-008
1.2757900E-003   4.6602500E-008
1.3359100E-003   4.5248400E-008
1.3988700E-003   4.3542500E-008
1.4648000E-003   4.2311400E-008
1.5338400E-003   4.0781000E-008
1.6061200E-003   3.9665000E-008
1.6818200E-003   3.8303064E-008
1.7610800E-003   3.7017200E-008
1.8440800E-003   3.5321200E-008
1.9309800E-003   3.4083200E-008
2.0219900E-003   3.2754100E-008
2.1172800E-003   3.1492300E-008
2.2170700E-003   3.0337500E-008
2.3215500E-003   2.8445300E-008
2.4309700E-003   2.7337200E-008
2.5455300E-003   2.6324448E-008
2.6655000E-003   2.4609200E-008
2.7911200E-003   2.3453600E-008
2.9226600E-003   2.2271900E-008
3.0604000E-003   2.1138600E-008
3.2046400E-003   2.0201760E-008
3.3556700E-003   1.8864300E-008
3.5138100E-003   1.7893472E-008
3.6794100E-003   1.6747581E-008
3.8528200E-003   1.5652700E-008
4.0344000E-003   1.4392800E-008
4.2245300E-003   1.3320100E-008
4.4236300E-003   1.2768700E-008
4.6321100E-003   1.1771300E-008
4.8504100E-003   1.0892454E-008
5.0790100E-003   1.0070300E-008
5.3183700E-003   9.3120100E-009
5.5690200E-003   8.6758000E-009
5.8314800E-003   8.0869436E-009
6.1063100E-003   7.4438029E-009
6.3940900E-003   6.9346671E-009
6.6954300E-003   6.3035100E-009
7.0109800E-003   5.8086052E-009
7.3414000E-003   5.2633300E-009
7.6873900E-003   4.8388700E-009
8.0496800E-003   4.4576072E-009
8.4290500E-003   3.9920649E-009
8.8263000E-003   3.6147960E-009
9.2422700E-003   3.2731811E-009
9.6778500E-003   2.8942659E-009
1.0133900E-002   2.5963980E-009
1.0611500E-002   2.3252360E-009
1.1111700E-002   2.0794511E-009
1.1635300E-002   1.8478500E-009
1.2183700E-002   1.6723400E-009
1.2757900E-002   1.4957200E-009
1.3359100E-002   1.3395099E-009
1.3988700E-002   1.1864560E-009
1.4648000E-002   1.0743300E-009
1.5338400E-002   9.5231900E-010
1.6061200E-002   8.6164698E-010
1.6818200E-002   7.6319401E-010
1.7610800E-002   6.6933098E-010
1.8440800E-002   5.8568600E-010
1.9309800E-002   5.0415500E-010
2.0219900E-002   4.3754800E-010
2.1172800E-002   3.8092399E-010
2.2170700E-002   3.2957101E-010
2.3215500E-002   2.8147100E-010
 20
 1   2   3   4
 xy
 100
1.0133900E-003   5.8505100E-008
1.0611500E-003   5.7173800E-008
1.1111700E-003   5.5446800E-008
1.1635300E-003   5.3782400E-008
1.2183700E-003   5.1697700E-008
1.2757900E-003   5.0211800E-008
1.3359100E-003   4.8769800E-008
1.3988700E-003   4.6572900E-008
1.4648000E-003   4.5181100E-008
1.5338400E-003   4.3415000E-008
1.6061200E-003   4.1427000E-008
1.6818200E-003   3.9228600E-008
1.7610800E-003   3.7932300E-008
1.8440800E-003   3.6719400E-008
1.9309800E-003   3.5301900E-008
2.0219900E-003   3.3953500E-008
2.1172800E-003   3.2261000E-008
2.2170700E-003   3.0863900E-008
2.3215500E-003   2.9394323E-008
2.4309700E-003   2.7210200E-008
2.5455300E-003   2.5754500E-008
2.6655000E-003   2.4441700E-008
2.7911200E-003   2.3274000E-008
2.9226600E-003   2.1888800E-008
3.0604000E-003   2.0503400E-008
3.2046400E-003   1.9723700E-008
3.3556700E-003   1.8442600E-008
3.5138100E-003   1.7200500E-008
3.6794100E-003   1.6379400E-008
3.8528200E-003   1.5678600E-008
4.0344000E-003   1.4671248E-008
4.2245300E-003   1.3616100E-008
4.4236300E-003   1.2852335E-008
4.6321100E-003   1.1937766E-008
4.8504100E-003   1.0892454E-008
5.0790100E-003   1.0197614E-008
5.3183700E-003   9.3076169E-009
5.5690200E-003   8.6068486E-009
5.8314800E-003   7.9305100E-009
6.1063100E-003   7.3596218E-009
6.3940900E-003   6.6147412E-009
6.6954300E-003   6.0349800E-009
7.0109800E-003   5.6068372E-009
7.3414000E-003   5.2233449E-009
7.6873900E-003   4.7752491E-009
8.0496800E-003   4.4390691E-009
8.4290500E-003   4.0283590E-009
8.8263000E-003   3.6652410E-009
9.2422700E-003   3.2570211E-009
9.6778500E-003   2.9634311E-009
1.0133900E-002   2.6333760E-009
1.0611500E-002   2.3400799E-009
1.1111700E-002   2.1291440E-009
1.1635300E-002   1.8742100E-009
1.2183700E-002   1.6568630E-009
1.2757900E-002   1.4317870E-009
1.3359100E-002   1.2524320E-009
1.3988700E-002   1.0822960E-009
1.4648000E-002   9.3527197E-010
1.5338400E-002   8.1811402E-010
1.6061200E-002   7.1563200E-010
1.6818200E-002   6.2598698E-010
1.7610800E-002   5.4095001E-010
1.8440800E-002   4.7318699E-010
1.9309800E-002   4.0890699E-010
2.0219900E-002   3.5335901E-010
2.1172800E-002   3.0909500E-010
2.2170700E-002   2.7037600E-010
2.3215500E-002   2.3364699E-010
 21
 1   2   3   4
 xy
 100
1.0133900E-003   5.6307400E-008
1.0611500E-003   5.4936400E-008
1.1111700E-003   5.3601200E-008
1.1635300E-003   5.1954100E-008
1.2183700E-003   5.0347400E-008
1.2757900E-003   4.8995400E-008
1.3359100E-003   4.7638400E-008
1.3988700E-003   4.5577300E-008
1.4648000E-003   4.3848000E-008
1.5338400E-003   4.2787100E-008
1.6061200E-003   4.1026400E-008
1.6818200E-003   3.9149400E-008
1.7610800E-003   3.7589871E-008
1.8440800E-003   3.6024900E-008
1.9309800E-003   3.4901200E-008
2.0219900E-003   3.3097700E-008
2.1172800E-003   3.2021800E-008
2.2170700E-003   3.0349600E-008
2.3215500E-003   2.8957187E-008
2.4309700E-003   2.7663600E-008
2.5455300E-003   2.5918100E-008
2.6655000E-003   2.4699600E-008
2.7911200E-003   2.3396100E-008
2.9226600E-003   2.2048300E-008
3.0604000E-003   2.0929700E-008
3.2046400E-003   1.9618600E-008
3.3556700E-003   1.8387900E-008
3.5138100E-003   1.7042500E-008
3.6794100E-003   1.6196200E-008
3.8528200E-003   1.5240400E-008
4.0344000E-003   1.4142200E-008
4.2245300E-003   1.3077800E-008
4.4236300E-003   1.2209400E-008
4.6321100E-003   1.1350000E-008
4.8504100E-003   1.0621000E-008
5.0790100E-003   9.8062154E-009
5.3183700E-003   9.0493900E-009
5.5690200E-003   8.3278300E-009
5.8314800E-003   7.6354600E-009
6.1063100E-003   6.9117889E-009
6.3940900E-003   6.4603549E-009
6.6954300E-003   5.9746900E-009
7.0109800E-003   5.5234100E-009
7.3414000E-003   5.0957300E-009
7.6873900E-003   4.7256200E-009
8.0496800E-003   4.3241171E-009
8.4290500E-003   3.9343391E-009
8.8263000E-003   3.4961469E-009
9.2422700E-003   3.1094400E-009
9.6778500E-003   2.8664069E-009
1.0133900E-002   2.5677711E-009
1.0611500E-002   2.3002480E-009
1.1111700E-002   2.0284641E-009
1.1635300E-002   1.8047220E-009
1.2183700E-002   1.6037190E-009
1.2757900E-002   1.4251030E-009
1.3359100E-002   1.2368230E-009
1.3988700E-002   1.1100070E-009
1.4648000E-002   9.6161901E-010
1.5338400E-002   8.4762802E-010
1.6061200E-002   7.5322198E-010
1.6818200E-002   6.7612699E-010
1.7610800E-002   5.9531102E-010
1.8440800E-002   5.2497201E-010
1.9309800E-002   4.6315099E-010
2.0219900E-002   4.0824599E-010
2.1172800E-002   3.6000999E-010
2.2170700E-002   3.1747299E-010
2.3215500E-002   2.7996200E-010
 22
 1   2   3   4
 xy
 100
1.0133900E-003   5.4742500E-008
1.0611500E-003   5.3406700E-008
1.1111700E-003   5.1798100E-008
1.1635300E-003   5.0508000E-008
1.2183700E-003   4.8970900E-008
1.2757900E-003   4.7743300E-008
1.3359100E-003   4.6354000E-008
1.3988700E-003   4.5092500E-008
1.4648000E-003   4.3694000E-008
1.5338400E-003   4.1735800E-008
1.6061200E-003   4.0267600E-008
1.6818200E-003   3.8981100E-008
1.7610800E-003   3.7409900E-008
1.8440800E-003   3.6253500E-008
1.9309800E-003   3.4309213E-008
2.0219900E-003   3.2812700E-008
2.1172800E-003   3.1584900E-008
2.2170700E-003   2.9844800E-008
2.3215500E-003   2.8915300E-008
2.4309700E-003   2.7531800E-008
2.5455300E-003   2.6553300E-008
2.6655000E-003   2.4857600E-008
2.7911200E-003   2.3810610E-008
2.9226600E-003   2.2344100E-008
3.0604000E-003   2.1450862E-008
3.2046400E-003   1.9876100E-008
3.3556700E-003   1.8985300E-008
3.5138100E-003   1.8027549E-008
3.6794100E-003   1.6565000E-008
3.8528200E-003   1.5452200E-008
4.0344000E-003   1.4522900E-008
4.2245300E-003   1.3482000E-008
4.4236300E-003   1.2706400E-008
4.6321100E-003   1.1586100E-008
4.8504100E-003   1.0692100E-008
5.0790100E-003   9.9531200E-009
5.3183700E-003   9.3535446E-009
5.5690200E-003   8.4952951E-009
5.8314800E-003   7.8903746E-009
6.1063100E-003   7.2818700E-009
6.3940900E-003   6.8536300E-009
6.6954300E-003   6.2619800E-009
7.0109800E-003   5.7438991E-009
7.3414000E-003   5.2839071E-009
7.6873900E-003   4.9115449E-009
8.0496800E-003   4.5332560E-009
8.4290500E-003   4.1453738E-009
8.8263000E-003   3.7835872E-009
9.2422700E-003   3.4534930E-009
9.6778500E-003   3.1228000E-009
1.0133900E-002   2.8267151E-009
1.0611500E-002   2.5250291E-009
1.1111700E-002   2.2571580E-009
1.1635300E-002   2.0033800E-009
1.2183700E-002   1.8047220E-009
1.2757900E-002   1.6258550E-009
1.3359100E-002   1.4752490E-009
1.3988700E-002   1.2966430E-009
1.4648000E-002   1.1569770E-009
1.5338400E-002   1.0371251E-009
1.6061200E-002   8.9641000E-010
1.6818200E-002   7.7861900E-010
1.7610800E-002   6.8585200E-010
1.8440800E-002   6.0029398E-010
1.9309800E-002   5.3161098E-010
2.0219900E-002   4.6509999E-010
2.1172800E-002   4.0691001E-010
2.2170700E-002   3.5600101E-010
2.3215500E-002   3.1436601E-010
 23
 1   2   3   4
 xy
 100
1.0133900E-003   5.3609200E-008
1.0611500E-003   5.2342600E-008
1.1111700E-003   5.1006100E-008
1.1635300E-003   4.9971000E-008
1.2183700E-003   4.8460700E-008
1.2757900E-003   4.6744100E-008
1.3359100E-003   4.6099900E-008
1.3988700E-003   4.4959200E-008
1.4648000E-003   4.3115500E-008
1.5338400E-003   4.1876400E-008
1.6061200E-003   4.0199200E-008
1.6818200E-003   3.8387500E-008
1.7610800E-003   3.7491800E-008
1.8440800E-003   3.6062600E-008
1.9309800E-003   3.4356200E-008
2.0219900E-003   3.3337900E-008
2.1172800E-003   3.1750400E-008
2.2170700E-003   3.0245100E-008
2.3215500E-003   2.9028400E-008
2.4309700E-003   2.7760800E-008
2.5455300E-003   2.6173200E-008
2.6655000E-003   2.5174100E-008
2.7911200E-003   2.3829500E-008
2.9226600E-003   2.2896000E-008
3.0604000E-003   2.1478700E-008
3.2046400E-003   2.0350672E-008
3.3556700E-003   1.9021500E-008
3.5138100E-003   1.7901200E-008
3.6794100E-003   1.6770100E-008
3.8528200E-003   1.5719400E-008
4.0344000E-003   1.4950400E-008
4.2245300E-003   1.3830900E-008
4.4236300E-003   1.2918500E-008
4.6321100E-003   1.2070300E-008
4.8504100E-003   1.1206700E-008
5.0790100E-003   1.0348800E-008
5.3183700E-003   9.6500900E-009
5.5690200E-003   8.9670800E-009
5.8314800E-003   8.2717600E-009
6.1063100E-003   7.6441900E-009
6.3940900E-003   7.0212809E-009
6.6954300E-003   6.4723800E-009
7.0109800E-003   5.8732700E-009
7.3414000E-003   5.3169500E-009
7.6873900E-003   4.8690100E-009
8.0496800E-003   4.4818700E-009
8.4290500E-003   4.0703900E-009
8.8263000E-003   3.6883500E-009
9.2422700E-003   3.3999300E-009
9.6778500E-003   3.0840150E-009
1.0133900E-002   2.7678300E-009
1.0611500E-002   2.5118860E-009
1.1111700E-002   2.2321220E-009
1.1635300E-002   1.9934980E-009
1.2183700E-002   1.7626000E-009
1.2757900E-002   1.5561860E-009
1.3359100E-002   1.3593560E-009
1.3988700E-002   1.1864890E-009
1.4648000E-002   1.0299210E-009
1.5338400E-002   9.0986002E-010
1.6061200E-002   7.8997098E-010
1.6818200E-002   6.9663197E-010
1.7610800E-002   6.0580202E-010
1.8440800E-002   5.1969601E-010
1.9309800E-002   4.5646900E-010
2.0219900E-002   3.9623399E-010
2.1172800E-002   3.4802700E-010
2.2170700E-002   2.9506000E-010
2.3215500E-002   2.5015401E-010
 24
 1   2   3   4
 xy
 100
1.0133900E-003   5.4881200E-008
1.0611500E-003   5.4015300E-008
1.1111700E-003   5.2747900E-008
1.1635300E-003   5.0876700E-008
1.2183700E-003   4.9392700E-008
1.2757900E-003   4.8412200E-008
1.3359100E-003   4.6947500E-008
1.3988700E-003   4.5075900E-008
1.4648000E-003   4.3897700E-008
1.5338400E-003   4.2662800E-008
1.6061200E-003   4.1004900E-008
1.6818200E-003   3.9784400E-008
1.7610800E-003   3.8144100E-008
1.8440800E-003   3.6467100E-008
1.9309800E-003   3.5186600E-008
2.0219900E-003   3.3617100E-008
2.1172800E-003   3.2245800E-008
2.2170700E-003   3.0843600E-008
2.3215500E-003   2.9473600E-008
2.4309700E-003   2.8054300E-008
2.5455300E-003   2.6655800E-008
2.6655000E-003   2.5251200E-008
2.7911200E-003   2.4157800E-008
2.9226600E-003   2.2635200E-008
3.0604000E-003   2.1535500E-008
3.2046400E-003   2.0358400E-008
3.3556700E-003   1.9185386E-008
3.5138100E-003   1.7976900E-008
3.6794100E-003   1.6826700E-008
3.8528200E-003   1.5712400E-008
4.0344000E-003   1.4858500E-008
4.2245300E-003   1.4020200E-008
4.4236300E-003   1.2879900E-008
4.6321100E-003   1.2030100E-008
4.8504100E-003   1.1200800E-008
5.0790100E-003   1.0513976E-008
5.3183700E-003   9.7258700E-009
5.5690200E-003   8.9138226E-009
5.8314800E-003   8.2301200E-009
6.1063100E-003   7.6468529E-009
6.3940900E-003   7.0815900E-009
6.6954300E-003   6.5383700E-009
7.0109800E-003   5.9486200E-009
7.3414000E-003   5.4064300E-009
7.6873900E-003   4.9942800E-009
8.0496800E-003   4.4997000E-009
8.4290500E-003   4.1414978E-009
8.8263000E-003   3.7901600E-009
9.2422700E-003   3.4700269E-009
9.6778500E-003   3.1576191E-009
1.0133900E-002   2.8267151E-009
1.0611500E-002   2.5537019E-009
1.1111700E-002   2.2825900E-009
1.1635300E-002   2.0309181E-009
1.2183700E-002   1.8047220E-009
1.2757900E-002   1.6122280E-009
1.3359100E-002   1.4591590E-009
1.3988700E-002   1.3193450E-009
1.4648000E-002   1.1588320E-009
1.5338400E-002   1.0421390E-009
1.6061200E-002   9.4767100E-010
1.6818200E-002   8.2784402E-010
1.7610800E-002   7.3564199E-010
1.8440800E-002   6.5370898E-010
1.9309800E-002   5.8090199E-010
2.0219900E-002   5.1360299E-010
2.1172800E-002   4.6188400E-010
2.2170700E-002   4.1050299E-010
2.3215500E-002   3.6222200E-010
 25
 1   2   3   4
 xy
 100
1.0133900E-003   5.7297700E-008
1.0611500E-003   5.5754500E-008
1.1111700E-003   5.4276000E-008
1.1635300E-003   5.3074600E-008
1.2183700E-003   5.1558200E-008
1.2757900E-003   4.9842700E-008
1.3359100E-003   4.8426700E-008
1.3988700E-003   4.7005500E-008
1.4648000E-003   4.5212700E-008
1.5338400E-003   4.3601200E-008
1.6061200E-003   4.2628600E-008
1.6818200E-003   4.0896900E-008
1.7610800E-003   3.9036400E-008
1.8440800E-003   3.7609000E-008
1.9309800E-003   3.6699547E-008
2.0219900E-003   3.4853900E-008
2.1172800E-003   3.3093300E-008
2.2170700E-003   3.1328100E-008
2.3215500E-003   3.0206800E-008
2.4309700E-003   2.8798500E-008
2.5455300E-003   2.7015500E-008
2.6655000E-003   2.6024400E-008
2.7911200E-003   2.4378400E-008
2.9226600E-003   2.3187300E-008
3.0604000E-003   2.1856900E-008
3.2046400E-003   2.0488300E-008
3.3556700E-003   1.9185386E-008
3.5138100E-003   1.8028500E-008
3.6794100E-003   1.7010200E-008
3.8528200E-003   1.6063500E-008
4.0344000E-003   1.5125900E-008
4.2245300E-003   1.3932600E-008
4.4236300E-003   1.3002000E-008
4.6321100E-003   1.1868900E-008
4.8504100E-003   1.1072800E-008
5.0790100E-003   1.0350800E-008
5.3183700E-003   9.4287900E-009
5.5690200E-003   8.7774600E-009
5.8314800E-003   8.1994200E-009
6.1063100E-003   7.4686044E-009
6.3940900E-003   6.9584032E-009
6.6954300E-003   6.3319359E-009
7.0109800E-003   5.8302212E-009
7.3414000E-003   5.2431259E-009
7.6873900E-003   4.7710849E-009
8.0496800E-003   4.2488200E-009
8.4290500E-003   3.7835400E-009
8.8263000E-003   3.4613790E-009
9.2422700E-003   3.1267900E-009
9.6778500E-003   2.8186700E-009
1.0133900E-002   2.5537019E-009
1.0611500E-002   2.2696240E-009
1.1111700E-002   2.0171469E-009
1.1635300E-002   1.7927561E-009
1.2183700E-002   1.5933260E-009
1.2757900E-002   1.3830730E-009
1.3359100E-002   1.2292170E-009
1.3988700E-002   1.0796690E-009
1.4648000E-002   9.3719699E-010
1.5338400E-002   8.2317603E-010
1.6061200E-002   7.1455097E-010
1.6818200E-002   6.2026001E-010
1.7610800E-002   5.4479798E-010
1.8440800E-002   4.7851700E-010
1.9309800E-002   4.1050299E-010
2.0219900E-002   3.6056100E-010
2.1172800E-002   3.1669400E-010
2.2170700E-002   2.7490399E-010
2.3215500E-002   2.4145899E-010
 26
 1   2   3   4
 xy
 100
1.0133900E-003   5.7609800E-008
1.0611500E-003   5.5992600E-008
1.1111700E-003   5.4617200E-008
1.1635300E-003   5.3952295E-008
1.2183700E-003   5.2252000E-008
1.2757900E-003   5.0832000E-008
1.3359100E-003   4.8676600E-008
1.3988700E-003   4.7276400E-008
1.4648000E-003   4.6139900E-008
1.5338400E-003   4.4398200E-008
1.6061200E-003   4.2929354E-008
1.6818200E-003   4.1403900E-008
1.7610800E-003   3.9203000E-008
1.8440800E-003   3.8141400E-008
1.9309800E-003   3.6404500E-008
2.0219900E-003   3.4530800E-008
2.1172800E-003   3.3414800E-008
2.2170700E-003   3.1570500E-008
2.3215500E-003   3.0321500E-008
2.4309700E-003   2.8842800E-008
2.5455300E-003   2.7783800E-008
2.6655000E-003   2.5858900E-008
2.7911200E-003   2.4689500E-008
2.9226600E-003   2.3110200E-008
3.0604000E-003   2.1897600E-008
3.2046400E-003   2.0873200E-008
3.3556700E-003   1.9315300E-008
3.5138100E-003   1.8345900E-008
3.6794100E-003   1.7193200E-008
3.8528200E-003   1.5963000E-008
4.0344000E-003   1.5144000E-008
4.2245300E-003   1.4055300E-008
4.4236300E-003   1.2957800E-008
4.6321100E-003   1.2211800E-008
4.8504100E-003   1.1190800E-008
5.0790100E-003   1.0271500E-008
5.3183700E-003   9.2607800E-009
5.5690200E-003   8.3956000E-009
5.8314800E-003   7.7655400E-009
6.1063100E-003   7.2673600E-009
6.3940900E-003   6.6978991E-009
6.6954300E-003   6.0735100E-009
7.0109800E-003   5.4922200E-009
7.3414000E-003   4.9841600E-009
7.6873900E-003   4.4274522E-009
8.0496800E-003   4.0283590E-009
8.4290500E-003   3.5891700E-009
8.8263000E-003   3.1354200E-009
9.2422700E-003   2.8217071E-009
9.6778500E-003   2.5118860E-009
1.0133900E-002   2.2321220E-009
1.0611500E-002   1.9850290E-009
1.1111700E-002   1.7706751E-009
1.1635300E-002   1.5615230E-009
1.2183700E-002   1.3614290E-009
1.2757900E-002   1.1869750E-009
1.3359100E-002   1.0114930E-009
1.3988700E-002   8.8188001E-010
1.4648000E-002   7.6887602E-010
1.5338400E-002   6.7035200E-010
1.6061200E-002   5.8445299E-010
1.6818200E-002   5.1541699E-010
1.7610800E-002   4.3921800E-010
1.8440800E-002   3.7739101E-010
1.9309800E-002   3.2761099E-010
2.0219900E-002   2.8890201E-010
2.1172800E-002   2.4688299E-010
2.2170700E-002   2.1097600E-010
2.3215500E-002   1.8029001E-010
 27
 1   2   3   4
 xy
 100
1.0133900E-003   5.4852600E-008
1.0611500E-003   5.3716300E-008
1.1111700E-003   5.2657900E-008
1.1635300E-003   5.1523900E-008
1.2183700E-003   5.0007300E-008
1.2757900E-003   4.8800800E-008
1.3359100E-003   4.7982800E-008
1.3988700E-003   4.6431100E-008
1.4648000E-003   4.4639900E-008
1.5338400E-003   4.3663500E-008
1.6061200E-003   4.2156100E-008
1.6818200E-003   4.0546400E-008
1.7610800E-003   3.8957000E-008
1.8440800E-003   3.7641200E-008
1.9309800E-003   3.6243200E-008
2.0219900E-003   3.4738000E-008
2.1172800E-003   3.3358000E-008
2.2170700E-003   3.2051200E-008
2.3215500E-003   3.0163800E-008
2.4309700E-003   2.8777766E-008
2.5455300E-003   2.7490900E-008
2.6655000E-003   2.6419100E-008
2.7911200E-003   2.5072600E-008
2.9226600E-003   2.3786000E-008
3.0604000E-003   2.2656800E-008
3.2046400E-003   2.1626567E-008
3.3556700E-003   2.0022600E-008
3.5138100E-003   1.9042200E-008
3.6794100E-003   1.7721700E-008
3.8528200E-003   1.6439207E-008
4.0344000E-003   1.5313700E-008
4.2245300E-003   1.4405700E-008
4.4236300E-003   1.3468200E-008
4.6321100E-003   1.2481200E-008
4.8504100E-003   1.1620400E-008
5.0790100E-003   1.0755500E-008
5.3183700E-003   1.0043800E-008
5.5690200E-003   9.2841450E-009
5.8314800E-003   8.6008500E-009
6.1063100E-003   7.9457100E-009
6.3940900E-003   7.2203918E-009
6.6954300E-003   6.5895929E-009
7.0109800E-003   6.0830181E-009
7.3414000E-003   5.6033800E-009
7.6873900E-003   5.0431100E-009
8.0496800E-003   4.6659698E-009
8.4290500E-003   4.2199781E-009
8.8263000E-003   3.8253800E-009
9.2422700E-003   3.4774600E-009
9.6778500E-003   3.1713250E-009
1.0133900E-002   2.8942659E-009
1.0611500E-002   2.5719140E-009
1.1111700E-002   2.3029409E-009
1.1635300E-002   2.0241500E-009
1.2183700E-002   1.8047220E-009
1.2757900E-002   1.6355700E-009
1.3359100E-002   1.4591590E-009
1.3988700E-002   1.3223400E-009
1.4648000E-002   1.1869750E-009
1.5338400E-002   1.0524800E-009
1.6061200E-002   9.5386599E-010
1.6818200E-002   8.6699900E-010
1.7610800E-002   7.9212700E-010
1.8440800E-002   7.0976802E-010
1.9309800E-002   6.4040001E-010
2.0219900E-002   5.6734401E-010
2.1172800E-002   5.0415500E-010
2.2170700E-002   4.4800400E-010
2.3215500E-002   3.8944301E-010
 28
 1   2   3   4
 xy
 100
1.0133900E-003   5.8657800E-008
1.0611500E-003   5.7093600E-008
1.1111700E-003   5.5981800E-008
1.1635300E-003   5.4935800E-008
1.2183700E-003   5.3385600E-008
1.2757900E-003   5.1441600E-008
1.3359100E-003   5.0206800E-008
1.3988700E-003   4.9036600E-008
1.4648000E-003   4.6993900E-008
1.5338400E-003   4.5685100E-008
1.6061200E-003   4.4937142E-008
1.6818200E-003   4.2468000E-008
1.7610800E-003   4.0938100E-008
1.8440800E-003   3.9178889E-008
1.9309800E-003   3.7586100E-008
2.0219900E-003   3.6228800E-008
2.1172800E-003   3.4776700E-008
2.2170700E-003   3.3417400E-008
2.3215500E-003   3.1808400E-008
2.4309700E-003   3.0663500E-008
2.5455300E-003   2.8876900E-008
2.6655000E-003   2.7503200E-008
2.7911200E-003   2.5887600E-008
2.9226600E-003   2.4609700E-008
3.0604000E-003   2.3222600E-008
3.2046400E-003   2.1700900E-008
3.3556700E-003   2.0776200E-008
3.5138100E-003   1.9737191E-008
3.6794100E-003   1.8236200E-008
3.8528200E-003   1.6980100E-008
4.0344000E-003   1.5885195E-008
4.2245300E-003   1.4843700E-008
4.4236300E-003   1.3773000E-008
4.6321100E-003   1.2842900E-008
4.8504100E-003   1.1959700E-008
5.0790100E-003   1.0931100E-008
5.3183700E-003   1.0156000E-008
5.5690200E-003   9.4277900E-009
5.8314800E-003   8.6530100E-009
6.1063100E-003   8.0689000E-009
6.3940900E-003   7.6216899E-009
6.6954300E-003   6.9346671E-009
7.0109800E-003   6.3095729E-009
7.3414000E-003   5.7237308E-009
7.6873900E-003   5.2086300E-009
8.0496800E-003   4.7308371E-009
8.4290500E-003   4.3241171E-009
8.8263000E-003   4.0283590E-009
9.2422700E-003   3.6652410E-009
9.6778500E-003   3.2570211E-009
1.0133900E-002   2.9634311E-009
1.0611500E-002   2.6917459E-009
1.1111700E-002   2.4532600E-009
1.1635300E-002   2.1800250E-009
1.2183700E-002   1.9656909E-009
1.2757900E-002   1.7626000E-009
1.3359100E-002   1.5794690E-009
1.3988700E-002   1.3918410E-009
1.4648000E-002   1.2144800E-009
1.5338400E-002   1.0734190E-009
1.6061200E-002   9.5532005E-010
1.6818200E-002   8.2784402E-010
1.7610800E-002   7.2617601E-010
1.8440800E-002   6.1432198E-010
1.9309800E-002   5.4173699E-010
2.0219900E-002   4.7579402E-010
2.1172800E-002   4.1471299E-010
2.2170700E-002   3.6571299E-010
2.3215500E-002   3.1747299E-010
 29
 1   2   3   4
 xy
 100
1.0133900E-003   5.7078500E-008
1.0611500E-003   5.5602300E-008
1.1111700E-003   5.4140700E-008
1.1635300E-003   5.2974400E-008
1.2183700E-003   5.2239700E-008
1.2757900E-003   5.0803100E-008
1.3359100E-003   4.9075400E-008
1.3988700E-003   4.7692100E-008
1.4648000E-003   4.6622200E-008
1.5338400E-003   4.4599300E-008
1.6061200E-003   4.3490000E-008
1.6818200E-003   4.2190600E-008
1.7610800E-003   4.0313900E-008
1.8440800E-003   3.9122800E-008
1.9309800E-003   3.7658300E-008
2.0219900E-003   3.5663400E-008
2.1172800E-003   3.4803300E-008
2.2170700E-003   3.3075300E-008
2.3215500E-003   3.1646000E-008
2.4309700E-003   3.0469895E-008
2.5455300E-003   2.8814800E-008
2.6655000E-003   2.7103400E-008
2.7911200E-003   2.5854900E-008
2.9226600E-003   2.4711300E-008
3.0604000E-003   2.3033300E-008
3.2046400E-003   2.1626567E-008
3.3556700E-003   2.0399300E-008
3.5138100E-003   1.9342100E-008
3.6794100E-003   1.8252300E-008
3.8528200E-003   1.6888100E-008
4.0344000E-003   1.5943300E-008
4.2245300E-003   1.4859200E-008
4.4236300E-003   1.3940500E-008
4.6321100E-003   1.2803100E-008
4.8504100E-003   1.1874500E-008
5.0790100E-003   1.1133300E-008
5.3183700E-003   1.0086800E-008
5.5690200E-003   9.3921100E-009
5.8314800E-003   8.5832700E-009
6.1063100E-003   7.8779400E-009
6.3940900E-003   7.3485000E-009
6.6954300E-003   6.6979300E-009
7.0109800E-003   6.2348000E-009
7.3414000E-003   5.6799232E-009
7.6873900E-003   5.1388000E-009
8.0496800E-003   4.7230800E-009
8.4290500E-003   4.2684771E-009
8.8263000E-003   3.8639429E-009
9.2422700E-003   3.4436100E-009
9.6778500E-003   3.1352909E-009
1.0133900E-002   2.7712100E-009
1.0611500E-002   2.5118860E-009
1.1111700E-002   2.2854640E-009
1.1635300E-002   2.0359700E-009
1.2183700E-002   1.8047220E-009
1.2757900E-002   1.6037190E-009
1.3359100E-002   1.4130930E-009
1.3988700E-002   1.2712130E-009
1.4648000E-002   1.1083200E-009
1.5338400E-002   9.7740505E-010
1.6061200E-002   8.7185997E-010
1.6818200E-002   7.7771201E-010
1.7610800E-002   6.7805600E-010
1.8440800E-002   6.0474198E-010
1.9309800E-002   5.2853899E-010
2.0219900E-002   4.6967202E-010
2.1172800E-002   4.1011300E-010
2.2170700E-002   3.6167000E-010
2.3215500E-002   3.1174299E-010
 30
 1   2   3   4
 xy
 100
1.0133900E-003   5.9437000E-008
1.0611500E-003   5.8608300E-008
1.1111700E-003   5.6842800E-008
1.1635300E-003   5.5287200E-008
1.2183700E-003   5.4505600E-008
1.2757900E-003   5.3388500E-008
1.3359100E-003   5.1717800E-008
1.3988700E-003   4.9818000E-008
1.4648000E-003   4.8699800E-008
1.5338400E-003   4.7335600E-008
1.6061200E-003   4.5290700E-008
1.6818200E-003   4.4045900E-008
1.7610800E-003   4.2325800E-008
1.8440800E-003   4.0573500E-008
1.9309800E-003   3.9425600E-008
2.0219900E-003   3.7370000E-008
2.1172800E-003   3.5756077E-008
2.2170700E-003   3.4077000E-008
2.3215500E-003   3.2629300E-008
2.4309700E-003   3.1255300E-008
2.5455300E-003   2.9641500E-008
2.6655000E-003   2.8127525E-008
2.7911200E-003   2.6598300E-008
2.9226600E-003   2.5071700E-008
3.0604000E-003   2.3865400E-008
3.2046400E-003   2.2452900E-008
3.3556700E-003   2.1380842E-008
3.5138100E-003   1.9889700E-008
3.6794100E-003   1.8694800E-008
3.8528200E-003   1.7397600E-008
4.0344000E-003   1.6232400E-008
4.2245300E-003   1.5036100E-008
4.4236300E-003   1.4173500E-008
4.6321100E-003   1.3080529E-008
4.8504100E-003   1.1957100E-008
5.0790100E-003   1.1404387E-008
5.3183700E-003   1.0608184E-008
5.5690200E-003   9.8826130E-009
5.8314800E-003   8.9917904E-009
6.1063100E-003   8.2815976E-009
6.3940900E-003   7.3906200E-009
6.6954300E-003   6.8194121E-009
7.0109800E-003   6.1570400E-009
7.3414000E-003   5.6068372E-009
7.6873900E-003   5.0474460E-009
8.0496800E-003   4.5246800E-009
8.4290500E-003   4.1246260E-009
8.8263000E-003   3.7642840E-009
9.2422700E-003   3.4354219E-009
9.6778500E-003   3.1007561E-009
1.0133900E-002   2.8220000E-009
1.0611500E-002   2.5719140E-009
1.1111700E-002   2.2854640E-009
1.1635300E-002   2.0419300E-009
1.2183700E-002   1.8345800E-009
1.2757900E-002   1.6240800E-009
1.3359100E-002   1.4497200E-009
1.3988700E-002   1.2966430E-009
1.4648000E-002   1.1339411E-009
1.5338400E-002   9.9999997E-010
1.6061200E-002   8.6788399E-010
1.6818200E-002   7.4183498E-010
1.7610800E-002   6.3393901E-010
1.8440800E-002   5.4173699E-010
1.9309800E-002   4.7027798E-010
2.0219900E-002   4.0187900E-010
2.1172800E-002   3.4342801E-010
2.2170700E-002   2.8890201E-010
2.3215500E-002   2.4303301E-010
 31
 1   2   3   4
 xy
 100
1.0133900E-003   5.9089800E-008
1.0611500E-003   5.8255200E-008
1.1111700E-003   5.6949800E-008
1.1635300E-003   5.5308600E-008
1.2183700E-003   5.4109200E-008
1.2757900E-003   5.3019900E-008
1.3359100E-003   5.1501400E-008
1.3988700E-003   4.9760100E-008
1.4648000E-003   4.8534400E-008
1.5338400E-003   4.7232300E-008
1.6061200E-003   4.5220400E-008
1.6818200E-003   4.4074900E-008
1.7610800E-003   4.2734300E-008
1.8440800E-003   4.0665600E-008
1.9309800E-003   3.9494300E-008
2.0219900E-003   3.7531000E-008
2.1172800E-003   3.6303400E-008
2.2170700E-003   3.4286600E-008
2.3215500E-003   3.2653200E-008
2.4309700E-003   3.1376900E-008
2.5455300E-003   3.0071500E-008
2.6655000E-003   2.8509000E-008
2.7911200E-003   2.7003300E-008
2.9226600E-003   2.5273500E-008
3.0604000E-003   2.3691800E-008
3.2046400E-003   2.2421900E-008
3.3556700E-003   2.1255900E-008
3.5138100E-003   2.0200500E-008
3.6794100E-003   1.8900300E-008
3.8528200E-003   1.7667400E-008
4.0344000E-003   1.6381000E-008
4.2245300E-003   1.5316700E-008
4.4236300E-003   1.4247000E-008
4.6321100E-003   1.3144200E-008
4.8504100E-003   1.2221900E-008
5.0790100E-003   1.1410700E-008
5.3183700E-003   1.0631900E-008
5.5690200E-003   9.6103800E-009
5.8314800E-003   8.8291700E-009
6.1063100E-003   8.2349900E-009
6.3940900E-003   7.4857000E-009
6.6954300E-003   6.8194121E-009
7.0109800E-003   6.2653100E-009
7.3414000E-003   5.7550600E-009
7.6873900E-003   5.2057400E-009
8.0496800E-003   4.6754900E-009
8.4290500E-003   4.2556400E-009
8.8263000E-003   3.8513051E-009
9.2422700E-003   3.4354219E-009
9.6778500E-003   3.0613000E-009
1.0133900E-002   2.7187600E-009
1.0611500E-002   2.4132100E-009
1.1111700E-002   2.2000459E-009
1.1635300E-002   1.9656200E-009
1.2183700E-002   1.7606000E-009
1.2757900E-002   1.5880000E-009
1.3359100E-002   1.3918410E-009
1.3988700E-002   1.2079560E-009
1.4648000E-002   1.0734190E-009
1.5338400E-002   9.5532005E-010
1.6061200E-002   8.4762802E-010
1.6818200E-002   7.4296402E-010
1.7610800E-002   6.5370898E-010
1.8440800E-002   5.6734401E-010
1.9309800E-002   4.9804699E-010
2.0219900E-002   4.3754800E-010
2.1172800E-002   3.8733700E-010
2.2170700E-002   3.3770400E-010
2.3215500E-002   2.9986300E-010
 32
 1   2   3   4
 xy
 100
1.0133900E-003   5.7933300E-008
1.0611500E-003   5.7061900E-008
1.1111700E-003   5.6244200E-008
1.1635300E-003   5.5065800E-008
1.2183700E-003   5.3189200E-008
1.2757900E-003   5.1820200E-008
1.3359100E-003   5.0964200E-008
1.3988700E-003   4.9125700E-008
1.4648000E-003   4.7928600E-008
1.5338400E-003   4.6932800E-008
1.6061200E-003   4.5126600E-008
1.6818200E-003   4.3341400E-008
1.7610800E-003   4.2368500E-008
1.8440800E-003   4.0329700E-008
1.9309800E-003   3.8955000E-008
2.0219900E-003   3.7759200E-008
2.1172800E-003   3.5784000E-008
2.2170700E-003   3.4593800E-008
2.3215500E-003   3.2514900E-008
2.4309700E-003   3.1451500E-008
2.5455300E-003   2.9388700E-008
2.6655000E-003   2.8425000E-008
2.7911200E-003   2.6661400E-008
2.9226600E-003   2.5274700E-008
3.0604000E-003   2.4246900E-008
3.2046400E-003   2.2918800E-008
3.3556700E-003   2.1375100E-008
3.5138100E-003   2.0091200E-008
3.6794100E-003   1.8783000E-008
3.8528200E-003   1.7421500E-008
4.0344000E-003   1.6369600E-008
4.2245300E-003   1.5170000E-008
4.4236300E-003   1.4304900E-008
4.6321100E-003   1.3268500E-008
4.8504100E-003   1.2197100E-008
5.0790100E-003   1.1401100E-008
5.3183700E-003   1.0495300E-008
5.5690200E-003   9.6713100E-009
5.8314800E-003   8.9321300E-009
6.1063100E-003   8.0077000E-009
6.3940900E-003   7.4143700E-009
6.6954300E-003   6.9170000E-009
7.0109800E-003   6.2951702E-009
7.3414000E-003   5.6988300E-009
7.6873900E-003   5.1837041E-009
8.0496800E-003   4.6932300E-009
8.4290500E-003   4.2684771E-009
8.8263000E-003   3.8425130E-009
9.2422700E-003   3.4354219E-009
9.6778500E-003   3.0342491E-009
1.0133900E-002   2.7649500E-009
1.0611500E-002   2.4417300E-009
1.1111700E-002   2.2000459E-009
1.1635300E-002   1.9372219E-009
1.2183700E-002   1.7306671E-009
1.2757900E-002   1.5794690E-009
1.3359100E-002   1.3929020E-009
1.3988700E-002   1.2144150E-009
1.4648000E-002   1.0588000E-009
1.5338400E-002   9.3373398E-010
1.6061200E-002   8.1408502E-010
1.6818200E-002   7.0170397E-010
1.7610800E-002   6.1178701E-010
1.8440800E-002   5.1620302E-010
1.9309800E-002   4.4937101E-010
2.0219900E-002   3.8733700E-010
2.1172800E-002   3.2957101E-010
2.2170700E-002   2.8127500E-010
2.3215500E-002   2.4244601E-010
 33
 1   2   3   4
 xy
 100
1.0133900E-003   5.3732800E-008
1.0611500E-003   5.3433800E-008
1.1111700E-003   5.2287700E-008
1.1635300E-003   5.0539300E-008
1.2183700E-003   4.9375000E-008
1.2757900E-003   4.8739200E-008
1.3359100E-003   4.7597800E-008
1.3988700E-003   4.5848800E-008
1.4648000E-003   4.4727300E-008
1.5338400E-003   4.3272200E-008
1.6061200E-003   4.1977700E-008
1.6818200E-003   4.1082000E-008
1.7610800E-003   3.9840500E-008
1.8440800E-003   3.8196100E-008
1.9309800E-003   3.7003108E-008
2.0219900E-003   3.5653300E-008
2.1172800E-003   3.4100700E-008
2.2170700E-003   3.2464700E-008
2.3215500E-003   3.1032800E-008
2.4309700E-003   3.0100700E-008
2.5455300E-003   2.8556900E-008
2.6655000E-003   2.7168600E-008
2.7911200E-003   2.5765600E-008
2.9226600E-003   2.4035200E-008
3.0604000E-003   2.3127100E-008
3.2046400E-003   2.1626567E-008
3.3556700E-003   2.0329400E-008
3.5138100E-003   1.9291225E-008
3.6794100E-003   1.7987900E-008
3.8528200E-003   1.6838100E-008
4.0344000E-003   1.5885195E-008
4.2245300E-003   1.5175445E-008
4.4236300E-003   1.4169834E-008
4.6321100E-003   1.3001700E-008
4.8504100E-003   1.1918900E-008
5.0790100E-003   1.0936500E-008
5.3183700E-003   1.0003400E-008
5.5690200E-003   9.2066701E-009
5.8314800E-003   8.5704270E-009
6.1063100E-003   7.7328117E-009
6.3940900E-003   6.9346671E-009
6.6954300E-003   6.3095729E-009
7.0109800E-003   5.6799232E-009
7.3414000E-003   5.1014339E-009
7.6873900E-003   4.5332560E-009
8.0496800E-003   4.0931000E-009
8.4290500E-003   3.7443710E-009
8.8263000E-003   3.3348551E-009
9.2422700E-003   2.9611751E-009
9.6778500E-003   2.6333760E-009
1.0133900E-002   2.2854640E-009
1.0611500E-002   1.9835169E-009
1.1111700E-002   1.7334360E-009
1.1635300E-002   1.5262400E-009
1.2183700E-002   1.3062940E-009
1.2757900E-002   1.1339860E-009
1.3359100E-002   9.8440600E-010
1.3988700E-002   8.6195401E-010
1.4648000E-002   7.6552398E-010
1.5338400E-002   6.6454697E-010
1.6061200E-002   5.7688898E-010
1.6818200E-002   5.0079402E-010
1.7610800E-002   4.3473600E-010
1.8440800E-002   3.8337000E-010
1.9309800E-002   3.2761099E-010
2.0219900E-002   2.8439701E-010
2.1172800E-002   2.4523300E-010
2.2170700E-002   2.1097600E-010
2.3215500E-002   1.8314700E-010
 34
 1   2   3   4
 xy
 100
1.0133900E-003   5.5323000E-008
1.0611500E-003   5.4968600E-008
1.1111700E-003   5.3973400E-008
1.1635300E-003   5.2428600E-008
1.2183700E-003   5.1307400E-008
1.2757900E-003   5.0334900E-008
1.3359100E-003   4.9270800E-008
1.3988700E-003   4.7727900E-008
1.4648000E-003   4.6150100E-008
1.5338400E-003   4.5192800E-008
1.6061200E-003   4.3592400E-008
1.6818200E-003   4.2303000E-008
1.7610800E-003   4.1009300E-008
1.8440800E-003   3.9391300E-008
1.9309800E-003   3.8219200E-008
2.0219900E-003   3.6640700E-008
2.1172800E-003   3.5273400E-008
2.2170700E-003   3.3874900E-008
2.3215500E-003   3.2238300E-008
2.4309700E-003   3.0955300E-008
2.5455300E-003   2.9609300E-008
2.6655000E-003   2.8371700E-008
2.7911200E-003   2.6771800E-008
2.9226600E-003   2.5441700E-008
3.0604000E-003   2.4344000E-008
3.2046400E-003   2.3161371E-008
3.3556700E-003   2.1511300E-008
3.5138100E-003   2.0000700E-008
3.6794100E-003   1.8944200E-008
3.8528200E-003   1.7691300E-008
4.0344000E-003   1.6740600E-008
4.2245300E-003   1.5764000E-008
4.4236300E-003   1.4718700E-008
4.6321100E-003   1.3524200E-008
4.8504100E-003   1.2545200E-008
5.0790100E-003   1.1768900E-008
5.3183700E-003   1.0771051E-008
5.5690200E-003   9.9430268E-009
5.8314800E-003   9.0069100E-009
6.1063100E-003   8.3767757E-009
6.3940900E-003   7.5580866E-009
6.6954300E-003   6.9390400E-009
7.0109800E-003   6.2610400E-009
7.3414000E-003   5.6799232E-009
7.6873900E-003   5.2152500E-009
8.0496800E-003   4.7852069E-009
8.4290500E-003   4.3241171E-009
8.8263000E-003   3.9259400E-009
9.2422700E-003   3.5195900E-009
9.6778500E-003   3.1810030E-009
1.0133900E-002   2.8342700E-009
1.0611500E-002   2.5118860E-009
1.1111700E-002   2.2509059E-009
1.1635300E-002   1.9835169E-009
1.2183700E-002   1.7214620E-009
1.2757900E-002   1.5355300E-009
1.3359100E-002   1.3633300E-009
1.3988700E-002   1.2075670E-009
1.4648000E-002   1.0482810E-009
1.5338400E-002   9.0986002E-010
1.6061200E-002   7.8965201E-010
1.6818200E-002   6.8532602E-010
1.7610800E-002   5.8090199E-010
1.8440800E-002   5.0377102E-010
1.9309800E-002   4.3422699E-010
2.0219900E-002   3.7087799E-010
2.1172800E-002   3.1436601E-010
2.2170700E-002   2.7283301E-010
2.3215500E-002   2.3184001E-010
 35
 1   2   3   4
 xy
 100
1.0133900E-003   5.4232000E-008
1.0611500E-003   5.3867500E-008
1.1111700E-003   5.2757400E-008
1.1635300E-003   5.1265300E-008
1.2183700E-003   5.0400900E-008
1.2757900E-003   4.9712000E-008
1.3359100E-003   4.8852200E-008
1.3988700E-003   4.7308300E-008
1.4648000E-003   4.6068300E-008
1.5338400E-003   4.4937142E-008
1.6061200E-003   4.3588100E-008
1.6818200E-003   4.2441581E-008
1.7610800E-003   4.0717300E-008
1.8440800E-003   3.9333400E-008
1.9309800E-003   3.8111200E-008
2.0219900E-003   3.6740000E-008
2.1172800E-003   3.5305100E-008
2.2170700E-003   3.4133800E-008
2.3215500E-003   3.2435600E-008
2.4309700E-003   3.1183600E-008
2.5455300E-003   2.9239400E-008
2.6655000E-003   2.7854000E-008
2.7911200E-003   2.6823000E-008
2.9226600E-003   2.5310200E-008
3.0604000E-003   2.4224900E-008
3.2046400E-003   2.2633900E-008
3.3556700E-003   2.1129800E-008
3.5138100E-003   1.9865000E-008
3.6794100E-003   1.8641098E-008
3.8528200E-003   1.7625200E-008
4.0344000E-003   1.6812800E-008
4.2245300E-003   1.5843400E-008
4.4236300E-003   1.4764909E-008
4.6321100E-003   1.3849663E-008
4.8504100E-003   1.3017500E-008
5.0790100E-003   1.1856600E-008
5.3183700E-003   1.0922300E-008
5.5690200E-003   1.0085700E-008
5.8314800E-003   9.4266852E-009
6.1063100E-003   8.6689251E-009
6.3940900E-003   7.9903186E-009
6.6954300E-003   7.2700681E-009
7.0109800E-003   6.6147412E-009
7.3414000E-003   6.0184848E-009
7.6873900E-003   5.4885052E-009
8.0496800E-003   4.9520961E-009
8.4290500E-003   4.4794500E-009
8.8263000E-003   4.0504990E-009
9.2422700E-003   3.6028900E-009
9.6778500E-003   3.1889800E-009
1.0133900E-002   2.8857700E-009
1.0611500E-002   2.5719140E-009
1.1111700E-002   2.2838400E-009
1.1635300E-002   2.0309181E-009
1.2183700E-002   1.7626000E-009
1.2757900E-002   1.5794690E-009
1.3359100E-002   1.3929020E-009
1.3988700E-002   1.2283720E-009
1.4648000E-002   1.0832770E-009
1.5338400E-002   9.6629904E-010
1.6061200E-002   8.5216001E-010
1.6818200E-002   7.6013901E-010
1.7610800E-002   6.7035200E-010
1.8440800E-002   5.9117000E-010
1.9309800E-002   5.2733201E-010
2.0219900E-002   4.6504400E-010
2.1172800E-002   4.1482601E-010
2.2170700E-002   3.7003101E-010
2.3215500E-002   3.3007300E-010
 36
 1   2   3   4
 xy
 100
1.0133900E-003   5.4564700E-008
1.0611500E-003   5.3897400E-008
1.1111700E-003   5.3155700E-008
1.1635300E-003   5.1986800E-008
1.2183700E-003   5.0880600E-008
1.2757900E-003   5.0050100E-008
1.3359100E-003   4.9113900E-008
1.3988700E-003   4.7594700E-008
1.4648000E-003   4.6430000E-008
1.5338400E-003   4.5379900E-008
1.6061200E-003   4.3646200E-008
1.6818200E-003   4.2559800E-008
1.7610800E-003   4.1488800E-008
1.8440800E-003   3.9748500E-008
1.9309800E-003   3.8698000E-008
2.0219900E-003   3.6891000E-008
2.1172800E-003   3.5416100E-008
2.2170700E-003   3.4261300E-008
2.3215500E-003   3.2927200E-008
2.4309700E-003   3.1403900E-008
2.5455300E-003   3.0195200E-008
2.6655000E-003   2.8648200E-008
2.7911200E-003   2.7359200E-008
2.9226600E-003   2.5909650E-008
3.0604000E-003   2.4594400E-008
3.2046400E-003   2.3194479E-008
3.3556700E-003   2.1869100E-008
3.5138100E-003   2.0447300E-008
3.6794100E-003   1.9142900E-008
3.8528200E-003   1.7995700E-008
4.0344000E-003   1.6688900E-008
4.2245300E-003   1.5840600E-008
4.4236300E-003   1.4650900E-008
4.6321100E-003   1.3584000E-008
4.8504100E-003   1.2759200E-008
5.0790100E-003   1.1897000E-008
5.3183700E-003   1.1009700E-008
5.5690200E-003   1.0223872E-008
5.8314800E-003   9.3894300E-009
6.1063100E-003   8.6413800E-009
6.3940900E-003   7.8601800E-009
6.6954300E-003   7.3347382E-009
7.0109800E-003   6.5961500E-009
7.3414000E-003   6.1441461E-009
7.6873900E-003   5.5781500E-009
8.0496800E-003   5.0869900E-009
8.4290500E-003   4.5567359E-009
8.8263000E-003   4.1596200E-009
9.2422700E-003   3.6923911E-009
9.6778500E-003   3.3348551E-009
1.0133900E-002   2.9691200E-009
1.0611500E-002   2.6963061E-009
1.1111700E-002   2.4514499E-009
1.1635300E-002   2.2140800E-009
1.2183700E-002   2.0085591E-009
1.2757900E-002   1.8278100E-009
1.3359100E-002   1.6535980E-009
1.3988700E-002   1.4813190E-009
1.4648000E-002   1.3269880E-009
1.5338400E-002   1.1826200E-009
1.6061200E-002   1.0569110E-009
1.6818200E-002   9.4615304E-010
1.7610800E-002   8.2845603E-010
1.8440800E-002   7.3347400E-010
1.9309800E-002   6.4223299E-010
2.0219900E-002   5.6860100E-010
2.1172800E-002   5.0220400E-010
2.2170700E-002   4.4472701E-010
2.3215500E-002   3.9382900E-010
 37
 1   2   3   4
 xy
 100
1.0133900E-003   5.6944900E-008
1.0611500E-003   5.6290400E-008
1.1111700E-003   5.4923000E-008
1.1635300E-003   5.3437300E-008
1.2183700E-003   5.2730900E-008
1.2757900E-003   5.1669800E-008
1.3359100E-003   5.0405300E-008
1.3988700E-003   4.8755500E-008
1.4648000E-003   4.7783700E-008
1.5338400E-003   4.6369800E-008
1.6061200E-003   4.4796700E-008
1.6818200E-003   4.3677600E-008
1.7610800E-003   4.1967600E-008
1.8440800E-003   4.0418000E-008
1.9309800E-003   3.9523200E-008
2.0219900E-003   3.7700300E-008
2.1172800E-003   3.6602300E-008
2.2170700E-003   3.5015400E-008
2.3215500E-003   3.3224200E-008
2.4309700E-003   3.1730900E-008
2.5455300E-003   3.0449000E-008
2.6655000E-003   2.8943200E-008
2.7911200E-003   2.7861700E-008
2.9226600E-003   2.6242700E-008
3.0604000E-003   2.5061400E-008
3.2046400E-003   2.3515200E-008
3.3556700E-003   2.1977800E-008
3.5138100E-003   2.0952100E-008
3.6794100E-003   1.9446500E-008
3.8528200E-003   1.8318600E-008
4.0344000E-003   1.7201920E-008
4.2245300E-003   1.5931500E-008
4.4236300E-003   1.4929800E-008
4.6321100E-003   1.4094136E-008
4.8504100E-003   1.2757607E-008
5.0790100E-003   1.2070653E-008
5.3183700E-003   1.1121800E-008
5.5690200E-003   1.0140100E-008
5.8314800E-003   9.3002600E-009
6.1063100E-003   8.5118600E-009
6.3940900E-003   7.8384597E-009
6.6954300E-003   7.2336100E-009
7.0109800E-003   6.5779200E-009
7.3414000E-003   5.9503000E-009
7.6873900E-003   5.4397251E-009
8.0496800E-003   4.9351800E-009
8.4290500E-003   4.5345600E-009
8.8263000E-003   4.1980700E-009
9.2422700E-003   3.8595660E-009
9.6778500E-003   3.5170500E-009
1.0133900E-002   3.1810030E-009
1.0611500E-002   2.8624030E-009
1.1111700E-002   2.5909650E-009
1.1635300E-002   2.3566400E-009
1.2183700E-002   2.1291440E-009
1.2757900E-002   1.9372219E-009
1.3359100E-002   1.7201920E-009
1.3988700E-002   1.5297320E-009
1.4648000E-002   1.3633750E-009
1.5338400E-002   1.2079560E-009
1.6061200E-002   1.0734190E-009
1.6818200E-002   9.5386599E-010
1.7610800E-002   8.5643098E-010
1.8440800E-002   7.6668200E-010
1.9309800E-002   6.7131001E-010
2.0219900E-002   5.9434502E-010
2.1172800E-002   5.3206101E-010
2.2170700E-002   4.6587501E-010
2.3215500E-002   4.1705400E-010
 38
 1   2   3   4
 xy
 100
1.0133900E-003   5.4061400E-008
1.0611500E-003   5.3557200E-008
1.1111700E-003   5.2629200E-008
1.1635300E-003   5.1632900E-008
1.2183700E-003   5.0988600E-008
1.2757900E-003   4.9914900E-008
1.3359100E-003   4.8598400E-008
1.3988700E-003   4.7312400E-008
1.4648000E-003   4.6316300E-008
1.5338400E-003   4.5195400E-008
1.6061200E-003   4.3738200E-008
1.6818200E-003   4.2757500E-008
1.7610800E-003   4.1433100E-008
1.8440800E-003   4.0094500E-008
1.9309800E-003   3.8997200E-008
2.0219900E-003   3.7062200E-008
2.1172800E-003   3.5848200E-008
2.2170700E-003   3.4560400E-008
2.3215500E-003   3.3167500E-008
2.4309700E-003   3.1691600E-008
2.5455300E-003   3.0237400E-008
2.6655000E-003   2.8660600E-008
2.7911200E-003   2.7433600E-008
2.9226600E-003   2.5948300E-008
3.0604000E-003   2.4824200E-008
3.2046400E-003   2.3330300E-008
3.3556700E-003   2.2013800E-008
3.5138100E-003   2.0752400E-008
3.6794100E-003   1.9597000E-008
3.8528200E-003   1.8187100E-008
4.0344000E-003   1.7073200E-008
4.2245300E-003   1.5751200E-008
4.4236300E-003   1.4798600E-008
4.6321100E-003   1.3778700E-008
4.8504100E-003   1.2811200E-008
5.0790100E-003   1.1866000E-008
5.3183700E-003   1.0924700E-008
5.5690200E-003   1.0003600E-008
5.8314800E-003   9.0838700E-009
6.1063100E-003   8.3239800E-009
6.3940900E-003   7.7521660E-009
6.6954300E-003   7.0951489E-009
7.0109800E-003   6.4736800E-009
7.3414000E-003   5.9037800E-009
7.6873900E-003   5.4247200E-009
8.0496800E-003   4.8420200E-009
8.4290500E-003   4.4522000E-009
8.8263000E-003   4.0322000E-009
9.2422700E-003   3.6115391E-009
9.6778500E-003   3.2570211E-009
1.0133900E-002   2.8618100E-009
1.0611500E-002   2.5342310E-009
1.1111700E-002   2.2436830E-009
1.1635300E-002   1.9429500E-009
1.2183700E-002   1.6880400E-009
1.2757900E-002   1.5088600E-009
1.3359100E-002   1.3335210E-009
1.3988700E-002   1.1547820E-009
1.4648000E-002   9.9999997E-010
1.5338400E-002   8.4762802E-010
1.6061200E-002   7.5322198E-010
1.6818200E-002   6.4398198E-010
1.7610800E-002   5.5410199E-010
1.8440800E-002   4.8089599E-010
1.9309800E-002   4.2169701E-010
2.0219900E-002   3.7087799E-010
2.1172800E-002   3.2187900E-010
2.2170700E-002   2.7996200E-010
2.3215500E-002   2.4303301E-010
 39
 1   2   3   4
 xy
 100
1.0133900E-003   5.6662000E-008
1.0611500E-003   5.6127700E-008
1.1111700E-003   5.4864700E-008
1.1635300E-003   5.3878900E-008
1.2183700E-003   5.2369500E-008
1.2757900E-003   5.1608100E-008
1.3359100E-003   5.1056900E-008
1.3988700E-003   5.0341143E-008
1.4648000E-003   4.8377600E-008
1.5338400E-003   4.7299200E-008
1.6061200E-003   4.5371700E-008
1.6818200E-003   4.4186800E-008
1.7610800E-003   4.3107900E-008
1.8440800E-003   4.1287200E-008
1.9309800E-003   4.0094400E-008
2.0219900E-003   3.8446400E-008
2.1172800E-003   3.7148700E-008
2.2170700E-003   3.5552300E-008
2.3215500E-003   3.4299700E-008
2.4309700E-003   3.2691600E-008
2.5455300E-003   3.1418600E-008
2.6655000E-003   2.9728200E-008
2.7911200E-003   2.8402600E-008
2.9226600E-003   2.6784566E-008
3.0604000E-003   2.5476500E-008
3.2046400E-003   2.4110700E-008
3.3556700E-003   2.2730100E-008
3.5138100E-003   2.1413400E-008
3.6794100E-003   2.0095100E-008
3.8528200E-003   1.9095600E-008
4.0344000E-003   1.7679500E-008
4.2245300E-003   1.6601900E-008
4.4236300E-003   1.5490500E-008
4.6321100E-003   1.4322800E-008
4.8504100E-003   1.3201100E-008
5.0790100E-003   1.2457800E-008
5.3183700E-003   1.1414800E-008
5.5690200E-003   1.0481900E-008
5.8314800E-003   9.6900400E-009
6.1063100E-003   8.9402200E-009
6.3940900E-003   8.1031493E-009
6.6954300E-003   7.5824174E-009
7.0109800E-003   6.7568000E-009
7.3414000E-003   6.1681400E-009
7.6873900E-003   5.6501200E-009
8.0496800E-003   5.3092400E-009
8.4290500E-003   4.8395700E-009
8.8263000E-003   4.3207300E-009
9.2422700E-003   3.9025290E-009
9.6778500E-003   3.5625200E-009
1.0133900E-002   3.2570211E-009
1.0611500E-002   2.9579430E-009
1.1111700E-002   2.6489690E-009
1.1635300E-002   2.3960021E-009
1.2183700E-002   2.1228681E-009
1.2757900E-002   1.8894900E-009
1.3359100E-002   1.6825250E-009
1.3988700E-002   1.4591590E-009
1.4648000E-002   1.2966430E-009
1.5338400E-002   1.1522280E-009
1.6061200E-002   1.0111320E-009
1.6818200E-002   8.8862401E-010
1.7610800E-002   7.8997098E-010
1.8440800E-002   6.9663197E-010
1.9309800E-002   6.2355099E-010
2.0219900E-002   5.5615001E-010
2.1172800E-002   4.8529603E-010
2.2170700E-002   4.2795600E-010
2.3215500E-002   3.6571299E-010
 40
 1   2   3   4
 xy
 100
1.0133900E-003   5.5629900E-008
1.0611500E-003   5.5391200E-008
1.1111700E-003   5.4906700E-008
1.1635300E-003   5.3481800E-008
1.2183700E-003   5.1945500E-008
1.2757900E-003   5.1365500E-008
1.3359100E-003   5.0494400E-008
1.3988700E-003   4.8924900E-008
1.4648000E-003   4.7788000E-008
1.5338400E-003   4.7078300E-008
1.6061200E-003   4.5661000E-008
1.6818200E-003   4.4206000E-008
1.7610800E-003   4.2912100E-008
1.8440800E-003   4.1384400E-008
1.9309800E-003   4.0205500E-008
2.0219900E-003   3.8690600E-008
2.1172800E-003   3.6959900E-008
2.2170700E-003   3.5972600E-008
2.3215500E-003   3.4199900E-008
2.4309700E-003   3.2817100E-008
2.5455300E-003   3.1359000E-008
2.6655000E-003   2.9718000E-008
2.7911200E-003   2.8429800E-008
2.9226600E-003   2.6859600E-008
3.0604000E-003   2.5522900E-008
3.2046400E-003   2.4021000E-008
3.3556700E-003   2.2741200E-008
3.5138100E-003   2.1346600E-008
3.6794100E-003   2.0068800E-008
3.8528200E-003   1.8715400E-008
4.0344000E-003   1.7569700E-008
4.2245300E-003   1.6238200E-008
4.4236300E-003   1.5192800E-008
4.6321100E-003   1.4127900E-008
4.8504100E-003   1.3179200E-008
5.0790100E-003   1.2329000E-008
5.3183700E-003   1.1244800E-008
5.5690200E-003   1.0337680E-008
5.8314800E-003   9.5665000E-009
6.1063100E-003   8.7151400E-009
6.3940900E-003   7.9257152E-009
6.6954300E-003   7.1916500E-009
7.0109800E-003   6.4304600E-009
7.3414000E-003   5.8144032E-009
7.6873900E-003   5.3723600E-009
8.0496800E-003   4.8634700E-009
8.4290500E-003   4.4093600E-009
8.8263000E-003   3.9586200E-009
9.2422700E-003   3.6115391E-009
9.6778500E-003   3.2570211E-009
1.0133900E-002   2.9568700E-009
1.0611500E-002   2.6198070E-009
1.1111700E-002   2.2962600E-009
1.1635300E-002   2.0098000E-009
1.2183700E-002   1.7536300E-009
1.2757900E-002   1.5297320E-009
1.3359100E-002   1.3480090E-009
1.3988700E-002   1.1701980E-009
1.4648000E-002   1.0238970E-009
1.5338400E-002   8.8862401E-010
1.6061200E-002   7.7122198E-010
1.6818200E-002   6.8532602E-010
1.7610800E-002   6.0096100E-010
1.8440800E-002   5.2853899E-010
1.9309800E-002   4.5870999E-010
2.0219900E-002   3.9810699E-010
2.1172800E-002   3.4886899E-010
2.2170700E-002   3.0764799E-010
2.3215500E-002   2.7129801E-010
 41
 1   2   3   4
 xy
 100
1.0133900E-003   5.7189600E-008
1.0611500E-003   5.6742300E-008
1.1111700E-003   5.5863900E-008
1.1635300E-003   5.4417400E-008
1.2183700E-003   5.3529800E-008
1.2757900E-003   5.3168200E-008
1.3359100E-003   5.2257200E-008
1.3988700E-003   5.0563000E-008
1.4648000E-003   4.9212200E-008
1.5338400E-003   4.8451500E-008
1.6061200E-003   4.6836000E-008
1.6818200E-003   4.5346300E-008
1.7610800E-003   4.4291100E-008
1.8440800E-003   4.2644600E-008
1.9309800E-003   4.1463400E-008
2.0219900E-003   3.9598000E-008
2.1172800E-003   3.8334000E-008
2.2170700E-003   3.6868200E-008
2.3215500E-003   3.5094400E-008
2.4309700E-003   3.3905900E-008
2.5455300E-003   3.2142200E-008
2.6655000E-003   3.0855300E-008
2.7911200E-003   2.9000900E-008
2.9226600E-003   2.7389900E-008
3.0604000E-003   2.6203300E-008
3.2046400E-003   2.4585700E-008
3.3556700E-003   2.3063300E-008
3.5138100E-003   2.2039800E-008
3.6794100E-003   2.0607300E-008
3.8528200E-003   1.9316800E-008
4.0344000E-003   1.7980746E-008
4.2245300E-003   1.6712500E-008
4.4236300E-003   1.5695900E-008
4.6321100E-003   1.4570067E-008
4.8504100E-003   1.3574500E-008
5.0790100E-003   1.2478255E-008
5.3183700E-003   1.1535100E-008
5.5690200E-003   1.0459100E-008
5.8314800E-003   9.6166600E-009
6.1063100E-003   8.8535081E-009
6.3940900E-003   8.1712400E-009
6.6954300E-003   7.4466000E-009
7.0109800E-003   6.9346671E-009
7.3414000E-003   6.2816961E-009
7.6873900E-003   5.7237308E-009
8.0496800E-003   5.1505000E-009
8.4290500E-003   4.5981300E-009
8.8263000E-003   4.1146651E-009
9.2422700E-003   3.6652410E-009
9.6778500E-003   3.3422460E-009
1.0133900E-002   3.0342491E-009
1.0611500E-002   2.7246100E-009
1.1111700E-002   2.4514499E-009
1.1635300E-002   2.2321220E-009
1.2183700E-002   1.9835169E-009
1.2757900E-002   1.8047220E-009
1.3359100E-002   1.6096470E-009
1.3988700E-002   1.4251030E-009
1.4648000E-002   1.2663800E-009
1.5338400E-002   1.1170610E-009
1.6061200E-002   9.8440600E-010
1.6818200E-002   8.8184499E-010
1.7610800E-002   7.7765100E-010
1.8440800E-002   6.7507400E-010
1.9309800E-002   5.8602800E-010
2.0219900E-002   5.0079402E-010
2.1172800E-002   4.3473600E-010
2.2170700E-002   3.7739101E-010
2.3215500E-002   3.2250200E-010
