 41
 Wed Sep 04 11:11:25 2019
 1
 1   2   3   4
 xy
 100
1.0133900E-003   6.2008731E-008
1.0611500E-003   5.9372439E-008
1.1111700E-003   5.6848233E-008
1.1635300E-003   5.5025758E-008
1.2183700E-003   5.2117208E-008
1.2757900E-003   4.9958900E-008
1.3359100E-003   4.8360400E-008
1.3988700E-003   4.6203400E-008
1.4648000E-003   4.4650700E-008
1.5338400E-003   4.3324700E-008
1.6061200E-003   4.1576500E-008
1.6818200E-003   3.9781500E-008
1.7610800E-003   3.7624584E-008
1.8440800E-003   3.6306500E-008
1.9309800E-003   3.5035800E-008
2.0219900E-003   3.3749300E-008
2.1172800E-003   3.1772800E-008
2.2170700E-003   3.0469900E-008
2.3215500E-003   2.8543500E-008
2.4309700E-003   2.7335200E-008
2.5455300E-003   2.5645000E-008
2.6655000E-003   2.4382900E-008
2.7911200E-003   2.3078497E-008
2.9226600E-003   2.1539600E-008
3.0604000E-003   2.0258335E-008
3.2046400E-003   1.9056600E-008
3.3556700E-003   1.7659500E-008
3.5138100E-003   1.6846900E-008
3.6794100E-003   1.5746500E-008
3.8528200E-003   1.4729800E-008
4.0344000E-003   1.3747800E-008
4.2245300E-003   1.2597200E-008
4.4236300E-003   1.1940100E-008
4.6321100E-003   1.1371100E-008
4.8504100E-003   1.0728400E-008
5.0790100E-003   9.9277900E-009
5.3183700E-003   9.2296900E-009
5.5690200E-003   8.5871900E-009
5.8314800E-003   7.8745623E-009
6.1063100E-003   7.2733700E-009
6.3940900E-003   6.5934489E-009
6.6954300E-003   6.0676268E-009
7.0109800E-003   5.4967160E-009
7.3414000E-003   5.0592000E-009
7.6873900E-003   4.6909032E-009
8.0496800E-003   4.3654000E-009
8.4290500E-003   3.9878758E-009
8.8263000E-003   3.6407151E-009
9.2422700E-003   3.3618319E-009
9.6778500E-003   3.0344269E-009
1.0133900E-002   2.8019860E-009
1.0611500E-002   2.5291040E-009
1.1111700E-002   2.3353719E-009
1.1635300E-002   2.1320681E-009
1.2183700E-002   1.9306980E-009
1.2757900E-002   1.7555220E-009
1.3359100E-002   1.5678440E-009
1.3988700E-002   1.4151530E-009
1.4648000E-002   1.2628730E-009
1.5338400E-002   1.1339860E-009
1.6061200E-002   1.0293120E-009
1.6818200E-002   9.0883701E-010
1.7610800E-002   8.1216800E-010
1.8440800E-002   7.1766498E-010
1.9309800E-002   6.2706701E-010
2.0219900E-002   5.6036897E-010
2.1172800E-002   4.9700599E-010
2.2170700E-002   4.4791101E-010
2.3215500E-002   3.8991199E-010
 2
 1   2   3   4
 xy
 100
1.0133900E-003   5.7044200E-008
1.0611500E-003   5.5560600E-008
1.1111700E-003   5.4200000E-008
1.1635300E-003   5.2690700E-008
1.2183700E-003   5.0893900E-008
1.2757900E-003   4.9266600E-008
1.3359100E-003   4.8004700E-008
1.3988700E-003   4.6455300E-008
1.4648000E-003   4.5286544E-008
1.5338400E-003   4.3117900E-008
1.6061200E-003   4.1364500E-008
1.6818200E-003   3.9395300E-008
1.7610800E-003   3.7992800E-008
1.8440800E-003   3.6254600E-008
1.9309800E-003   3.4914340E-008
2.0219900E-003   3.2523339E-008
2.1172800E-003   3.0669200E-008
2.2170700E-003   2.9240313E-008
2.3215500E-003   2.7797300E-008
2.4309700E-003   2.6601352E-008
2.5455300E-003   2.5089800E-008
2.6655000E-003   2.4143400E-008
2.7911200E-003   2.2572500E-008
2.9226600E-003   2.1527200E-008
3.0604000E-003   2.0111500E-008
3.2046400E-003   1.9134400E-008
3.3556700E-003   1.8011100E-008
3.5138100E-003   1.6791600E-008
3.6794100E-003   1.5457100E-008
3.8528200E-003   1.4448700E-008
4.0344000E-003   1.3558786E-008
4.2245300E-003   1.2692700E-008
4.4236300E-003   1.1728900E-008
4.6321100E-003   1.1089945E-008
4.8504100E-003   1.0344900E-008
5.0790100E-003   9.6326300E-009
5.3183700E-003   8.9610000E-009
5.5690200E-003   8.3571200E-009
5.8314800E-003   7.6525300E-009
6.1063100E-003   7.0000400E-009
6.3940900E-003   6.5917192E-009
6.6954300E-003   5.9968119E-009
7.0109800E-003   5.5861382E-009
7.3414000E-003   5.1246200E-009
7.6873900E-003   4.7067300E-009
8.0496800E-003   4.2529900E-009
8.4290500E-003   3.8782901E-009
8.8263000E-003   3.4871700E-009
9.2422700E-003   3.1810030E-009
9.6778500E-003   2.8696661E-009
1.0133900E-002   2.6092950E-009
1.0611500E-002   2.3352340E-009
1.1111700E-002   2.1186490E-009
1.1635300E-002   1.8704449E-009
1.2183700E-002   1.6724890E-009
1.2757900E-002   1.5036620E-009
1.3359100E-002   1.3518771E-009
1.3988700E-002   1.2154130E-009
1.4648000E-002   1.0798820E-009
1.5338400E-002   9.8242103E-010
1.6061200E-002   8.9375701E-010
1.6818200E-002   8.0353801E-010
1.7610800E-002   7.1938899E-010
1.8440800E-002   6.4950201E-010
1.9309800E-002   5.8393901E-010
2.0219900E-002   5.2499399E-010
2.1172800E-002   4.7199900E-010
2.2170700E-002   4.2435400E-010
2.3215500E-002   3.8151801E-010
 3
 1   2   3   4
 xy
 100
1.0133900E-003   6.2262757E-008
1.0611500E-003   6.0141176E-008
1.1111700E-003   5.8091882E-008
1.1635300E-003   5.6764627E-008
1.2183700E-003   5.4200402E-008
1.2757900E-003   5.1752011E-008
1.3359100E-003   4.9822700E-008
1.3988700E-003   4.7971100E-008
1.4648000E-003   4.6153900E-008
1.5338400E-003   4.4533063E-008
1.6061200E-003   4.2565000E-008
1.6818200E-003   4.0687000E-008
1.7610800E-003   3.9217106E-008
1.8440800E-003   3.7252700E-008
1.9309800E-003   3.5174100E-008
2.0219900E-003   3.3879300E-008
2.1172800E-003   3.1831700E-008
2.2170700E-003   3.0366700E-008
2.3215500E-003   2.8409200E-008
2.4309700E-003   2.7219900E-008
2.5455300E-003   2.6014500E-008
2.6655000E-003   2.4430700E-008
2.7911200E-003   2.3179800E-008
2.9226600E-003   2.2250700E-008
3.0604000E-003   2.0387200E-008
3.2046400E-003   1.8985700E-008
3.3556700E-003   1.8160100E-008
3.5138100E-003   1.7059200E-008
3.6794100E-003   1.5922364E-008
3.8528200E-003   1.4749200E-008
4.0344000E-003   1.3767100E-008
4.2245300E-003   1.2939300E-008
4.4236300E-003   1.2110100E-008
4.6321100E-003   1.1285400E-008
4.8504100E-003   1.0503402E-008
5.0790100E-003   9.6190700E-009
5.3183700E-003   8.9917904E-009
5.5690200E-003   8.4266200E-009
5.8314800E-003   7.7569300E-009
6.1063100E-003   7.0907160E-009
6.3940900E-003   6.5397079E-009
6.6954300E-003   6.0035300E-009
7.0109800E-003   5.5538900E-009
7.3414000E-003   5.0133209E-009
7.6873900E-003   4.5312700E-009
8.0496800E-003   4.0283590E-009
8.4290500E-003   3.5868020E-009
8.8263000E-003   3.1944161E-009
9.2422700E-003   2.8457929E-009
9.6778500E-003   2.5534339E-009
1.0133900E-002   2.2847870E-009
1.0611500E-002   2.0354360E-009
1.1111700E-002   1.8047220E-009
1.1635300E-002   1.5968430E-009
1.2183700E-002   1.4277520E-009
1.2757900E-002   1.2654010E-009
1.3359100E-002   1.1215110E-009
1.3988700E-002   9.9398301E-010
1.4648000E-002   8.7038599E-010
1.5338400E-002   7.7103901E-010
1.6061200E-002   6.7900002E-010
1.6818200E-002   5.9794703E-010
1.7610800E-002   5.3888100E-010
1.8440800E-002   4.7455401E-010
1.9309800E-002   4.1790599E-010
2.0219900E-002   3.7229800E-010
2.1172800E-002   3.3166700E-010
2.2170700E-002   2.9207600E-010
2.3215500E-002   2.6020000E-010
 4
 1   2   3   4
 xy
 100
1.0133900E-003   6.5208411E-008
1.0611500E-003   6.3718566E-008
1.1111700E-003   6.0840215E-008
1.1635300E-003   5.9450166E-008
1.2183700E-003   5.7424419E-008
1.2757900E-003   5.5467698E-008
1.3359100E-003   5.2962061E-008
1.3988700E-003   5.1157393E-008
1.4648000E-003   4.8846463E-008
1.5338400E-003   4.7182034E-008
1.6061200E-003   4.4533063E-008
1.6818200E-003   4.3015611E-008
1.7610800E-003   4.1072468E-008
1.8440800E-003   3.8528300E-008
1.9309800E-003   3.6590016E-008
2.0219900E-003   3.4535720E-008
2.1172800E-003   3.2738800E-008
2.2170700E-003   3.1124266E-008
2.3215500E-003   2.9039304E-008
2.4309700E-003   2.7727513E-008
2.5455300E-003   2.5767800E-008
2.6655000E-003   2.3678760E-008
2.7911200E-003   2.2261444E-008
2.9226600E-003   2.1011605E-008
3.0604000E-003   1.9604071E-008
3.2046400E-003   1.8290828E-008
3.3556700E-003   1.7187700E-008
3.5138100E-003   1.6227679E-008
3.6794100E-003   1.5474900E-008
3.8528200E-003   1.4420302E-008
4.0344000E-003   1.3543200E-008
4.2245300E-003   1.2734778E-008
4.4236300E-003   1.1991690E-008
4.6321100E-003   1.1121256E-008
4.8504100E-003   1.0360593E-008
5.0790100E-003   9.7113002E-009
5.3183700E-003   9.0193100E-009
5.5690200E-003   8.3005141E-009
5.8314800E-003   7.6216899E-009
6.1063100E-003   7.1003878E-009
6.3940900E-003   6.5200272E-009
6.6954300E-003   5.9778800E-009
7.0109800E-003   5.4102660E-009
7.3414000E-003   4.9823692E-009
7.6873900E-003   4.5706181E-009
8.0496800E-003   4.2262398E-009
8.4290500E-003   3.8172940E-009
8.8263000E-003   3.5102800E-009
9.2422700E-003   3.2315459E-009
9.6778500E-003   2.9634311E-009
1.0133900E-002   2.6860190E-009
1.0611500E-002   2.4652300E-009
1.1111700E-002   2.1956000E-009
1.1635300E-002   1.9835169E-009
1.2183700E-002   1.7756770E-009
1.2757900E-002   1.6073000E-009
1.3359100E-002   1.4514100E-009
1.3988700E-002   1.2966430E-009
1.4648000E-002   1.1554080E-009
1.5338400E-002   1.0293120E-009
1.6061200E-002   9.1035000E-010
1.6818200E-002   7.8965201E-010
1.7610800E-002   6.9830900E-010
1.8440800E-002   6.0899702E-010
1.9309800E-002   5.3550397E-010
2.0219900E-002   4.6682103E-010
2.1172800E-002   4.0139900E-010
2.2170700E-002   3.4847300E-010
2.3215500E-002   2.9738700E-010
 5
 1   2   3   4
 xy
 100
1.0133900E-003   6.5105858E-008
1.0611500E-003   6.2302313E-008
1.1111700E-003   5.9619495E-008
1.1635300E-003   5.7683469E-008
1.2183700E-003   5.5199543E-008
1.2757900E-003   5.2302300E-008
1.3359100E-003   5.0998700E-008
1.3988700E-003   4.8906521E-008
1.4648000E-003   4.6967223E-008
1.5338400E-003   4.5707600E-008
1.6061200E-003   4.3741800E-008
1.6818200E-003   4.1923851E-008
1.7610800E-003   4.0118554E-008
1.8440800E-003   3.7970860E-008
1.9309800E-003   3.6420900E-008
2.0219900E-003   3.4502000E-008
2.1172800E-003   3.2549536E-008
2.2170700E-003   3.1147909E-008
2.3215500E-003   2.9157823E-008
2.4309700E-003   2.7294883E-008
2.5455300E-003   2.5737100E-008
2.6655000E-003   2.4657686E-008
2.7911200E-003   2.3093800E-008
2.9226600E-003   2.1663210E-008
3.0604000E-003   2.0477700E-008
3.2046400E-003   1.9353800E-008
3.3556700E-003   1.8165998E-008
3.5138100E-003   1.7193504E-008
3.6794100E-003   1.6248900E-008
3.8528200E-003   1.5117751E-008
4.0344000E-003   1.4199200E-008
4.2245300E-003   1.3091700E-008
4.4236300E-003   1.2287900E-008
4.6321100E-003   1.1301900E-008
4.8504100E-003   1.0594400E-008
5.0790100E-003   9.7492300E-009
5.3183700E-003   9.0989300E-009
5.5690200E-003   8.5017859E-009
5.8314800E-003   7.9585929E-009
6.1063100E-003   7.2081789E-009
6.3940900E-003   6.5453300E-009
6.6954300E-003   6.1418048E-009
7.0109800E-003   5.5964060E-009
7.3414000E-003   5.1248059E-009
7.6873900E-003   4.6775700E-009
8.0496800E-003   4.2652881E-009
8.4290500E-003   3.9133200E-009
8.8263000E-003   3.6312900E-009
9.2422700E-003   3.3395600E-009
9.6778500E-003   3.0891900E-009
1.0133900E-002   2.7801099E-009
1.0611500E-002   2.5340969E-009
1.1111700E-002   2.2985069E-009
1.1635300E-002   2.0899591E-009
1.2183700E-002   1.9003330E-009
1.2757900E-002   1.7288700E-009
1.3359100E-002   1.6037190E-009
1.3988700E-002   1.4498800E-009
1.4648000E-002   1.3197200E-009
1.5338400E-002   1.1811070E-009
1.6061200E-002   1.0463000E-009
1.6818200E-002   9.3436403E-010
1.7610800E-002   8.3440299E-010
1.8440800E-002   7.2846401E-010
1.9309800E-002   6.5698602E-010
2.0219900E-002   5.8093502E-010
2.1172800E-002   5.1878501E-010
2.2170700E-002   4.6328399E-010
2.3215500E-002   4.1372100E-010
 6
 1   2   3   4
 xy
 100
1.0133900E-003   6.2174429E-008
1.0611500E-003   6.0099353E-008
1.1111700E-003   5.8093530E-008
1.1635300E-003   5.5522850E-008
1.2183700E-003   5.3669769E-008
1.2757900E-003   5.1294844E-008
1.3359100E-003   4.9025012E-008
1.3988700E-003   4.7928040E-008
1.4648000E-003   4.6231800E-008
1.5338400E-003   4.4408700E-008
1.6061200E-003   4.2534100E-008
1.6818200E-003   4.0906620E-008
1.7610800E-003   3.8656594E-008
1.8440800E-003   3.7366426E-008
1.9309800E-003   3.5349810E-008
2.0219900E-003   3.3228091E-008
2.1172800E-003   3.1533450E-008
2.2170700E-003   2.9132211E-008
2.3215500E-003   2.7529824E-008
2.4309700E-003   2.6015574E-008
2.5455300E-003   2.4244621E-008
2.6655000E-003   2.2712522E-008
2.7911200E-003   2.1463242E-008
2.9226600E-003   2.0054475E-008
3.0604000E-003   1.8697987E-008
3.2046400E-003   1.7419097E-008
3.3556700E-003   1.6227679E-008
3.5138100E-003   1.5403080E-008
3.6794100E-003   1.4444588E-008
3.8528200E-003   1.3433993E-008
4.0344000E-003   1.2515145E-008
4.2245300E-003   1.1808900E-008
4.4236300E-003   1.1121256E-008
4.6321100E-003   1.0201700E-008
4.8504100E-003   9.5734203E-009
5.0790100E-003   8.7819254E-009
5.3183700E-003   8.1812663E-009
5.5690200E-003   7.6216899E-009
5.8314800E-003   7.1003878E-009
6.1063100E-003   6.5492800E-009
6.3940900E-003   6.1623111E-009
6.6954300E-003   5.7115859E-009
7.0109800E-003   5.2233449E-009
7.3414000E-003   4.8199960E-009
7.6873900E-003   4.4028581E-009
8.0496800E-003   3.9765702E-009
8.4290500E-003   3.6737580E-009
8.8263000E-003   3.3558190E-009
9.2422700E-003   3.0342491E-009
9.6778500E-003   2.8267151E-009
1.0133900E-002   2.5719140E-009
1.0611500E-002   2.3352340E-009
1.1111700E-002   2.1233539E-009
1.1635300E-002   1.9306980E-009
1.2183700E-002   1.7410100E-009
1.2757900E-002   1.5741200E-009
1.3359100E-002   1.4145500E-009
1.3988700E-002   1.2682190E-009
1.4648000E-002   1.1442470E-009
1.5338400E-002   1.0238970E-009
1.6061200E-002   9.1345698E-010
1.6818200E-002   8.1573298E-010
1.7610800E-002   7.2846401E-010
1.8440800E-002   6.5793299E-010
1.9309800E-002   5.8754601E-010
2.0219900E-002   5.3065902E-010
2.1172800E-002   4.7928000E-010
2.2170700E-002   4.2319001E-010
2.3215500E-002   3.7791600E-010
 7
 1   2   3   4
 xy
 100
1.0133900E-003   6.3893502E-008
1.0611500E-003   6.1833212E-008
1.1111700E-003   5.9189134E-008
1.1635300E-003   5.7280541E-008
1.2183700E-003   5.4323100E-008
1.2757900E-003   5.2486481E-008
1.3359100E-003   5.0794018E-008
1.3988700E-003   4.8829900E-008
1.4648000E-003   4.7054144E-008
1.5338400E-003   4.4863300E-008
1.6061200E-003   4.2864000E-008
1.6818200E-003   4.1054800E-008
1.7610800E-003   3.9172700E-008
1.8440800E-003   3.7407073E-008
1.9309800E-003   3.5376750E-008
2.0219900E-003   3.3732000E-008
2.1172800E-003   3.2187874E-008
2.2170700E-003   3.0539200E-008
2.3215500E-003   2.9095089E-008
2.4309700E-003   2.7669900E-008
2.5455300E-003   2.6473100E-008
2.6655000E-003   2.4733100E-008
2.7911200E-003   2.3640981E-008
2.9226600E-003   2.2057400E-008
3.0604000E-003   2.0775000E-008
3.2046400E-003   1.9602330E-008
3.3556700E-003   1.8548500E-008
3.5138100E-003   1.7406900E-008
3.6794100E-003   1.6158900E-008
3.8528200E-003   1.5130500E-008
4.0344000E-003   1.3992892E-008
4.2245300E-003   1.3081500E-008
4.4236300E-003   1.1937766E-008
4.6321100E-003   1.1121256E-008
4.8504100E-003   1.0351500E-008
5.0790100E-003   9.6519566E-009
5.3183700E-003   9.0387662E-009
5.5690200E-003   8.3767757E-009
5.8314800E-003   7.8038278E-009
6.1063100E-003   7.2645712E-009
6.3940900E-003   6.6147412E-009
6.6954300E-003   6.1623111E-009
7.0109800E-003   5.6068372E-009
7.3414000E-003   5.2414229E-009
7.6873900E-003   4.7525099E-009
8.0496800E-003   4.3334429E-009
8.4290500E-003   3.9832471E-009
8.8263000E-003   3.6400010E-009
9.2422700E-003   3.2853000E-009
9.6778500E-003   2.9621070E-009
1.0133900E-002   2.6792800E-009
1.0611500E-002   2.4097340E-009
1.1111700E-002   2.1796500E-009
1.1635300E-002   1.9367341E-009
1.2183700E-002   1.7214620E-009
1.2757900E-002   1.5297320E-009
1.3359100E-002   1.3622330E-009
1.3988700E-002   1.2079560E-009
1.4648000E-002   1.0734190E-009
1.5338400E-002   9.3160302E-010
1.6061200E-002   8.3334800E-010
1.6818200E-002   7.3564199E-010
1.7610800E-002   6.5698602E-010
1.8440800E-002   5.8798100E-010
1.9309800E-002   5.1794702E-010
2.0219900E-002   4.6354601E-010
2.1172800E-002   4.1954201E-010
2.2170700E-002   3.7203299E-010
2.3215500E-002   3.3352801E-010
 8
 1   2   3   4
 xy
 100
1.0133900E-003   6.6608465E-008
1.0611500E-003   6.3893502E-008
1.1111700E-003   6.1833212E-008
1.1635300E-003   5.9189134E-008
1.2183700E-003   5.7280541E-008
1.2757900E-003   5.4831141E-008
1.3359100E-003   5.2551876E-008
1.3988700E-003   4.9668202E-008
1.4648000E-003   4.8014513E-008
1.5338400E-003   4.5871026E-008
1.6061200E-003   4.3754795E-008
1.6818200E-003   4.1736193E-008
1.7610800E-003   3.9941419E-008
1.8440800E-003   3.8233466E-008
1.9309800E-003   3.6222161E-008
2.0219900E-003   3.4652857E-008
2.1172800E-003   3.2957079E-008
2.2170700E-003   3.1407573E-008
2.3215500E-003   2.9286445E-008
2.4309700E-003   2.7935332E-008
2.5455300E-003   2.6646552E-008
2.6655000E-003   2.4824002E-008
2.7911200E-003   2.3640981E-008
2.9226600E-003   2.2586354E-008
3.0604000E-003   2.1041512E-008
3.2046400E-003   1.9602330E-008
3.3556700E-003   1.8505000E-008
3.5138100E-003   1.7265500E-008
3.6794100E-003   1.6206100E-008
3.8528200E-003   1.5365900E-008
4.0344000E-003   1.4371200E-008
4.2245300E-003   1.3394535E-008
4.4236300E-003   1.2302600E-008
4.6321100E-003   1.1620991E-008
4.8504100E-003   1.0724000E-008
5.0790100E-003   9.9689400E-009
5.3183700E-003   9.1385400E-009
5.5690200E-003   8.5383220E-009
5.8314800E-003   7.8011180E-009
6.1063100E-003   7.1275652E-009
6.3940900E-003   6.6608461E-009
6.6954300E-003   6.1548251E-009
7.0109800E-003   5.6872449E-009
7.3414000E-003   5.1478200E-009
7.6873900E-003   4.7441300E-009
8.0496800E-003   4.2531139E-009
8.4290500E-003   3.8714600E-009
8.8263000E-003   3.4799600E-009
9.2422700E-003   3.1321901E-009
9.6778500E-003   2.8388569E-009
1.0133900E-002   2.5232529E-009
1.0611500E-002   2.2568329E-009
1.1111700E-002   2.0133610E-009
1.1635300E-002   1.8188790E-009
1.2183700E-002   1.6065060E-009
1.2757900E-002   1.4513249E-009
1.3359100E-002   1.2964180E-009
1.3988700E-002   1.1580450E-009
1.4648000E-002   1.0238970E-009
1.5338400E-002   9.3451902E-010
1.6061200E-002   8.2784402E-010
1.6818200E-002   7.3408901E-010
1.7610800E-002   6.4665301E-010
1.8440800E-002   5.7873301E-010
1.9309800E-002   5.1378801E-010
2.0219900E-002   4.4870499E-010
2.1172800E-002   4.0081199E-010
2.2170700E-002   3.5401301E-010
2.3215500E-002   3.1267899E-010
 9
 1   2   3   4
 xy
 100
1.0133900E-003   6.0966200E-008
1.0611500E-003   5.9134900E-008
1.1111700E-003   5.7627900E-008
1.1635300E-003   5.6122500E-008
1.2183700E-003   5.4114500E-008
1.2757900E-003   5.2526700E-008
1.3359100E-003   4.9992700E-008
1.3988700E-003   4.8014513E-008
1.4648000E-003   4.6194500E-008
1.5338400E-003   4.4870486E-008
1.6061200E-003   4.2733575E-008
1.6818200E-003   4.1435500E-008
1.7610800E-003   3.8839600E-008
1.8440800E-003   3.7783000E-008
1.9309800E-003   3.5524000E-008
2.0219900E-003   3.4063200E-008
2.1172800E-003   3.2688600E-008
2.2170700E-003   3.0916912E-008
2.3215500E-003   2.9286445E-008
2.4309700E-003   2.7935332E-008
2.5455300E-003   2.6101572E-008
2.6655000E-003   2.4949326E-008
2.7911200E-003   2.3580283E-008
2.9226600E-003   2.1931000E-008
3.0604000E-003   2.0343900E-008
3.2046400E-003   1.9144821E-008
3.3556700E-003   1.7853900E-008
3.5138100E-003   1.7113400E-008
3.6794100E-003   1.5906200E-008
3.8528200E-003   1.4900700E-008
4.0344000E-003   1.4083738E-008
4.2245300E-003   1.3145005E-008
4.4236300E-003   1.2252799E-008
4.6321100E-003   1.1387025E-008
4.8504100E-003   1.0462300E-008
5.0790100E-003   9.7324600E-009
5.3183700E-003   8.9326520E-009
5.5690200E-003   8.3477341E-009
5.8314800E-003   7.6269862E-009
6.1063100E-003   6.9684671E-009
6.3940900E-003   6.5121659E-009
6.6954300E-003   5.8831220E-009
7.0109800E-003   5.4978901E-009
7.3414000E-003   5.0580300E-009
7.6873900E-003   4.7475610E-009
8.0496800E-003   4.3241171E-009
8.4290500E-003   3.9402610E-009
8.8263000E-003   3.5796961E-009
9.2422700E-003   3.2570211E-009
9.6778500E-003   2.9634311E-009
1.0133900E-002   2.6963061E-009
1.0611500E-002   2.4489759E-009
1.1111700E-002   2.2321220E-009
1.1635300E-002   2.0309181E-009
1.2183700E-002   1.8478500E-009
1.2757900E-002   1.6812840E-009
1.3359100E-002   1.5297320E-009
1.3988700E-002   1.3918410E-009
1.4648000E-002   1.2674800E-009
1.5338400E-002   1.1447500E-009
1.6061200E-002   1.0344410E-009
1.6818200E-002   9.4615304E-010
1.7610800E-002   8.4762802E-010
1.8440800E-002   7.5990397E-010
1.9309800E-002   6.7917000E-010
2.0219900E-002   6.0701300E-010
2.1172800E-002   5.4397198E-010
2.2170700E-002   4.8160598E-010
2.3215500E-002   4.2169701E-010
 10
 1   2   3   4
 xy
 100
1.0133900E-003   5.8780159E-008
1.0611500E-003   5.7493054E-008
1.1111700E-003   5.6094100E-008
1.1635300E-003   5.4919600E-008
1.2183700E-003   5.2620365E-008
1.2757900E-003   5.1468138E-008
1.3359100E-003   4.9786934E-008
1.3988700E-003   4.7807900E-008
1.4648000E-003   4.5725700E-008
1.5338400E-003   4.4415600E-008
1.6061200E-003   4.1800400E-008
1.6818200E-003   3.9890300E-008
1.7610800E-003   3.8547900E-008
1.8440800E-003   3.6661700E-008
1.9309800E-003   3.5044400E-008
2.0219900E-003   3.3515200E-008
2.1172800E-003   3.1974789E-008
2.2170700E-003   3.0930334E-008
2.3215500E-003   2.9286445E-008
2.4309700E-003   2.7593500E-008
2.5455300E-003   2.5700200E-008
2.6655000E-003   2.4420800E-008
2.7911200E-003   2.2939130E-008
2.9226600E-003   2.1544347E-008
3.0604000E-003   2.0480300E-008
3.2046400E-003   1.9085900E-008
3.3556700E-003   1.8178700E-008
3.5138100E-003   1.6645000E-008
3.6794100E-003   1.5755400E-008
3.8528200E-003   1.5100400E-008
4.0344000E-003   1.4183300E-008
4.2245300E-003   1.3188800E-008
4.4236300E-003   1.2340881E-008
4.6321100E-003   1.1547820E-008
4.8504100E-003   1.0528711E-008
5.0790100E-003   9.7810311E-009
5.3183700E-003   8.9917904E-009
5.5690200E-003   8.3767757E-009
5.8314800E-003   7.7155800E-009
6.1063100E-003   7.0951489E-009
6.3940900E-003   6.4938162E-009
6.6954300E-003   5.8824200E-009
7.0109800E-003   5.5002780E-009
7.3414000E-003   5.0778501E-009
7.6873900E-003   4.6294100E-009
8.0496800E-003   4.2231938E-009
8.4290500E-003   3.8425130E-009
8.8263000E-003   3.5324570E-009
9.2422700E-003   3.1964000E-009
9.6778500E-003   2.8942659E-009
1.0133900E-002   2.5719140E-009
1.0611500E-002   2.3400799E-009
1.1111700E-002   2.0816900E-009
1.1635300E-002   1.8513300E-009
1.2183700E-002   1.6739869E-009
1.2757900E-002   1.5221030E-009
1.3359100E-002   1.3622330E-009
1.3988700E-002   1.2191540E-009
1.4648000E-002   1.1085380E-009
1.5338400E-002   9.9210495E-010
1.6061200E-002   9.0208901E-010
1.6818200E-002   7.9464302E-010
1.7610800E-002   7.1118000E-010
1.8440800E-002   6.3648298E-010
1.9309800E-002   5.7873301E-010
2.0219900E-002   5.1794702E-010
2.1172800E-002   4.6074600E-010
2.2170700E-002   4.1246301E-010
2.3215500E-002   3.6923900E-010
 11
 1   2   3   4
 xy
 100
1.0133900E-003   6.4223251E-008
1.0611500E-003   6.1441462E-008
1.1111700E-003   6.0096077E-008
1.1635300E-003   5.7493054E-008
1.2183700E-003   5.5615047E-008
1.2757900E-003   5.3206115E-008
1.3359100E-003   5.1468138E-008
1.3988700E-003   4.9238825E-008
1.4648000E-003   4.7106074E-008
1.5338400E-003   4.4569571E-008
1.6061200E-003   4.2169649E-008
1.6818200E-003   4.0066300E-008
1.7610800E-003   3.8688800E-008
1.8440800E-003   3.6641100E-008
1.9309800E-003   3.5454500E-008
2.0219900E-003   3.3946400E-008
2.1172800E-003   3.2330721E-008
2.2170700E-003   3.1274638E-008
2.3215500E-003   2.9046400E-008
2.4309700E-003   2.7660500E-008
2.5455300E-003   2.6198066E-008
2.6655000E-003   2.4949300E-008
2.7911200E-003   2.3713737E-008
2.9226600E-003   2.2172000E-008
3.0604000E-003   2.0790800E-008
3.2046400E-003   2.0070773E-008
3.3556700E-003   1.8700400E-008
3.5138100E-003   1.7587022E-008
3.6794100E-003   1.6209900E-008
3.8528200E-003   1.5062067E-008
4.0344000E-003   1.4083738E-008
4.2245300E-003   1.3050800E-008
4.4236300E-003   1.2212700E-008
4.6321100E-003   1.1294958E-008
4.8504100E-003   1.0452755E-008
5.0790100E-003   9.8442500E-009
5.3183700E-003   9.1287866E-009
5.5690200E-003   8.1933509E-009
5.8314800E-003   7.5607400E-009
6.1063100E-003   6.9209600E-009
6.3940900E-003   6.3828100E-009
6.6954300E-003   5.8813000E-009
7.0109800E-003   5.3798379E-009
7.3414000E-003   4.8999700E-009
7.6873900E-003   4.4026862E-009
8.0496800E-003   3.9898960E-009
8.4290500E-003   3.6400010E-009
8.8263000E-003   3.2570211E-009
9.2422700E-003   2.9264839E-009
9.6778500E-003   2.6333760E-009
1.0133900E-002   2.3713740E-009
1.0611500E-002   2.1233539E-009
1.1111700E-002   1.8704449E-009
1.1635300E-002   1.6420429E-009
1.2183700E-002   1.4514100E-009
1.2757900E-002   1.3043210E-009
1.3359100E-002   1.1711900E-009
1.3988700E-002   1.0240639E-009
1.4648000E-002   9.1524699E-010
1.5338400E-002   8.0734103E-010
1.6061200E-002   7.2902900E-010
1.6818200E-002   6.4390798E-010
1.7610800E-002   5.6963101E-010
1.8440800E-002   5.0232002E-010
1.9309800E-002   4.4569601E-010
2.0219900E-002   3.9459699E-010
2.1172800E-002   3.4551101E-010
2.2170700E-002   2.9920000E-010
2.3215500E-002   2.5909599E-010
 12
 1   2   3   4
 xy
 100
1.0133900E-003   6.8926120E-008
1.0611500E-003   6.5173396E-008
1.1111700E-003   6.1509859E-008
1.1635300E-003   5.9255310E-008
1.2183700E-003   5.5908103E-008
1.2757900E-003   5.3028800E-008
1.3359100E-003   5.0764900E-008
1.3988700E-003   4.8694300E-008
1.4648000E-003   4.7102500E-008
1.5338400E-003   4.5504200E-008
1.6061200E-003   4.3070900E-008
1.6818200E-003   4.1634900E-008
1.7610800E-003   3.9361600E-008
1.8440800E-003   3.8490300E-008
1.9309800E-003   3.6425700E-008
2.0219900E-003   3.4699600E-008
2.1172800E-003   3.3083225E-008
2.2170700E-003   3.1106600E-008
2.3215500E-003   2.9885000E-008
2.4309700E-003   2.7935332E-008
2.5455300E-003   2.6397855E-008
2.6655000E-003   2.5232529E-008
2.7911200E-003   2.3580283E-008
2.9226600E-003   2.2036229E-008
3.0604000E-003   2.0786400E-008
3.2046400E-003   1.9860400E-008
3.3556700E-003   1.8679136E-008
3.5138100E-003   1.7477600E-008
3.6794100E-003   1.6431843E-008
3.8528200E-003   1.5184900E-008
4.0344000E-003   1.4350358E-008
4.2245300E-003   1.3354516E-008
4.4236300E-003   1.2421900E-008
4.6321100E-003   1.1580451E-008
4.8504100E-003   1.0669900E-008
5.0790100E-003   9.9887500E-009
5.3183700E-003   9.3606700E-009
5.5690200E-003   8.7048049E-009
5.8314800E-003   8.0702700E-009
6.1063100E-003   7.5250000E-009
6.3940900E-003   6.9346671E-009
6.6954300E-003   6.3668049E-009
7.0109800E-003   5.7863600E-009
7.3414000E-003   5.3148401E-009
7.6873900E-003   4.8660831E-009
8.0496800E-003   4.4963200E-009
8.4290500E-003   4.1079300E-009
8.8263000E-003   3.7946500E-009
9.2422700E-003   3.4961469E-009
9.6778500E-003   3.1810030E-009
1.0133900E-002   2.9220411E-009
1.0611500E-002   2.6784400E-009
1.1111700E-002   2.4392419E-009
1.1635300E-002   2.2036231E-009
1.2183700E-002   1.9835169E-009
1.2757900E-002   1.7935500E-009
1.3359100E-002   1.6037190E-009
1.3988700E-002   1.4350360E-009
1.4648000E-002   1.2820900E-009
1.5338400E-002   1.1580450E-009
1.6061200E-002   1.0302100E-009
1.6818200E-002   9.3451902E-010
1.7610800E-002   8.3035200E-010
1.8440800E-002   7.3408901E-010
1.9309800E-002   6.5698602E-010
2.0219900E-002   5.8798100E-010
2.1172800E-002   5.1962001E-010
2.2170700E-002   4.5894899E-010
2.3215500E-002   4.0081199E-010
 13
 1   2   3   4
 xy
 100
1.0133900E-003   6.2750900E-008
1.0611500E-003   6.1011800E-008
1.1111700E-003   5.9557700E-008
1.1635300E-003   5.7960500E-008
1.2183700E-003   5.6071698E-008
1.2757900E-003   5.3535668E-008
1.3359100E-003   5.2060500E-008
1.3988700E-003   5.0294400E-008
1.4648000E-003   4.8241088E-008
1.5338400E-003   4.6230900E-008
1.6061200E-003   4.4430700E-008
1.6818200E-003   4.2733575E-008
1.7610800E-003   4.0762085E-008
1.8440800E-003   3.9171017E-008
1.9309800E-003   3.7834624E-008
2.0219900E-003   3.5376750E-008
2.1172800E-003   3.3894200E-008
2.2170700E-003   3.2174500E-008
2.3215500E-003   3.0492500E-008
2.4309700E-003   2.9002300E-008
2.5455300E-003   2.7296200E-008
2.6655000E-003   2.6033100E-008
2.7911200E-003   2.4540400E-008
2.9226600E-003   2.3016100E-008
3.0604000E-003   2.1830800E-008
3.2046400E-003   2.0522900E-008
3.3556700E-003   1.8923100E-008
3.5138100E-003   1.8036100E-008
3.6794100E-003   1.6919000E-008
3.8528200E-003   1.5769800E-008
4.0344000E-003   1.4649714E-008
4.2245300E-003   1.3716800E-008
4.4236300E-003   1.2708700E-008
4.6321100E-003   1.1768400E-008
4.8504100E-003   1.0969858E-008
5.0790100E-003   1.0092700E-008
5.3183700E-003   9.4333400E-009
5.5690200E-003   8.7809000E-009
5.8314800E-003   8.1124800E-009
6.1063100E-003   7.4900100E-009
6.3940900E-003   6.9055139E-009
6.6954300E-003   6.3879800E-009
7.0109800E-003   5.8063800E-009
7.3414000E-003   5.3408800E-009
7.6873900E-003   4.8422500E-009
8.0496800E-003   4.4919800E-009
8.4290500E-003   4.0554609E-009
8.8263000E-003   3.7399368E-009
9.2422700E-003   3.3348551E-009
9.6778500E-003   3.0342491E-009
1.0133900E-002   2.7682869E-009
1.0611500E-002   2.5719140E-009
1.1111700E-002   2.3542861E-009
1.1635300E-002   2.1461410E-009
1.2183700E-002   1.9563979E-009
1.2757900E-002   1.8041860E-009
1.3359100E-002   1.6315900E-009
1.3988700E-002   1.4809800E-009
1.4648000E-002   1.3200880E-009
1.5338400E-002   1.1638200E-009
1.6061200E-002   1.0483659E-009
1.6818200E-002   9.3292996E-010
1.7610800E-002   8.2784402E-010
1.8440800E-002   7.4019602E-010
1.9309800E-002   6.5370898E-010
2.0219900E-002   5.8090199E-010
2.1172800E-002   5.1620302E-010
2.2170700E-002   4.5870999E-010
2.3215500E-002   4.0088100E-010
 14
 1   2   3   4
 xy
 100
1.0133900E-003   6.1741000E-008
1.0611500E-003   6.0388400E-008
1.1111700E-003   5.8408600E-008
1.1635300E-003   5.6808400E-008
1.2183700E-003   5.5070600E-008
1.2757900E-003   5.3425000E-008
1.3359100E-003   5.1602400E-008
1.3988700E-003   4.9353100E-008
1.4648000E-003   4.7679300E-008
1.5338400E-003   4.6384400E-008
1.6061200E-003   4.4586700E-008
1.6818200E-003   4.2528300E-008
1.7610800E-003   4.1212600E-008
1.8440800E-003   3.8765100E-008
1.9309800E-003   3.7482200E-008
2.0219900E-003   3.5679600E-008
2.1172800E-003   3.3738600E-008
2.2170700E-003   3.2413100E-008
2.3215500E-003   3.0659700E-008
2.4309700E-003   2.9487600E-008
2.5455300E-003   2.7715611E-008
2.6655000E-003   2.6043100E-008
2.7911200E-003   2.4291200E-008
2.9226600E-003   2.3171900E-008
3.0604000E-003   2.2067500E-008
3.2046400E-003   2.0519100E-008
3.3556700E-003   1.9256200E-008
3.5138100E-003   1.7963600E-008
3.6794100E-003   1.6995300E-008
3.8528200E-003   1.5733400E-008
4.0344000E-003   1.4918600E-008
4.2245300E-003   1.3667164E-008
4.4236300E-003   1.2666800E-008
4.6321100E-003   1.1864900E-008
4.8504100E-003   1.0971600E-008
5.0790100E-003   1.0353218E-008
5.3183700E-003   9.6119200E-009
5.5690200E-003   8.8026900E-009
5.8314800E-003   8.0172384E-009
6.1063100E-003   7.4035700E-009
6.3940900E-003   6.9519279E-009
6.6954300E-003   6.3819519E-009
7.0109800E-003   5.9411338E-009
7.3414000E-003   5.4293200E-009
7.6873900E-003   4.9374020E-009
8.0496800E-003   4.4684278E-009
8.4290500E-003   4.0283590E-009
8.8263000E-003   3.6543830E-009
9.2422700E-003   3.2929710E-009
9.6778500E-003   2.9673020E-009
1.0133900E-002   2.6430811E-009
1.0611500E-002   2.3542861E-009
1.1111700E-002   2.0729221E-009
1.1635300E-002   1.8464250E-009
1.2183700E-002   1.6831800E-009
1.2757900E-002   1.4992680E-009
1.3359100E-002   1.3200880E-009
1.3988700E-002   1.1623220E-009
1.4648000E-002   1.0437000E-009
1.5338400E-002   9.3292996E-010
1.6061200E-002   8.4066498E-010
1.6818200E-002   7.4125700E-010
1.7610800E-002   6.6135297E-010
1.8440800E-002   5.8090199E-010
1.9309800E-002   5.1620302E-010
2.0219900E-002   4.5005599E-010
2.1172800E-002   3.9810699E-010
2.2170700E-002   3.4551101E-010
2.3215500E-002   2.9986300E-010
 15
 1   2   3   4
 xy
 100
1.0133900E-003   6.8376309E-008
1.0611500E-003   6.4762077E-008
1.1111700E-003   6.2008731E-008
1.1635300E-003   6.0020817E-008
1.2183700E-003   5.8052255E-008
1.2757900E-003   5.5426646E-008
1.3359100E-003   5.2919788E-008
1.3988700E-003   5.1114334E-008
1.4648000E-003   4.8548600E-008
1.5338400E-003   4.7060600E-008
1.6061200E-003   4.4354200E-008
1.6818200E-003   4.2728700E-008
1.7610800E-003   4.0954900E-008
1.8440800E-003   3.8870724E-008
1.9309800E-003   3.7218143E-008
2.0219900E-003   3.5509200E-008
2.1172800E-003   3.4008200E-008
2.2170700E-003   3.2782600E-008
2.3215500E-003   3.0827200E-008
2.4309700E-003   2.9438100E-008
2.5455300E-003   2.8005038E-008
2.6655000E-003   2.5963000E-008
2.7911200E-003   2.4624500E-008
2.9226600E-003   2.3177700E-008
3.0604000E-003   2.1956300E-008
3.2046400E-003   2.0625100E-008
3.3556700E-003   1.9382900E-008
3.5138100E-003   1.8236600E-008
3.6794100E-003   1.7128300E-008
3.8528200E-003   1.5907500E-008
4.0344000E-003   1.5109332E-008
4.2245300E-003   1.3886600E-008
4.4236300E-003   1.2898903E-008
4.6321100E-003   1.2033778E-008
4.8504100E-003   1.1226678E-008
5.0790100E-003   1.0415400E-008
5.3183700E-003   9.6559900E-009
5.5690200E-003   8.9048100E-009
5.8314800E-003   8.2031000E-009
6.1063100E-003   7.5752498E-009
6.3940900E-003   6.8626020E-009
6.6954300E-003   6.3248700E-009
7.0109800E-003   5.8565521E-009
7.3414000E-003   5.3915200E-009
7.6873900E-003   4.9270700E-009
8.0496800E-003   4.4487831E-009
8.4290500E-003   4.0283590E-009
8.8263000E-003   3.6652410E-009
9.2422700E-003   3.3097369E-009
9.6778500E-003   2.9888300E-009
1.0133900E-002   2.6963061E-009
1.0611500E-002   2.3952900E-009
1.1111700E-002   2.1291440E-009
1.1635300E-002   1.9116440E-009
1.2183700E-002   1.6797400E-009
1.2757900E-002   1.4992680E-009
1.3359100E-002   1.3200880E-009
1.3988700E-002   1.1623220E-009
1.4648000E-002   1.0240639E-009
1.5338400E-002   9.0208901E-010
1.6061200E-002   7.8428197E-010
1.6818200E-002   6.7814898E-010
1.7610800E-002   5.9737598E-010
1.8440800E-002   5.1794702E-010
1.9309800E-002   4.5005599E-010
2.0219900E-002   3.9559100E-010
2.1172800E-002   3.4299200E-010
2.2170700E-002   3.0018399E-010
2.3215500E-002   2.6126801E-010
 16
 1   2   3   4
 xy
 100
1.0133900E-003   6.8376309E-008
1.0611500E-003   6.4762077E-008
1.1111700E-003   6.2355070E-008
1.1635300E-003   6.0020817E-008
1.2183700E-003   5.6940000E-008
1.2757900E-003   5.5626664E-008
1.3359100E-003   5.3261708E-008
1.3988700E-003   5.1047100E-008
1.4648000E-003   4.8705200E-008
1.5338400E-003   4.6787700E-008
1.6061200E-003   4.5128600E-008
1.6818200E-003   4.3306100E-008
1.7610800E-003   4.1074300E-008
1.8440800E-003   3.9658300E-008
1.9309800E-003   3.7815800E-008
2.0219900E-003   3.5858500E-008
2.1172800E-003   3.4452100E-008
2.2170700E-003   3.2478500E-008
2.3215500E-003   3.1051300E-008
2.4309700E-003   2.9153300E-008
2.5455300E-003   2.7283335E-008
2.6655000E-003   2.5962400E-008
2.7911200E-003   2.4757700E-008
2.9226600E-003   2.3349800E-008
3.0604000E-003   2.1709600E-008
3.2046400E-003   2.0598500E-008
3.3556700E-003   1.9325300E-008
3.5138100E-003   1.8152400E-008
3.6794100E-003   1.6842831E-008
3.8528200E-003   1.5700000E-008
4.0344000E-003   1.4707000E-008
4.2245300E-003   1.3702268E-008
4.4236300E-003   1.2817900E-008
4.6321100E-003   1.1868000E-008
4.8504100E-003   1.1118200E-008
5.0790100E-003   1.0282600E-008
5.3183700E-003   9.4060600E-009
5.5690200E-003   8.6831893E-009
5.8314800E-003   8.0281900E-009
6.1063100E-003   7.3305600E-009
6.3940900E-003   6.8068700E-009
6.6954300E-003   6.2342200E-009
7.0109800E-003   5.7469038E-009
7.3414000E-003   5.1554210E-009
7.6873900E-003   4.7263762E-009
8.0496800E-003   4.2862300E-009
8.4290500E-003   3.9175200E-009
8.8263000E-003   3.5635200E-009
9.2422700E-003   3.1810030E-009
9.6778500E-003   2.8991061E-009
1.0133900E-002   2.6333760E-009
1.0611500E-002   2.3960021E-009
1.1111700E-002   2.1622490E-009
1.1635300E-002   1.9251000E-009
1.2183700E-002   1.7400670E-009
1.2757900E-002   1.5297320E-009
1.3359100E-002   1.3407830E-009
1.3988700E-002   1.1769410E-009
1.4648000E-002   1.0238970E-009
1.5338400E-002   9.0687402E-010
1.6061200E-002   7.8965201E-010
1.6818200E-002   6.8532602E-010
1.7610800E-002   6.0899702E-010
1.8440800E-002   5.2853899E-010
1.9309800E-002   4.5870999E-010
2.0219900E-002   3.9810699E-010
2.1172800E-002   3.4493400E-010
2.2170700E-002   2.9627700E-010
2.3215500E-002   2.4824001E-010
 17
 1   2   3   4
 xy
 100
1.0133900E-003   6.3502700E-008
1.0611500E-003   6.1788000E-008
1.1111700E-003   6.0056900E-008
1.1635300E-003   5.7844600E-008
1.2183700E-003   5.5976600E-008
1.2757900E-003   5.3765700E-008
1.3359100E-003   5.2112000E-008
1.3988700E-003   5.0297800E-008
1.4648000E-003   4.8211800E-008
1.5338400E-003   4.6080300E-008
1.6061200E-003   4.4502700E-008
1.6818200E-003   4.2562700E-008
1.7610800E-003   4.0704700E-008
1.8440800E-003   3.9342100E-008
1.9309800E-003   3.6995400E-008
2.0219900E-003   3.5556000E-008
2.1172800E-003   3.4011300E-008
2.2170700E-003   3.1948200E-008
2.3215500E-003   3.0512400E-008
2.4309700E-003   2.8650900E-008
2.5455300E-003   2.7231400E-008
2.6655000E-003   2.5898700E-008
2.7911200E-003   2.4301100E-008
2.9226600E-003   2.2795100E-008
3.0604000E-003   2.1827200E-008
3.2046400E-003   2.0246500E-008
3.3556700E-003   1.9095400E-008
3.5138100E-003   1.8173306E-008
3.6794100E-003   1.6680700E-008
3.8528200E-003   1.5499000E-008
4.0344000E-003   1.4368400E-008
4.2245300E-003   1.3545800E-008
4.4236300E-003   1.2494400E-008
4.6321100E-003   1.1628000E-008
4.8504100E-003   1.0846000E-008
5.0790100E-003   9.9674500E-009
5.3183700E-003   9.1180100E-009
5.5690200E-003   8.4048182E-009
5.8314800E-003   7.7894970E-009
6.1063100E-003   7.1412392E-009
6.3940900E-003   6.5394000E-009
6.6954300E-003   6.0676268E-009
7.0109800E-003   5.5025762E-009
7.3414000E-003   5.0303500E-009
7.6873900E-003   4.5748552E-009
8.0496800E-003   4.1827900E-009
8.4290500E-003   3.8450820E-009
8.8263000E-003   3.4493390E-009
9.2422700E-003   3.1486300E-009
9.6778500E-003   2.8991061E-009
1.0133900E-002   2.6007241E-009
1.0611500E-002   2.3439900E-009
1.1111700E-002   2.0962300E-009
1.1635300E-002   1.8920081E-009
1.2183700E-002   1.7214620E-009
1.2757900E-002   1.5780230E-009
1.3359100E-002   1.3918410E-009
1.3988700E-002   1.2426240E-009
1.4648000E-002   1.0990709E-009
1.5338400E-002   9.7665998E-010
1.6061200E-002   8.6831897E-010
1.6818200E-002   7.8745599E-010
1.7610800E-002   6.8532602E-010
1.8440800E-002   6.0899702E-010
1.9309800E-002   5.5410199E-010
2.0219900E-002   5.0415500E-010
2.1172800E-002   4.4765500E-010
2.2170700E-002   3.9810699E-010
2.3215500E-002   3.5635800E-010
 18
 1   2   3   4
 xy
 100
1.0133900E-003   6.2778100E-008
1.0611500E-003   6.0944500E-008
1.1111700E-003   5.8150100E-008
1.1635300E-003   5.6583300E-008
1.2183700E-003   5.4927500E-008
1.2757900E-003   5.3230100E-008
1.3359100E-003   5.0847100E-008
1.3988700E-003   4.8762100E-008
1.4648000E-003   4.6753197E-008
1.5338400E-003   4.5174800E-008
1.6061200E-003   4.3074700E-008
1.6818200E-003   4.1829300E-008
1.7610800E-003   4.0110300E-008
1.8440800E-003   3.8103600E-008
1.9309800E-003   3.6396400E-008
2.0219900E-003   3.4493389E-008
2.1172800E-003   3.3072800E-008
2.2170700E-003   3.1968110E-008
2.3215500E-003   2.9955600E-008
2.4309700E-003   2.8144000E-008
2.5455300E-003   2.6591600E-008
2.6655000E-003   2.5151000E-008
2.7911200E-003   2.3828400E-008
2.9226600E-003   2.2338634E-008
3.0604000E-003   2.1133200E-008
3.2046400E-003   1.9784000E-008
3.3556700E-003   1.8306300E-008
3.5138100E-003   1.7379100E-008
3.6794100E-003   1.6302874E-008
3.8528200E-003   1.5281500E-008
4.0344000E-003   1.4310684E-008
4.2245300E-003   1.3384600E-008
4.4236300E-003   1.2426237E-008
4.6321100E-003   1.1538400E-008
4.8504100E-003   1.0673378E-008
5.0790100E-003   9.8623100E-009
5.3183700E-003   9.0076400E-009
5.5690200E-003   8.2651700E-009
5.8314800E-003   7.6743700E-009
6.1063100E-003   7.0423400E-009
6.3940900E-003   6.4409522E-009
6.6954300E-003   5.9372440E-009
7.0109800E-003   5.3344300E-009
7.3414000E-003   4.8301678E-009
7.6873900E-003   4.3539100E-009
8.0496800E-003   3.9724330E-009
8.4290500E-003   3.5796961E-009
8.8263000E-003   3.2570211E-009
9.2422700E-003   2.9634311E-009
9.6778500E-003   2.6780500E-009
1.0133900E-002   2.3960021E-009
1.0611500E-002   2.1800250E-009
1.1111700E-002   1.9372219E-009
1.1635300E-002   1.7065800E-009
1.2183700E-002   1.5183520E-009
1.2757900E-002   1.3262100E-009
1.3359100E-002   1.1711900E-009
1.3988700E-002   1.0344410E-009
1.4648000E-002   9.0208901E-010
1.5338400E-002   7.9464302E-010
1.6061200E-002   6.9999501E-010
1.6818200E-002   6.2647199E-010
1.7610800E-002   5.5185401E-010
1.8440800E-002   4.8612397E-010
1.9309800E-002   4.3506501E-010
2.0219900E-002   3.8311901E-010
2.1172800E-002   3.3838601E-010
2.2170700E-002   3.0213901E-010
2.3215500E-002   2.6697500E-010
 19
 1   2   3   4
 xy
 100
1.0133900E-003   5.9440800E-008
1.0611500E-003   5.7307200E-008
1.1111700E-003   5.6152400E-008
1.1635300E-003   5.4448100E-008
1.2183700E-003   5.2139100E-008
1.2757900E-003   5.0360300E-008
1.3359100E-003   4.9033000E-008
1.3988700E-003   4.7282100E-008
1.4648000E-003   4.5221800E-008
1.5338400E-003   4.3549300E-008
1.6061200E-003   4.2200100E-008
1.6818200E-003   3.9988600E-008
1.7610800E-003   3.8550600E-008
1.8440800E-003   3.6909800E-008
1.9309800E-003   3.5004500E-008
2.0219900E-003   3.3906300E-008
2.1172800E-003   3.2007000E-008
2.2170700E-003   3.0679500E-008
2.3215500E-003   2.9203200E-008
2.4309700E-003   2.7799300E-008
2.5455300E-003   2.5824600E-008
2.6655000E-003   2.4715900E-008
2.7911200E-003   2.3228200E-008
2.9226600E-003   2.1712200E-008
3.0604000E-003   2.0494800E-008
3.2046400E-003   1.9400700E-008
3.3556700E-003   1.8275700E-008
3.5138100E-003   1.7168700E-008
3.6794100E-003   1.5994900E-008
3.8528200E-003   1.4870900E-008
4.0344000E-003   1.3870920E-008
4.2245300E-003   1.2954300E-008
4.4236300E-003   1.2144000E-008
4.6321100E-003   1.1216100E-008
4.8504100E-003   1.0439100E-008
5.0790100E-003   9.8570700E-009
5.3183700E-003   9.0056200E-009
5.5690200E-003   8.3255400E-009
5.8314800E-003   7.6596782E-009
6.1063100E-003   7.0836679E-009
6.3940900E-003   6.5431891E-009
6.6954300E-003   5.9501328E-009
7.0109800E-003   5.4555951E-009
7.3414000E-003   4.9599300E-009
7.6873900E-003   4.5445101E-009
8.0496800E-003   4.1140700E-009
8.4290500E-003   3.6825900E-009
8.8263000E-003   3.3348551E-009
9.2422700E-003   3.0545200E-009
9.6778500E-003   2.8267151E-009
1.0133900E-002   2.5719140E-009
1.0611500E-002   2.3207700E-009
1.1111700E-002   2.0943660E-009
1.1635300E-002   1.8704449E-009
1.2183700E-002   1.6739869E-009
1.2757900E-002   1.4806300E-009
1.3359100E-002   1.3197200E-009
1.3988700E-002   1.1811070E-009
1.4648000E-002   1.0570520E-009
1.5338400E-002   9.4120500E-010
1.6061200E-002   8.3334800E-010
1.6818200E-002   7.4581902E-010
1.7610800E-002   6.6748401E-010
1.8440800E-002   5.8670702E-010
1.9309800E-002   5.2608101E-010
2.0219900E-002   4.7095300E-010
2.1172800E-002   4.1485901E-010
2.2170700E-002   3.7128500E-010
2.3215500E-002   3.3228800E-010
 20
 1   2   3   4
 xy
 100
1.0133900E-003   6.1500300E-008
1.0611500E-003   5.8718600E-008
1.1111700E-003   5.6771300E-008
1.1635300E-003   5.5144500E-008
1.2183700E-003   5.3401800E-008
1.2757900E-003   5.1674900E-008
1.3359100E-003   4.9676700E-008
1.3988700E-003   4.7332500E-008
1.4648000E-003   4.6012600E-008
1.5338400E-003   4.3711400E-008
1.6061200E-003   4.2196000E-008
1.6818200E-003   4.0281600E-008
1.7610800E-003   3.8514100E-008
1.8440800E-003   3.6409900E-008
1.9309800E-003   3.5243500E-008
2.0219900E-003   3.3193469E-008
2.1172800E-003   3.1436624E-008
2.2170700E-003   3.0297000E-008
2.3215500E-003   2.8700850E-008
2.4309700E-003   2.7342745E-008
2.5455300E-003   2.5932000E-008
2.6655000E-003   2.4244621E-008
2.7911200E-003   2.3532500E-008
2.9226600E-003   2.2040500E-008
3.0604000E-003   2.0511600E-008
3.2046400E-003   1.9563700E-008
3.3556700E-003   1.8109011E-008
3.5138100E-003   1.6844000E-008
3.6794100E-003   1.5668600E-008
3.8528200E-003   1.4429700E-008
4.0344000E-003   1.3463200E-008
4.2245300E-003   1.2737800E-008
4.4236300E-003   1.1993539E-008
4.6321100E-003   1.1117700E-008
4.8504100E-003   1.0235900E-008
5.0790100E-003   9.4099800E-009
5.3183700E-003   8.6465350E-009
5.5690200E-003   7.9903186E-009
5.8314800E-003   7.2972282E-009
6.1063100E-003   6.6229680E-009
6.3940900E-003   5.9386021E-009
6.6954300E-003   5.4450100E-009
7.0109800E-003   4.8918558E-009
7.3414000E-003   4.3945100E-009
7.6873900E-003   4.0283590E-009
8.0496800E-003   3.5696990E-009
8.4290500E-003   3.1946800E-009
8.8263000E-003   2.8245331E-009
9.2422700E-003   2.5278650E-009
9.6778500E-003   2.2321220E-009
1.0133900E-002   1.9991100E-009
1.0611500E-002   1.7626000E-009
1.1111700E-002   1.5297320E-009
1.1635300E-002   1.3408080E-009
1.2183700E-002   1.1811070E-009
1.2757900E-002   1.0496700E-009
1.3359100E-002   9.1866698E-010
1.3988700E-002   8.2024099E-010
1.4648000E-002   7.2093298E-010
1.5338400E-002   6.4643702E-010
1.6061200E-002   5.6067201E-010
1.6818200E-002   5.0118698E-010
1.7610800E-002   4.3506501E-010
1.8440800E-002   3.8389300E-010
1.9309800E-002   3.3598199E-010
2.0219900E-002   2.9763500E-010
2.1172800E-002   2.6048899E-010
2.2170700E-002   2.2523300E-010
2.3215500E-002   1.9952601E-010
 21
 1   2   3   4
 xy
 100
1.0133900E-003   6.2621200E-008
1.0611500E-003   6.0503300E-008
1.1111700E-003   5.8741100E-008
1.1635300E-003   5.7152600E-008
1.2183700E-003   5.5690958E-008
1.2757900E-003   5.2578400E-008
1.3359100E-003   5.1346400E-008
1.3988700E-003   4.9010300E-008
1.4648000E-003   4.7680391E-008
1.5338400E-003   4.5494200E-008
1.6061200E-003   4.3608800E-008
1.6818200E-003   4.1405600E-008
1.7610800E-003   3.9521900E-008
1.8440800E-003   3.8362300E-008
1.9309800E-003   3.6660833E-008
2.0219900E-003   3.4871600E-008
2.1172800E-003   3.2777300E-008
2.2170700E-003   3.1528800E-008
2.3215500E-003   2.9906200E-008
2.4309700E-003   2.8278400E-008
2.5455300E-003   2.6603700E-008
2.6655000E-003   2.5327100E-008
2.7911200E-003   2.3942100E-008
2.9226600E-003   2.2707700E-008
3.0604000E-003   2.1309200E-008
3.2046400E-003   1.9881100E-008
3.3556700E-003   1.8690500E-008
3.5138100E-003   1.7496200E-008
3.6794100E-003   1.6389900E-008
3.8528200E-003   1.5212400E-008
4.0344000E-003   1.4170300E-008
4.2245300E-003   1.3233000E-008
4.4236300E-003   1.2345700E-008
4.6321100E-003   1.1539500E-008
4.8504100E-003   1.0583841E-008
5.0790100E-003   9.8201500E-009
5.3183700E-003   9.0096300E-009
5.5690200E-003   8.3743400E-009
5.8314800E-003   7.7791700E-009
6.1063100E-003   7.1357080E-009
6.3940900E-003   6.5003800E-009
6.6954300E-003   6.0367631E-009
7.0109800E-003   5.4027300E-009
7.3414000E-003   4.8687658E-009
7.6873900E-003   4.3931900E-009
8.0496800E-003   4.0464800E-009
8.4290500E-003   3.6412600E-009
8.8263000E-003   3.2841700E-009
9.2422700E-003   3.0271600E-009
9.6778500E-003   2.7631240E-009
1.0133900E-002   2.5234100E-009
1.0611500E-002   2.2721900E-009
1.1111700E-002   2.0405600E-009
1.1635300E-002   1.8500590E-009
1.2183700E-002   1.6503300E-009
1.2757900E-002   1.4591590E-009
1.3359100E-002   1.2966430E-009
1.3988700E-002   1.1797630E-009
1.4648000E-002   1.0670000E-009
1.5338400E-002   9.5905095E-010
1.6061200E-002   8.4762802E-010
1.6818200E-002   7.5322198E-010
1.7610800E-002   6.8009898E-010
1.8440800E-002   6.0910899E-010
1.9309800E-002   5.4052302E-010
2.0219900E-002   4.8579601E-010
2.1172800E-002   4.4038800E-010
2.2170700E-002   3.8818701E-010
2.3215500E-002   3.4700401E-010
 22
 1   2   3   4
 xy
 100
1.0133900E-003   6.7417908E-008
1.0611500E-003   6.5238886E-008
1.1111700E-003   6.3130294E-008
1.1635300E-003   6.0424469E-008
1.2183700E-003   5.7834619E-008
1.2757900E-003   5.5690958E-008
1.3359100E-003   5.3092407E-008
1.3988700E-003   5.0615107E-008
1.4648000E-003   4.8253398E-008
1.5338400E-003   4.6458268E-008
1.6061200E-003   4.4382464E-008
1.6818200E-003   4.1819800E-008
1.7610800E-003   3.9461100E-008
1.8440800E-003   3.8167000E-008
1.9309800E-003   3.6446100E-008
2.0219900E-003   3.4790000E-008
2.1172800E-003   3.3260000E-008
2.2170700E-003   3.1760700E-008
2.3215500E-003   3.0102700E-008
2.4309700E-003   2.8340100E-008
2.5455300E-003   2.7355800E-008
2.6655000E-003   2.5766600E-008
2.7911200E-003   2.4181300E-008
2.9226600E-003   2.3071300E-008
3.0604000E-003   2.1565100E-008
3.2046400E-003   2.0503800E-008
3.3556700E-003   1.9425000E-008
3.5138100E-003   1.7965100E-008
3.6794100E-003   1.6732300E-008
3.8528200E-003   1.6015500E-008
4.0344000E-003   1.4964100E-008
4.2245300E-003   1.3642800E-008
4.4236300E-003   1.2819400E-008
4.6321100E-003   1.2161200E-008
4.8504100E-003   1.1306600E-008
5.0790100E-003   1.0343300E-008
5.3183700E-003   9.4573600E-009
5.5690200E-003   8.7824000E-009
5.8314800E-003   8.0305400E-009
6.1063100E-003   7.4302000E-009
6.3940900E-003   6.8565200E-009
6.6954300E-003   6.3551800E-009
7.0109800E-003   5.7762200E-009
7.3414000E-003   5.2934079E-009
7.6873900E-003   4.8664370E-009
8.0496800E-003   4.4955800E-009
8.4290500E-003   4.1609600E-009
8.8263000E-003   3.7528309E-009
9.2422700E-003   3.4163541E-009
9.6778500E-003   3.1063809E-009
1.0133900E-002   2.7801099E-009
1.0611500E-002   2.5118860E-009
1.1111700E-002   2.2153200E-009
1.1635300E-002   1.9535129E-009
1.2183700E-002   1.7279120E-009
1.2757900E-002   1.5464250E-009
1.3359100E-002   1.3840000E-009
1.3988700E-002   1.2386350E-009
1.4648000E-002   1.1009390E-009
1.5338400E-002   9.6114405E-010
1.6061200E-002   8.4666402E-010
1.6818200E-002   7.4757001E-010
1.7610800E-002   6.6733702E-010
1.8440800E-002   5.9571498E-010
1.9309800E-002   5.2428600E-010
2.0219900E-002   4.6597998E-010
2.1172800E-002   4.0949200E-010
2.2170700E-002   3.7275899E-010
2.3215500E-002   3.3144201E-010
 23
 1   2   3   4
 xy
 100
1.0133900E-003   6.3845192E-008
1.0611500E-003   6.2355070E-008
1.1111700E-003   6.0899730E-008
1.1635300E-003   5.9478360E-008
1.2183700E-003   5.6734358E-008
1.2757900E-003   5.5410204E-008
1.3359100E-003   5.2853885E-008
1.3988700E-003   5.1620297E-008
1.4648000E-003   4.9238825E-008
1.5338400E-003   4.7148664E-008
1.6061200E-003   4.4984326E-008
1.6818200E-003   4.2418080E-008
1.7610800E-003   4.0728600E-008
1.8440800E-003   3.8609900E-008
1.9309800E-003   3.7005100E-008
2.0219900E-003   3.5312500E-008
2.1172800E-003   3.3572300E-008
2.2170700E-003   3.2379900E-008
2.3215500E-003   3.0432500E-008
2.4309700E-003   2.8786156E-008
2.5455300E-003   2.7412900E-008
2.6655000E-003   2.6307700E-008
2.7911200E-003   2.4496200E-008
2.9226600E-003   2.3362900E-008
3.0604000E-003   2.1970338E-008
3.2046400E-003   2.0572100E-008
3.3556700E-003   1.9417200E-008
3.5138100E-003   1.8041300E-008
3.6794100E-003   1.7026900E-008
3.8528200E-003   1.5895100E-008
4.0344000E-003   1.4995100E-008
4.2245300E-003   1.3866800E-008
4.4236300E-003   1.2742500E-008
4.6321100E-003   1.1951500E-008
4.8504100E-003   1.1115228E-008
5.0790100E-003   1.0318800E-008
5.3183700E-003   9.4859800E-009
5.5690200E-003   8.8316800E-009
5.8314800E-003   8.2454900E-009
6.1063100E-003   7.6322584E-009
6.3940900E-003   6.9346671E-009
6.6954300E-003   6.3991519E-009
7.0109800E-003   5.8828500E-009
7.3414000E-003   5.3224600E-009
7.6873900E-003   4.7338000E-009
8.0496800E-003   4.2652000E-009
8.4290500E-003   3.9475800E-009
8.8263000E-003   3.6007300E-009
9.2422700E-003   3.2757150E-009
9.6778500E-003   2.9634311E-009
1.0133900E-002   2.6333760E-009
1.0611500E-002   2.3960021E-009
1.1111700E-002   2.1555100E-009
1.1635300E-002   1.9372219E-009
1.2183700E-002   1.7305050E-009
1.2757900E-002   1.5345130E-009
1.3359100E-002   1.3607190E-009
1.3988700E-002   1.1886140E-009
1.4648000E-002   1.0238970E-009
1.5338400E-002   9.0452700E-010
1.6061200E-002   7.8965201E-010
1.6818200E-002   6.8532602E-010
1.7610800E-002   5.9636202E-010
1.8440800E-002   5.2017601E-010
1.9309800E-002   4.6126200E-010
2.0219900E-002   4.0902101E-010
2.1172800E-002   3.6269601E-010
2.2170700E-002   3.1682201E-010
2.3215500E-002   2.7675001E-010
 24
 1   2   3   4
 xy
 100
1.0133900E-003   6.2525200E-008
1.0611500E-003   6.1393400E-008
1.1111700E-003   5.9328000E-008
1.1635300E-003   5.7166300E-008
1.2183700E-003   5.5892200E-008
1.2757900E-003   5.4278100E-008
1.3359100E-003   5.2135400E-008
1.3988700E-003   5.0207800E-008
1.4648000E-003   4.8757700E-008
1.5338400E-003   4.7354800E-008
1.6061200E-003   4.5652683E-008
1.6818200E-003   4.3591800E-008
1.7610800E-003   4.1528700E-008
1.8440800E-003   3.9885200E-008
1.9309800E-003   3.8237100E-008
2.0219900E-003   3.6398500E-008
2.1172800E-003   3.4847500E-008
2.2170700E-003   3.3140600E-008
2.3215500E-003   3.1593600E-008
2.4309700E-003   3.0086200E-008
2.5455300E-003   2.8686700E-008
2.6655000E-003   2.7142400E-008
2.7911200E-003   2.5699700E-008
2.9226600E-003   2.4266456E-008
3.0604000E-003   2.2807900E-008
3.2046400E-003   2.1461800E-008
3.3556700E-003   1.9902600E-008
3.5138100E-003   1.8666200E-008
3.6794100E-003   1.7437900E-008
3.8528200E-003   1.6300397E-008
4.0344000E-003   1.5339300E-008
4.2245300E-003   1.4331436E-008
4.4236300E-003   1.3353200E-008
4.6321100E-003   1.2418300E-008
4.8504100E-003   1.1214100E-008
5.0790100E-003   1.0438200E-008
5.3183700E-003   9.5642600E-009
5.5690200E-003   8.9432700E-009
5.8314800E-003   8.1812663E-009
6.1063100E-003   7.5452600E-009
6.3940900E-003   7.0107200E-009
6.6954300E-003   6.3913239E-009
7.0109800E-003   5.7927600E-009
7.3414000E-003   5.2264200E-009
7.6873900E-003   4.6904500E-009
8.0496800E-003   4.2108800E-009
8.4290500E-003   3.8722800E-009
8.8263000E-003   3.5186709E-009
9.2422700E-003   3.1448300E-009
9.6778500E-003   2.8267151E-009
1.0133900E-002   2.5118860E-009
1.0611500E-002   2.2321220E-009
1.1111700E-002   1.9869400E-009
1.1635300E-002   1.8047220E-009
1.2183700E-002   1.6356700E-009
1.2757900E-002   1.4627980E-009
1.3359100E-002   1.2966430E-009
1.3988700E-002   1.1522280E-009
1.4648000E-002   1.0238970E-009
1.5338400E-002   8.8862401E-010
1.6061200E-002   7.8965201E-010
1.6818200E-002   6.8532602E-010
1.7610800E-002   6.0104499E-010
1.8440800E-002   5.2853899E-010
1.9309800E-002   4.7008097E-010
2.0219900E-002   4.1736201E-010
2.1172800E-002   3.6337600E-010
2.2170700E-002   3.1948300E-010
2.3215500E-002   2.8419800E-010
 25
 1   2   3   4
 xy
 100
1.0133900E-003   6.0364600E-008
1.0611500E-003   5.8501700E-008
1.1111700E-003   5.7633900E-008
1.1635300E-003   5.6243500E-008
1.2183700E-003   5.4325300E-008
1.2757900E-003   5.2868700E-008
1.3359100E-003   5.1476500E-008
1.3988700E-003   4.9594500E-008
1.4648000E-003   4.7766800E-008
1.5338400E-003   4.5917600E-008
1.6061200E-003   4.4913500E-008
1.6818200E-003   4.3057952E-008
1.7610800E-003   4.1172300E-008
1.8440800E-003   3.9504400E-008
1.9309800E-003   3.7506500E-008
2.0219900E-003   3.6246400E-008
2.1172800E-003   3.4285700E-008
2.2170700E-003   3.2989600E-008
2.3215500E-003   3.1242800E-008
2.4309700E-003   2.9983200E-008
2.5455300E-003   2.8923125E-008
2.6655000E-003   2.7115400E-008
2.7911200E-003   2.5418400E-008
2.9226600E-003   2.4102700E-008
3.0604000E-003   2.2670900E-008
3.2046400E-003   2.1118700E-008
3.3556700E-003   2.0214700E-008
3.5138100E-003   1.8807100E-008
3.6794100E-003   1.7469900E-008
3.8528200E-003   1.6401000E-008
4.0344000E-003   1.5132900E-008
4.2245300E-003   1.4091200E-008
4.4236300E-003   1.3123900E-008
4.6321100E-003   1.2347800E-008
4.8504100E-003   1.1216400E-008
5.0790100E-003   1.0339400E-008
5.3183700E-003   9.4620000E-009
5.5690200E-003   8.8695877E-009
5.8314800E-003   8.0768627E-009
6.1063100E-003   7.3612500E-009
6.3940900E-003   6.8562458E-009
6.6954300E-003   6.2434649E-009
7.0109800E-003   5.6854512E-009
7.3414000E-003   5.1289200E-009
7.6873900E-003   4.6899600E-009
8.0496800E-003   4.2090900E-009
8.4290500E-003   3.8825700E-009
8.8263000E-003   3.4961469E-009
9.2422700E-003   3.1810030E-009
9.6778500E-003   2.8942659E-009
1.0133900E-002   2.6261160E-009
1.0611500E-002   2.3635811E-009
1.1111700E-002   2.0794511E-009
1.1635300E-002   1.8655180E-009
1.2183700E-002   1.6420429E-009
1.2757900E-002   1.4591590E-009
1.3359100E-002   1.3012430E-009
1.3988700E-002   1.1575300E-009
1.4648000E-002   1.0238970E-009
1.5338400E-002   9.0695501E-010
1.6061200E-002   8.1641099E-010
1.6818200E-002   7.2394601E-010
1.7610800E-002   6.4195399E-010
1.8440800E-002   5.6075899E-010
1.9309800E-002   4.8983401E-010
2.0219900E-002   4.2787901E-010
2.1172800E-002   3.6818701E-010
2.2170700E-002   3.1682201E-010
2.3215500E-002   2.6855801E-010
 26
 1   2   3   4
 xy
 100
1.0133900E-003   6.2949600E-008
1.0611500E-003   6.1480300E-008
1.1111700E-003   5.9777200E-008
1.1635300E-003   5.7916700E-008
1.2183700E-003   5.6395300E-008
1.2757900E-003   5.5094500E-008
1.3359100E-003   5.2955100E-008
1.3988700E-003   5.0863400E-008
1.4648000E-003   4.9573000E-008
1.5338400E-003   4.7680500E-008
1.6061200E-003   4.5701500E-008
1.6818200E-003   4.4442900E-008
1.7610800E-003   4.2696200E-008
1.8440800E-003   4.0617900E-008
1.9309800E-003   3.9187600E-008
2.0219900E-003   3.7356600E-008
2.1172800E-003   3.5965000E-008
2.2170700E-003   3.4245300E-008
2.3215500E-003   3.2376000E-008
2.4309700E-003   3.0769800E-008
2.5455300E-003   2.9155600E-008
2.6655000E-003   2.7719800E-008
2.7911200E-003   2.6221000E-008
2.9226600E-003   2.4644300E-008
3.0604000E-003   2.3204000E-008
3.2046400E-003   2.1792700E-008
3.3556700E-003   2.0375100E-008
3.5138100E-003   1.9184500E-008
3.6794100E-003   1.8055000E-008
3.8528200E-003   1.6686428E-008
4.0344000E-003   1.5513700E-008
4.2245300E-003   1.4419100E-008
4.4236300E-003   1.3459700E-008
4.6321100E-003   1.2453706E-008
4.8504100E-003   1.1510500E-008
5.0790100E-003   1.0808400E-008
5.3183700E-003   9.8628000E-009
5.5690200E-003   9.2531600E-009
5.8314800E-003   8.5530400E-009
6.1063100E-003   7.7035200E-009
6.3940900E-003   7.1272800E-009
6.6954300E-003   6.6147412E-009
7.0109800E-003   5.9287200E-009
7.3414000E-003   5.4254352E-009
7.6873900E-003   4.8890300E-009
8.0496800E-003   4.4905800E-009
8.4290500E-003   4.1450989E-009
8.8263000E-003   3.7313800E-009
9.2422700E-003   3.4025991E-009
9.6778500E-003   3.0342491E-009
1.0133900E-002   2.7571270E-009
1.0611500E-002   2.4818740E-009
1.1111700E-002   2.2321220E-009
1.1635300E-002   1.9835169E-009
1.2183700E-002   1.7832960E-009
1.2757900E-002   1.6063680E-009
1.3359100E-002   1.4457781E-009
1.3988700E-002   1.2966430E-009
1.4648000E-002   1.1708881E-009
1.5338400E-002   1.0238970E-009
1.6061200E-002   9.0531099E-010
1.6818200E-002   8.0423601E-010
1.7610800E-002   7.0251499E-010
1.8440800E-002   6.2295002E-010
1.9309800E-002   5.5239702E-010
2.0219900E-002   4.8089599E-010
2.1172800E-002   4.1736201E-010
2.2170700E-002   3.6222200E-010
2.3215500E-002   2.9986300E-010
 27
 1   2   3   4
 xy
 100
1.0133900E-003   6.8219734E-008
1.0611500E-003   6.6079870E-008
1.1111700E-003   6.3330766E-008
1.1635300E-003   6.1344259E-008
1.2183700E-003   5.8792171E-008
1.2757900E-003   5.6357663E-008
1.3359100E-003   5.4413317E-008
1.3988700E-003   5.2214600E-008
1.4648000E-003   5.0133391E-008
1.5338400E-003   4.8973583E-008
1.6061200E-003   4.6276900E-008
1.6818200E-003   4.4136000E-008
1.7610800E-003   4.2740200E-008
1.8440800E-003   4.0828200E-008
1.9309800E-003   3.8833900E-008
2.0219900E-003   3.7645300E-008
2.1172800E-003   3.5781700E-008
2.2170700E-003   3.4265400E-008
2.3215500E-003   3.2235000E-008
2.4309700E-003   3.0646900E-008
2.5455300E-003   2.9018600E-008
2.6655000E-003   2.7880100E-008
2.7911200E-003   2.6503225E-008
2.9226600E-003   2.4603873E-008
3.0604000E-003   2.2933300E-008
3.2046400E-003   2.1783900E-008
3.3556700E-003   2.0538200E-008
3.5138100E-003   1.9245900E-008
3.6794100E-003   1.8110963E-008
3.8528200E-003   1.6711500E-008
4.0344000E-003   1.5425700E-008
4.2245300E-003   1.4361900E-008
4.4236300E-003   1.3427500E-008
4.6321100E-003   1.2416900E-008
4.8504100E-003   1.1510200E-008
5.0790100E-003   1.0494400E-008
5.3183700E-003   9.5952322E-009
5.5690200E-003   8.7484500E-009
5.8314800E-003   8.0122051E-009
6.1063100E-003   7.2700681E-009
6.3940900E-003   6.5739200E-009
6.6954300E-003   6.0224279E-009
7.0109800E-003   5.4690000E-009
7.3414000E-003   4.9538511E-009
7.6873900E-003   4.5047800E-009
8.0496800E-003   4.0748742E-009
8.4290500E-003   3.7059500E-009
8.8263000E-003   3.3018721E-009
9.2422700E-003   2.9437000E-009
9.6778500E-003   2.5963049E-009
1.0133900E-002   2.3022551E-009
1.0611500E-002   2.0309181E-009
1.1111700E-002   1.7841930E-009
1.1635300E-002   1.5626200E-009
1.2183700E-002   1.3712470E-009
1.2757900E-002   1.2033120E-009
1.3359100E-002   1.0332000E-009
1.3988700E-002   8.8713697E-010
1.4648000E-002   7.7848999E-010
1.5338400E-002   6.6843497E-010
1.6061200E-002   5.7786598E-010
1.6818200E-002   5.0477700E-010
1.7610800E-002   4.3435699E-010
1.8440800E-002   3.8235601E-010
1.9309800E-002   3.2648700E-010
2.0219900E-002   2.8701200E-010
2.1172800E-002   2.4912100E-010
2.2170700E-002   2.1761200E-010
2.3215500E-002   1.8725400E-010
 28
 1   2   3   4
 xy
 100
1.0133900E-003   6.3759500E-008
1.0611500E-003   6.2207600E-008
1.1111700E-003   6.0639100E-008
1.1635300E-003   5.9000200E-008
1.2183700E-003   5.7345600E-008
1.2757900E-003   5.5637100E-008
1.3359100E-003   5.3819600E-008
1.3988700E-003   5.2231300E-008
1.4648000E-003   5.0308900E-008
1.5338400E-003   4.8706000E-008
1.6061200E-003   4.6634900E-008
1.6818200E-003   4.5039700E-008
1.7610800E-003   4.3245900E-008
1.8440800E-003   4.1617800E-008
1.9309800E-003   3.9845100E-008
2.0219900E-003   3.8116200E-008
2.1172800E-003   3.6338600E-008
2.2170700E-003   3.4716100E-008
2.3215500E-003   3.3201100E-008
2.4309700E-003   3.1418100E-008
2.5455300E-003   2.9524400E-008
2.6655000E-003   2.8142600E-008
2.7911200E-003   2.6747100E-008
2.9226600E-003   2.5165400E-008
3.0604000E-003   2.3774500E-008
3.2046400E-003   2.2354200E-008
3.3556700E-003   2.1177500E-008
3.5138100E-003   1.9804700E-008
3.6794100E-003   1.8553100E-008
3.8528200E-003   1.7305500E-008
4.0344000E-003   1.6033900E-008
4.2245300E-003   1.5100300E-008
4.4236300E-003   1.3898700E-008
4.6321100E-003   1.2999400E-008
4.8504100E-003   1.2085400E-008
5.0790100E-003   1.1209000E-008
5.3183700E-003   1.0367500E-008
5.5690200E-003   9.4246700E-009
5.8314800E-003   8.7152600E-009
6.1063100E-003   7.9148900E-009
6.3940900E-003   7.3483300E-009
6.6954300E-003   6.7311170E-009
7.0109800E-003   6.1739800E-009
7.3414000E-003   5.6068372E-009
7.6873900E-003   5.1014339E-009
8.0496800E-003   4.7525099E-009
8.4290500E-003   4.3213000E-009
8.8263000E-003   4.0209000E-009
9.2422700E-003   3.6336200E-009
9.6778500E-003   3.2973100E-009
1.0133900E-002   2.9782300E-009
1.0611500E-002   2.6755080E-009
1.1111700E-002   2.4084030E-009
1.1635300E-002   2.1518300E-009
1.2183700E-002   1.9224271E-009
1.2757900E-002   1.7305050E-009
1.3359100E-002   1.5345130E-009
1.3988700E-002   1.3607190E-009
1.4648000E-002   1.2087170E-009
1.5338400E-002   1.0861479E-009
1.6061200E-002   9.6313402E-010
1.6818200E-002   8.5405200E-010
1.7610800E-002   7.6520401E-010
1.8440800E-002   6.7155198E-010
1.9309800E-002   5.9210298E-010
2.0219900E-002   5.2804999E-010
2.1172800E-002   4.6126200E-010
2.2170700E-002   4.0292100E-010
2.3215500E-002   3.5195899E-010
 29
 1   2   3   4
 xy
 100
1.0133900E-003   6.2605167E-008
1.0611500E-003   6.1910960E-008
1.1111700E-003   5.9874196E-008
1.1635300E-003   5.6627403E-008
1.2183700E-003   5.4884200E-008
1.2757900E-003   5.3503800E-008
1.3359100E-003   5.1912700E-008
1.3988700E-003   5.0156000E-008
1.4648000E-003   4.9081200E-008
1.5338400E-003   4.7537300E-008
1.6061200E-003   4.5681400E-008
1.6818200E-003   4.4483900E-008
1.7610800E-003   4.2778900E-008
1.8440800E-003   4.0869800E-008
1.9309800E-003   3.9625100E-008
2.0219900E-003   3.7453500E-008
2.1172800E-003   3.6232900E-008
2.2170700E-003   3.4411400E-008
2.3215500E-003   3.2895600E-008
2.4309700E-003   3.1416200E-008
2.5455300E-003   3.0029500E-008
2.6655000E-003   2.8242300E-008
2.7911200E-003   2.6846300E-008
2.9226600E-003   2.5346400E-008
3.0604000E-003   2.4018200E-008
3.2046400E-003   2.2575200E-008
3.3556700E-003   2.1193900E-008
3.5138100E-003   1.9963900E-008
3.6794100E-003   1.8843500E-008
3.8528200E-003   1.7546700E-008
4.0344000E-003   1.6218400E-008
4.2245300E-003   1.5201900E-008
4.4236300E-003   1.4129800E-008
4.6321100E-003   1.3062000E-008
4.8504100E-003   1.2146100E-008
5.0790100E-003   1.1259800E-008
5.3183700E-003   1.0404000E-008
5.5690200E-003   9.6285900E-009
5.8314800E-003   8.8616400E-009
6.1063100E-003   8.0457960E-009
6.3940900E-003   7.3143300E-009
6.6954300E-003   6.6903469E-009
7.0109800E-003   6.1043800E-009
7.3414000E-003   5.5586200E-009
7.6873900E-003   5.1014339E-009
8.0496800E-003   4.6824700E-009
8.4290500E-003   4.2465300E-009
8.8263000E-003   3.8425130E-009
9.2422700E-003   3.4917400E-009
9.6778500E-003   3.1810030E-009
1.0133900E-002   2.8412359E-009
1.0611500E-002   2.5287600E-009
1.1111700E-002   2.2679221E-009
1.1635300E-002   2.0413959E-009
1.2183700E-002   1.8376980E-009
1.2757900E-002   1.6420429E-009
1.3359100E-002   1.4668810E-009
1.3988700E-002   1.3204370E-009
1.4648000E-002   1.1559900E-009
1.5338400E-002   1.0227930E-009
1.6061200E-002   9.0451602E-010
1.6818200E-002   7.8246098E-010
1.7610800E-002   6.8171901E-010
1.8440800E-002   5.8661398E-010
1.9309800E-002   5.1241800E-010
2.0219900E-002   4.4093201E-010
2.1172800E-002   3.7941900E-010
2.2170700E-002   3.2648700E-010
2.3215500E-002   2.7675001E-010
 30
 1   2   3   4
 xy
 100
1.0133900E-003   6.4743400E-008
1.0611500E-003   6.2724800E-008
1.1111700E-003   6.1295300E-008
1.1635300E-003   6.0001300E-008
1.2183700E-003   5.8318600E-008
1.2757900E-003   5.6155400E-008
1.3359100E-003   5.4588000E-008
1.3988700E-003   5.3344900E-008
1.4648000E-003   5.1123500E-008
1.5338400E-003   4.9572500E-008
1.6061200E-003   4.8106400E-008
1.6818200E-003   4.6171200E-008
1.7610800E-003   4.4397600E-008
1.8440800E-003   4.2920200E-008
1.9309800E-003   4.0750200E-008
2.0219900E-003   3.9347100E-008
2.1172800E-003   3.7177600E-008
2.2170700E-003   3.5927100E-008
2.3215500E-003   3.4206100E-008
2.4309700E-003   3.2532500E-008
2.5455300E-003   3.0514300E-008
2.6655000E-003   2.9238700E-008
2.7911200E-003   2.7493700E-008
2.9226600E-003   2.6127900E-008
3.0604000E-003   2.4572700E-008
3.2046400E-003   2.3043100E-008
3.3556700E-003   2.1820700E-008
3.5138100E-003   2.0335900E-008
3.6794100E-003   1.8800400E-008
3.8528200E-003   1.7729500E-008
4.0344000E-003   1.6424659E-008
4.2245300E-003   1.5298900E-008
4.4236300E-003   1.4208308E-008
4.6321100E-003   1.3205300E-008
4.8504100E-003   1.2303800E-008
5.0790100E-003   1.1427400E-008
5.3183700E-003   1.0566500E-008
5.5690200E-003   9.7612600E-009
5.8314800E-003   8.9936500E-009
6.1063100E-003   8.1136400E-009
6.3940900E-003   7.2775550E-009
6.6954300E-003   6.6474100E-009
7.0109800E-003   6.0124900E-009
7.3414000E-003   5.5432000E-009
7.6873900E-003   5.0935638E-009
8.0496800E-003   4.6648938E-009
8.4290500E-003   4.2627519E-009
8.8263000E-003   3.8371879E-009
9.2422700E-003   3.4961469E-009
9.6778500E-003   3.1364400E-009
1.0133900E-002   2.8267151E-009
1.0611500E-002   2.5800151E-009
1.1111700E-002   2.3129000E-009
1.1635300E-002   2.1109100E-009
1.2183700E-002   1.9372219E-009
1.2757900E-002   1.7567020E-009
1.3359100E-002   1.6052640E-009
1.3988700E-002   1.4450050E-009
1.4648000E-002   1.2813480E-009
1.5338400E-002   1.1362270E-009
1.6061200E-002   1.0075411E-009
1.6818200E-002   9.1144697E-010
1.7610800E-002   8.0545298E-010
1.8440800E-002   7.1932499E-010
1.9309800E-002   6.3406103E-010
2.0219900E-002   5.5890298E-010
2.1172800E-002   4.9265397E-010
2.2170700E-002   4.3425799E-010
2.3215500E-002   3.8278300E-010
 31
 1   2   3   4
 xy
 100
1.0133900E-003   6.2650500E-008
1.0611500E-003   6.1315700E-008
1.1111700E-003   5.9564900E-008
1.1635300E-003   5.8247400E-008
1.2183700E-003   5.6954600E-008
1.2757900E-003   5.5054900E-008
1.3359100E-003   5.3304100E-008
1.3988700E-003   5.2182200E-008
1.4648000E-003   5.0823200E-008
1.5338400E-003   4.8783200E-008
1.6061200E-003   4.7122100E-008
1.6818200E-003   4.5843400E-008
1.7610800E-003   4.4181200E-008
1.8440800E-003   4.2696200E-008
1.9309800E-003   4.0763700E-008
2.0219900E-003   3.8626900E-008
2.1172800E-003   3.7330600E-008
2.2170700E-003   3.5522500E-008
2.3215500E-003   3.4401400E-008
2.4309700E-003   3.2789782E-008
2.5455300E-003   3.1082100E-008
2.6655000E-003   2.9192900E-008
2.7911200E-003   2.7785000E-008
2.9226600E-003   2.6201800E-008
3.0604000E-003   2.4654800E-008
3.2046400E-003   2.3010500E-008
3.3556700E-003   2.1782800E-008
3.5138100E-003   2.0252200E-008
3.6794100E-003   1.8948100E-008
3.8528200E-003   1.7832600E-008
4.0344000E-003   1.6608828E-008
4.2245300E-003   1.5403300E-008
4.4236300E-003   1.4367625E-008
4.6321100E-003   1.3344400E-008
4.8504100E-003   1.2331500E-008
5.0790100E-003   1.1495628E-008
5.3183700E-003   1.0541100E-008
5.5690200E-003   9.7250856E-009
5.8314800E-003   8.8951353E-009
6.1063100E-003   8.1549800E-009
6.3940900E-003   7.4113500E-009
6.6954300E-003   6.7311170E-009
7.0109800E-003   6.1417200E-009
7.3414000E-003   5.5688139E-009
7.6873900E-003   4.9673100E-009
8.0496800E-003   4.4556430E-009
8.4290500E-003   3.9855128E-009
8.8263000E-003   3.5649881E-009
9.2422700E-003   3.1940700E-009
9.6778500E-003   2.9069800E-009
1.0133900E-002   2.6089451E-009
1.0611500E-002   2.3598330E-009
1.1111700E-002   2.0642870E-009
1.1635300E-002   1.8260020E-009
1.2183700E-002   1.6333340E-009
1.2757900E-002   1.4531700E-009
1.3359100E-002   1.2966430E-009
1.3988700E-002   1.1559900E-009
1.4648000E-002   1.0212510E-009
1.5338400E-002   9.1290597E-010
1.6061200E-002   8.0469598E-010
1.6818200E-002   7.1932499E-010
1.7610800E-002   6.3406103E-010
1.8440800E-002   5.5890298E-010
1.9309800E-002   4.9960902E-010
2.0219900E-002   4.4308701E-010
2.1172800E-002   3.9194101E-010
2.2170700E-002   3.5058600E-010
2.3215500E-002   3.1359401E-010
 32
 1   2   3   4
 xy
 100
1.0133900E-003   6.3140500E-008
1.0611500E-003   6.1836700E-008
1.1111700E-003   6.0838100E-008
1.1635300E-003   5.9471800E-008
1.2183700E-003   5.7909700E-008
1.2757900E-003   5.6075600E-008
1.3359100E-003   5.4630500E-008
1.3988700E-003   5.2962800E-008
1.4648000E-003   5.1231100E-008
1.5338400E-003   4.9639900E-008
1.6061200E-003   4.7923700E-008
1.6818200E-003   4.6134000E-008
1.7610800E-003   4.4699200E-008
1.8440800E-003   4.3111600E-008
1.9309800E-003   4.1304400E-008
2.0219900E-003   3.9633600E-008
2.1172800E-003   3.7558100E-008
2.2170700E-003   3.6072100E-008
2.3215500E-003   3.4209500E-008
2.4309700E-003   3.2864300E-008
2.5455300E-003   3.1024000E-008
2.6655000E-003   2.9639400E-008
2.7911200E-003   2.7879400E-008
2.9226600E-003   2.6345900E-008
3.0604000E-003   2.4640200E-008
3.2046400E-003   2.3328900E-008
3.3556700E-003   2.1850000E-008
3.5138100E-003   2.0452600E-008
3.6794100E-003   1.8860200E-008
3.8528200E-003   1.7753200E-008
4.0344000E-003   1.6675500E-008
4.2245300E-003   1.5549000E-008
4.4236300E-003   1.4391900E-008
4.6321100E-003   1.3185000E-008
4.8504100E-003   1.2212400E-008
5.0790100E-003   1.1486800E-008
5.3183700E-003   1.0548100E-008
5.5690200E-003   9.6172492E-009
5.8314800E-003   8.7965004E-009
6.1063100E-003   8.0800000E-009
6.3940900E-003   7.2858800E-009
6.6954300E-003   6.7626800E-009
7.0109800E-003   6.2469600E-009
7.3414000E-003   5.7408260E-009
7.6873900E-003   5.2084319E-009
8.0496800E-003   4.7186600E-009
8.4290500E-003   4.2972821E-009
8.8263000E-003   3.8976160E-009
9.2422700E-003   3.5254579E-009
9.6778500E-003   3.1572041E-009
1.0133900E-002   2.8125060E-009
1.0611500E-002   2.5054410E-009
1.1111700E-002   2.2034150E-009
1.1635300E-002   1.9377970E-009
1.2183700E-002   1.6979700E-009
1.2757900E-002   1.4871000E-009
1.3359100E-002   1.2966430E-009
1.3988700E-002   1.1591940E-009
1.4648000E-002   1.0064440E-009
1.5338400E-002   8.8511798E-010
1.6061200E-002   7.7841900E-010
1.6818200E-002   6.9343198E-010
1.7610800E-002   6.0984001E-010
1.8440800E-002   5.2272198E-010
1.9309800E-002   4.6565199E-010
2.0219900E-002   4.1481299E-010
2.1172800E-002   3.6952399E-010
2.2170700E-002   3.2497899E-010
2.3215500E-002   2.8949801E-010
 33
 1   2   3   4
 xy
 100
1.0133900E-003   6.3055600E-008
1.0611500E-003   6.1918100E-008
1.1111700E-003   6.0406700E-008
1.1635300E-003   5.8807000E-008
1.2183700E-003   5.7689700E-008
1.2757900E-003   5.6596300E-008
1.3359100E-003   5.4702400E-008
1.3988700E-003   5.3289149E-008
1.4648000E-003   5.1345000E-008
1.5338400E-003   4.9637600E-008
1.6061200E-003   4.7816000E-008
1.6818200E-003   4.6482100E-008
1.7610800E-003   4.4749200E-008
1.8440800E-003   4.2771500E-008
1.9309800E-003   4.1370600E-008
2.0219900E-003   3.9215100E-008
2.1172800E-003   3.7664300E-008
2.2170700E-003   3.5816700E-008
2.3215500E-003   3.4337500E-008
2.4309700E-003   3.2887900E-008
2.5455300E-003   3.1329300E-008
2.6655000E-003   2.9478600E-008
2.7911200E-003   2.8150500E-008
2.9226600E-003   2.6190600E-008
3.0604000E-003   2.4926100E-008
3.2046400E-003   2.3412500E-008
3.3556700E-003   2.1963499E-008
3.5138100E-003   2.0771800E-008
3.6794100E-003   1.9717100E-008
3.8528200E-003   1.8161300E-008
4.0344000E-003   1.6810800E-008
4.2245300E-003   1.5759400E-008
4.4236300E-003   1.4376700E-008
4.6321100E-003   1.3515100E-008
4.8504100E-003   1.2639900E-008
5.0790100E-003   1.1607900E-008
5.3183700E-003   1.0616300E-008
5.5690200E-003   9.9041202E-009
5.8314800E-003   8.9641300E-009
6.1063100E-003   8.2736400E-009
6.3940900E-003   7.4659017E-009
6.6954300E-003   6.8106500E-009
7.0109800E-003   6.2003900E-009
7.3414000E-003   5.6279301E-009
7.6873900E-003   5.2308400E-009
8.0496800E-003   4.7551000E-009
8.4290500E-003   4.3528399E-009
8.8263000E-003   3.9369800E-009
9.2422700E-003   3.5899690E-009
9.6778500E-003   3.2448400E-009
1.0133900E-002   2.8818090E-009
1.0611500E-002   2.5647800E-009
1.1111700E-002   2.3027811E-009
1.1635300E-002   2.0663420E-009
1.2183700E-002   1.8466700E-009
1.2757900E-002   1.6420429E-009
1.3359100E-002   1.4591590E-009
1.3988700E-002   1.3153900E-009
1.4648000E-002   1.1613800E-009
1.5338400E-002   1.0356680E-009
1.6061200E-002   9.1989399E-010
1.6818200E-002   7.9349399E-010
1.7610800E-002   6.8532602E-010
1.8440800E-002   6.1652999E-010
1.9309800E-002   5.4345001E-010
2.0219900E-002   4.7903298E-010
2.1172800E-002   4.2225101E-010
2.2170700E-002   3.6701900E-010
2.3215500E-002   3.2351399E-010
 34
 1   2   3   4
 xy
 100
1.0133900E-003   6.1579400E-008
1.0611500E-003   6.0034600E-008
1.1111700E-003   5.9169200E-008
1.1635300E-003   5.8140700E-008
1.2183700E-003   5.6552800E-008
1.2757900E-003   5.4797300E-008
1.3359100E-003   5.3529600E-008
1.3988700E-003   5.1985000E-008
1.4648000E-003   5.0180600E-008
1.5338400E-003   4.8832000E-008
1.6061200E-003   4.7648500E-008
1.6818200E-003   4.5763100E-008
1.7610800E-003   4.4385800E-008
1.8440800E-003   4.2890000E-008
1.9309800E-003   4.0922500E-008
2.0219900E-003   3.9464400E-008
2.1172800E-003   3.7318300E-008
2.2170700E-003   3.5874000E-008
2.3215500E-003   3.4487100E-008
2.4309700E-003   3.2782800E-008
2.5455300E-003   3.0928700E-008
2.6655000E-003   2.9793900E-008
2.7911200E-003   2.8047400E-008
2.9226600E-003   2.6796200E-008
3.0604000E-003   2.5105100E-008
3.2046400E-003   2.3315800E-008
3.3556700E-003   2.2128300E-008
3.5138100E-003   2.0644700E-008
3.6794100E-003   1.9399100E-008
3.8528200E-003   1.8251000E-008
4.0344000E-003   1.7068500E-008
4.2245300E-003   1.5983400E-008
4.4236300E-003   1.4763300E-008
4.6321100E-003   1.3654818E-008
4.8504100E-003   1.2805363E-008
5.0790100E-003   1.1592300E-008
5.3183700E-003   1.0673200E-008
5.5690200E-003   9.7382100E-009
5.8314800E-003   8.8846400E-009
6.1063100E-003   8.1210000E-009
6.3940900E-003   7.4659017E-009
6.6954300E-003   6.7728152E-009
7.0109800E-003   6.0937371E-009
7.3414000E-003   5.4759761E-009
7.6873900E-003   4.8660831E-009
8.0496800E-003   4.4274522E-009
8.4290500E-003   3.9277359E-009
8.8263000E-003   3.4961469E-009
9.2422700E-003   3.1169070E-009
9.6778500E-003   2.7061819E-009
1.0133900E-002   2.3799569E-009
1.0611500E-002   2.0930571E-009
1.1111700E-002   1.8645410E-009
1.1635300E-002   1.6397730E-009
1.2183700E-002   1.4454400E-009
1.2757900E-002   1.2941960E-009
1.3359100E-002   1.1446341E-009
1.3988700E-002   9.9999997E-010
1.4648000E-002   8.7364199E-010
1.5338400E-002   7.7268097E-010
1.6061200E-002   6.7504602E-010
1.6818200E-002   5.9703498E-010
1.7610800E-002   5.2159499E-010
1.8440800E-002   4.6131801E-010
1.9309800E-002   4.0800599E-010
2.0219900E-002   3.5210099E-010
2.1172800E-002   3.0760999E-010
2.2170700E-002   2.7206101E-010
2.3215500E-002   2.3478300E-010
 35
 1   2   3   4
 xy
 100
1.0133900E-003   5.9000800E-008
1.0611500E-003   5.8288500E-008
1.1111700E-003   5.7312200E-008
1.1635300E-003   5.5855200E-008
1.2183700E-003   5.4573300E-008
1.2757900E-003   5.3699400E-008
1.3359100E-003   5.2144500E-008
1.3988700E-003   5.0884800E-008
1.4648000E-003   5.0052900E-008
1.5338400E-003   4.8442600E-008
1.6061200E-003   4.6390700E-008
1.6818200E-003   4.5449700E-008
1.7610800E-003   4.3705900E-008
1.8440800E-003   4.2088200E-008
1.9309800E-003   4.0816300E-008
2.0219900E-003   3.9007000E-008
2.1172800E-003   3.7609500E-008
2.2170700E-003   3.5766600E-008
2.3215500E-003   3.4325800E-008
2.4309700E-003   3.2685400E-008
2.5455300E-003   3.1009600E-008
2.6655000E-003   2.9255900E-008
2.7911200E-003   2.8257900E-008
2.9226600E-003   2.6752100E-008
3.0604000E-003   2.5151800E-008
3.2046400E-003   2.3729600E-008
3.3556700E-003   2.2390900E-008
3.5138100E-003   2.0778900E-008
3.6794100E-003   1.9887900E-008
3.8528200E-003   1.8607300E-008
4.0344000E-003   1.7144600E-008
4.2245300E-003   1.5963400E-008
4.4236300E-003   1.4882300E-008
4.6321100E-003   1.3525400E-008
4.8504100E-003   1.2678000E-008
5.0790100E-003   1.1892200E-008
5.3183700E-003   1.0885300E-008
5.5690200E-003   1.0145400E-008
5.8314800E-003   9.1230900E-009
6.1063100E-003   8.3525700E-009
6.3940900E-003   7.6991500E-009
6.6954300E-003   6.9178400E-009
7.0109800E-003   6.3316521E-009
7.3414000E-003   5.7003100E-009
7.6873900E-003   5.1763300E-009
8.0496800E-003   4.7468700E-009
8.4290500E-003   4.3116120E-009
8.8263000E-003   3.9206100E-009
9.2422700E-003   3.5567200E-009
9.6778500E-003   3.3348551E-009
1.0133900E-002   3.0342491E-009
1.0611500E-002   2.7324900E-009
1.1111700E-002   2.4010700E-009
1.1635300E-002   2.1291440E-009
1.2183700E-002   1.9017300E-009
1.2757900E-002   1.7214000E-009
1.3359100E-002   1.5435100E-009
1.3988700E-002   1.3842100E-009
1.4648000E-002   1.2079560E-009
1.5338400E-002   1.0333900E-009
1.6061200E-002   9.0986002E-010
1.6818200E-002   7.8965201E-010
1.7610800E-002   6.8532602E-010
1.8440800E-002   5.9948402E-010
1.9309800E-002   5.2106902E-010
2.0219900E-002   4.6578802E-010
2.1172800E-002   4.1057699E-010
2.2170700E-002   3.6190900E-010
2.3215500E-002   3.1019101E-010
 36
 1   2   3   4
 xy
 100
1.0133900E-003   6.2183800E-008
1.0611500E-003   6.1026200E-008
1.1111700E-003   5.9874900E-008
1.1635300E-003   5.8936300E-008
1.2183700E-003   5.7565500E-008
1.2757900E-003   5.5499400E-008
1.3359100E-003   5.4152600E-008
1.3988700E-003   5.2947800E-008
1.4648000E-003   5.0964300E-008
1.5338400E-003   4.9644900E-008
1.6061200E-003   4.7660755E-008
1.6818200E-003   4.6005600E-008
1.7610800E-003   4.4685900E-008
1.8440800E-003   4.3226300E-008
1.9309800E-003   4.0986800E-008
2.0219900E-003   3.9395697E-008
2.1172800E-003   3.8221700E-008
2.2170700E-003   3.6386000E-008
2.3215500E-003   3.4736500E-008
2.4309700E-003   3.3371100E-008
2.5455300E-003   3.1669000E-008
2.6655000E-003   3.0208800E-008
2.7911200E-003   2.8359200E-008
2.9226600E-003   2.6826958E-008
3.0604000E-003   2.5363100E-008
3.2046400E-003   2.4157913E-008
3.3556700E-003   2.2266972E-008
3.5138100E-003   2.0838600E-008
3.6794100E-003   1.9646900E-008
3.8528200E-003   1.8363200E-008
4.0344000E-003   1.7125300E-008
4.2245300E-003   1.5877600E-008
4.4236300E-003   1.4813921E-008
4.6321100E-003   1.3856500E-008
4.8504100E-003   1.2660300E-008
5.0790100E-003   1.1603900E-008
5.3183700E-003   1.0813500E-008
5.5690200E-003   9.9641000E-009
5.8314800E-003   9.1904662E-009
6.1063100E-003   8.4615800E-009
6.3940900E-003   7.7664100E-009
6.6954300E-003   7.0397300E-009
7.0109800E-003   6.2806200E-009
7.3414000E-003   5.7376500E-009
7.6873900E-003   5.2086300E-009
8.0496800E-003   4.7283300E-009
8.4290500E-003   4.2347700E-009
8.8263000E-003   3.8234562E-009
9.2422700E-003   3.3987100E-009
9.6778500E-003   3.0760250E-009
1.0133900E-002   2.7956800E-009
1.0611500E-002   2.4977700E-009
1.1111700E-002   2.2422200E-009
1.1635300E-002   1.9968309E-009
1.2183700E-002   1.7626000E-009
1.2757900E-002   1.5704100E-009
1.3359100E-002   1.3935459E-009
1.3988700E-002   1.1977930E-009
1.4648000E-002   1.0297500E-009
1.5338400E-002   8.9843899E-010
1.6061200E-002   7.8965201E-010
1.6818200E-002   6.8532602E-010
1.7610800E-002   5.9561900E-010
1.8440800E-002   5.0850600E-010
1.9309800E-002   4.4003701E-010
2.0219900E-002   3.7384601E-010
2.1172800E-002   3.2133099E-010
2.2170700E-002   2.7942801E-010
2.3215500E-002   2.4017699E-010
 37
 1   2   3   4
 xy
 100
1.0133900E-003   5.9059470E-008
1.0611500E-003   5.7107219E-008
1.1111700E-003   5.6470913E-008
1.1635300E-003   5.4604229E-008
1.2183700E-003   5.3340713E-008
1.2757900E-003   5.1629197E-008
1.3359100E-003   5.0092080E-008
1.3988700E-003   4.8519045E-008
1.4648000E-003   4.7314800E-008
1.5338400E-003   4.5942900E-008
1.6061200E-003   4.4647200E-008
1.6818200E-003   4.3603900E-008
1.7610800E-003   4.1797800E-008
1.8440800E-003   4.0748700E-008
1.9309800E-003   3.9528600E-008
2.0219900E-003   3.7865900E-008
2.1172800E-003   3.6745900E-008
2.2170700E-003   3.5234600E-008
2.3215500E-003   3.3684400E-008
2.4309700E-003   3.2108800E-008
2.5455300E-003   3.0826700E-008
2.6655000E-003   2.9705191E-008
2.7911200E-003   2.8165079E-008
2.9226600E-003   2.6704816E-008
3.0604000E-003   2.5085900E-008
3.2046400E-003   2.3739100E-008
3.3556700E-003   2.2307800E-008
3.5138100E-003   2.0970300E-008
3.6794100E-003   1.9749100E-008
3.8528200E-003   1.8564900E-008
4.0344000E-003   1.7258149E-008
4.2245300E-003   1.6090700E-008
4.4236300E-003   1.5116100E-008
4.6321100E-003   1.4062000E-008
4.8504100E-003   1.2953700E-008
5.0790100E-003   1.2037400E-008
5.3183700E-003   1.1142400E-008
5.5690200E-003   1.0333900E-008
5.8314800E-003   9.3952712E-009
6.1063100E-003   8.5559600E-009
6.3940900E-003   7.8486986E-009
6.6954300E-003   7.1695100E-009
7.0109800E-003   6.4784100E-009
7.3414000E-003   5.9024600E-009
7.6873900E-003   5.3120100E-009
8.0496800E-003   4.8288100E-009
8.4290500E-003   4.3273820E-009
8.8263000E-003   3.8682901E-009
9.2422700E-003   3.4961469E-009
9.6778500E-003   3.1346921E-009
1.0133900E-002   2.7800000E-009
1.0611500E-002   2.5118860E-009
1.1111700E-002   2.2683631E-009
1.1635300E-002   2.0192200E-009
1.2183700E-002   1.7993600E-009
1.2757900E-002   1.6030500E-009
1.3359100E-002   1.4227260E-009
1.3988700E-002   1.2427060E-009
1.4648000E-002   1.0990709E-009
1.5338400E-002   9.5386599E-010
1.6061200E-002   8.3610602E-010
1.6818200E-002   7.3977902E-010
1.7610800E-002   6.5325900E-010
1.8440800E-002   5.5890298E-010
1.9309800E-002   4.9366300E-010
2.0219900E-002   4.2225101E-010
2.1172800E-002   3.6190900E-010
2.2170700E-002   3.1019101E-010
2.3215500E-002   2.6655700E-010
 38
 1   2   3   4
 xy
 100
1.0133900E-003   6.1753500E-008
1.0611500E-003   6.0341300E-008
1.1111700E-003   5.9516200E-008
1.1635300E-003   5.8534600E-008
1.2183700E-003   5.6746500E-008
1.2757900E-003   5.5302000E-008
1.3359100E-003   5.4379800E-008
1.3988700E-003   5.2578400E-008
1.4648000E-003   5.0618100E-008
1.5338400E-003   4.9746900E-008
1.6061200E-003   4.7943600E-008
1.6818200E-003   4.6114100E-008
1.7610800E-003   4.4903500E-008
1.8440800E-003   4.3230900E-008
1.9309800E-003   4.1531209E-008
2.0219900E-003   3.9767553E-008
2.1172800E-003   3.8086900E-008
2.2170700E-003   3.6590900E-008
2.3215500E-003   3.5062800E-008
2.4309700E-003   3.3706500E-008
2.5455300E-003   3.1383100E-008
2.6655000E-003   3.0068400E-008
2.7911200E-003   2.8403900E-008
2.9226600E-003   2.6755800E-008
3.0604000E-003   2.5214421E-008
3.2046400E-003   2.3790500E-008
3.3556700E-003   2.2368800E-008
3.5138100E-003   2.0840000E-008
3.6794100E-003   1.9523700E-008
3.8528200E-003   1.8360500E-008
4.0344000E-003   1.7076200E-008
4.2245300E-003   1.5861600E-008
4.4236300E-003   1.4608100E-008
4.6321100E-003   1.3694300E-008
4.8504100E-003   1.2609000E-008
5.0790100E-003   1.1570600E-008
5.3183700E-003   1.0711800E-008
5.5690200E-003   9.7093200E-009
5.8314800E-003   9.0325800E-009
6.1063100E-003   8.1594482E-009
6.3940900E-003   7.4811668E-009
6.6954300E-003   6.7507700E-009
7.0109800E-003   6.1540879E-009
7.3414000E-003   5.5543600E-009
7.6873900E-003   4.9302800E-009
8.0496800E-003   4.3820500E-009
8.4290500E-003   3.9282700E-009
8.8263000E-003   3.5826500E-009
9.2422700E-003   3.2433200E-009
9.6778500E-003   2.9112219E-009
1.0133900E-002   2.5719140E-009
1.0611500E-002   2.2854640E-009
1.1111700E-002   1.9975900E-009
1.1635300E-002   1.7413800E-009
1.2183700E-002   1.5376900E-009
1.2757900E-002   1.3918410E-009
1.3359100E-002   1.2090660E-009
1.3988700E-002   1.0483659E-009
1.4648000E-002   9.0986002E-010
1.5338400E-002   7.9320100E-010
1.6061200E-002   6.8532602E-010
1.6818200E-002   5.9113903E-010
1.7610800E-002   5.2106902E-010
1.8440800E-002   4.6541901E-010
1.9309800E-002   4.0486101E-010
2.0219900E-002   3.6190900E-010
2.1172800E-002   3.1457001E-010
2.2170700E-002   2.7351699E-010
2.3215500E-002   2.3753999E-010
 39
 1   2   3   4
 xy
 100
1.0133900E-003   6.2996800E-008
1.0611500E-003   6.1922100E-008
1.1111700E-003   6.0786500E-008
1.1635300E-003   5.9719000E-008
1.2183700E-003   5.8545800E-008
1.2757900E-003   5.6494400E-008
1.3359100E-003   5.5200100E-008
1.3988700E-003   5.3409270E-008
1.4648000E-003   5.2176400E-008
1.5338400E-003   5.0660900E-008
1.6061200E-003   4.9770700E-008
1.6818200E-003   4.7890000E-008
1.7610800E-003   4.5960300E-008
1.8440800E-003   4.4867400E-008
1.9309800E-003   4.2665000E-008
2.0219900E-003   4.0765500E-008
2.1172800E-003   3.9560400E-008
2.2170700E-003   3.7771800E-008
2.3215500E-003   3.6024100E-008
2.4309700E-003   3.4361800E-008
2.5455300E-003   3.2668600E-008
2.6655000E-003   3.0992700E-008
2.7911200E-003   2.9158300E-008
2.9226600E-003   2.7865100E-008
3.0604000E-003   2.6065700E-008
3.2046400E-003   2.4679600E-008
3.3556700E-003   2.3284200E-008
3.5138100E-003   2.1775800E-008
3.6794100E-003   2.0196800E-008
3.8528200E-003   1.8897500E-008
4.0344000E-003   1.7821800E-008
4.2245300E-003   1.6440300E-008
4.4236300E-003   1.4993500E-008
4.6321100E-003   1.4147400E-008
4.8504100E-003   1.3002500E-008
5.0790100E-003   1.1963800E-008
5.3183700E-003   1.1043700E-008
5.5690200E-003   1.0056100E-008
5.8314800E-003   9.2741700E-009
6.1063100E-003   8.6235730E-009
6.3940900E-003   7.8525300E-009
6.6954300E-003   7.2345300E-009
7.0109800E-003   6.5493000E-009
7.3414000E-003   5.8278600E-009
7.6873900E-003   5.2185600E-009
8.0496800E-003   4.6415889E-009
8.4290500E-003   4.1905800E-009
8.8263000E-003   3.8202200E-009
9.2422700E-003   3.4961469E-009
9.6778500E-003   3.1591500E-009
1.0133900E-002   2.8720600E-009
1.0611500E-002   2.5760769E-009
1.1111700E-002   2.2744000E-009
1.1635300E-002   2.0427460E-009
1.2183700E-002   1.7849100E-009
1.2757900E-002   1.5662890E-009
1.3359100E-002   1.3918410E-009
1.3988700E-002   1.2254060E-009
1.4648000E-002   1.0784170E-009
1.5338400E-002   9.3886399E-010
1.6061200E-002   8.2560397E-010
1.6818200E-002   7.1932499E-010
1.7610800E-002   6.2523398E-010
1.8440800E-002   5.5112198E-010
1.9309800E-002   4.7903298E-010
2.0219900E-002   4.2821199E-010
2.1172800E-002   3.7915299E-010
2.2170700E-002   3.2351399E-010
2.3215500E-002   2.7728200E-010
 40
 1   2   3   4
 xy
 100
1.0133900E-003   6.1989700E-008
1.0611500E-003   6.1222100E-008
1.1111700E-003   5.9629200E-008
1.1635300E-003   5.8387800E-008
1.2183700E-003   5.7478400E-008
1.2757900E-003   5.6039600E-008
1.3359100E-003   5.4708400E-008
1.3988700E-003   5.3206400E-008
1.4648000E-003   5.1802800E-008
1.5338400E-003   5.0340800E-008
1.6061200E-003   4.8929800E-008
1.6818200E-003   4.7987800E-008
1.7610800E-003   4.5979200E-008
1.8440800E-003   4.4253100E-008
1.9309800E-003   4.3068800E-008
2.0219900E-003   4.0915300E-008
2.1172800E-003   3.9230100E-008
2.2170700E-003   3.7471100E-008
2.3215500E-003   3.6257600E-008
2.4309700E-003   3.4428000E-008
2.5455300E-003   3.2666400E-008
2.6655000E-003   3.1051100E-008
2.7911200E-003   2.9766900E-008
2.9226600E-003   2.7981200E-008
3.0604000E-003   2.6495800E-008
3.2046400E-003   2.4845800E-008
3.3556700E-003   2.3461800E-008
3.5138100E-003   2.2093387E-008
3.6794100E-003   2.0788600E-008
3.8528200E-003   1.9239900E-008
4.0344000E-003   1.7975200E-008
4.2245300E-003   1.6757800E-008
4.4236300E-003   1.5692400E-008
4.6321100E-003   1.4419100E-008
4.8504100E-003   1.3223900E-008
5.0790100E-003   1.2317700E-008
5.3183700E-003   1.1264253E-008
5.5690200E-003   1.0344200E-008
5.8314800E-003   9.3994200E-009
6.1063100E-003   8.5611500E-009
6.3940900E-003   7.9337500E-009
6.6954300E-003   7.2573700E-009
7.0109800E-003   6.6280800E-009
7.3414000E-003   6.0582050E-009
7.6873900E-003   5.4901600E-009
8.0496800E-003   4.9786100E-009
8.4290500E-003   4.4756200E-009
8.8263000E-003   4.0533901E-009
9.2422700E-003   3.6937311E-009
9.6778500E-003   3.2570211E-009
1.0133900E-002   2.9177800E-009
1.0611500E-002   2.5943200E-009
1.1111700E-002   2.3400799E-009
1.1635300E-002   2.0907529E-009
1.2183700E-002   1.8478500E-009
1.2757900E-002   1.6420429E-009
1.3359100E-002   1.4297200E-009
1.3988700E-002   1.2427060E-009
1.4648000E-002   1.0910161E-009
1.5338400E-002   9.4907704E-010
1.6061200E-002   8.2560397E-010
1.6818200E-002   7.1556799E-010
1.7610800E-002   6.1758598E-010
1.8440800E-002   5.4020399E-010
1.9309800E-002   4.6003501E-010
2.0219900E-002   3.9704301E-010
2.1172800E-002   3.3757699E-010
2.2170700E-002   2.9026800E-010
2.3215500E-002   2.4958899E-010
 41
 1   2   3   4
 xy
 100
1.0133900E-003   6.1101100E-008
1.0611500E-003   6.0061900E-008
1.1111700E-003   5.9169700E-008
1.1635300E-003   5.8488300E-008
1.2183700E-003   5.7460800E-008
1.2757900E-003   5.5644600E-008
1.3359100E-003   5.4484700E-008
1.3988700E-003   5.3754300E-008
1.4648000E-003   5.1901400E-008
1.5338400E-003   5.0354700E-008
1.6061200E-003   4.8670248E-008
1.6818200E-003   4.7398300E-008
1.7610800E-003   4.5902200E-008
1.8440800E-003   4.4478400E-008
1.9309800E-003   4.2890600E-008
2.0219900E-003   4.1411700E-008
2.1172800E-003   3.9549700E-008
2.2170700E-003   3.8005000E-008
2.3215500E-003   3.6381700E-008
2.4309700E-003   3.4786200E-008
2.5455300E-003   3.3254300E-008
2.6655000E-003   3.1602100E-008
2.7911200E-003   3.0120800E-008
2.9226600E-003   2.8843500E-008
3.0604000E-003   2.6916130E-008
3.2046400E-003   2.5330600E-008
3.3556700E-003   2.3687930E-008
3.5138100E-003   2.2339600E-008
3.6794100E-003   2.0725800E-008
3.8528200E-003   1.9539000E-008
4.0344000E-003   1.8366300E-008
4.2245300E-003   1.7070600E-008
4.4236300E-003   1.5834200E-008
4.6321100E-003   1.4870500E-008
4.8504100E-003   1.3883432E-008
5.0790100E-003   1.2655900E-008
5.3183700E-003   1.1566000E-008
5.5690200E-003   1.0628738E-008
5.8314800E-003   9.7604600E-009
6.1063100E-003   8.9293462E-009
6.3940900E-003   8.1299500E-009
6.6954300E-003   7.2997400E-009
7.0109800E-003   6.7407800E-009
7.3414000E-003   6.1514200E-009
7.6873900E-003   5.6111800E-009
8.0496800E-003   5.1014339E-009
8.4290500E-003   4.5526032E-009
8.8263000E-003   4.0801000E-009
9.2422700E-003   3.6309100E-009
9.6778500E-003   3.2507219E-009
1.0133900E-002   2.9052500E-009
1.0611500E-002   2.5531400E-009
1.1111700E-002   2.2854640E-009
1.1635300E-002   2.0309181E-009
1.2183700E-002   1.7977480E-009
1.2757900E-002   1.6037190E-009
1.3359100E-002   1.4251030E-009
1.3988700E-002   1.2417800E-009
1.4648000E-002   1.0614500E-009
1.5338400E-002   9.0986002E-010
1.6061200E-002   7.8304900E-010
1.6818200E-002   6.8532602E-010
1.7610800E-002   5.8951100E-010
1.8440800E-002   5.1620302E-010
1.9309800E-002   4.4609999E-010
2.0219900E-002   3.7974099E-010
2.1172800E-002   3.2957101E-010
2.2170700E-002   2.8032801E-010
2.3215500E-002   2.3825900E-010
