 41
 Wed Sep 04 11:11:23 2019
 1
 1   2   3   4
 xy
 100
1.0133900E-003   1.1885022E-007
1.0611500E-003   1.1220185E-007
1.1111700E-003   1.0592537E-007
1.1635300E-003   1.0000000E-007
1.2183700E-003   9.5268071E-008
1.2757900E-003   8.9226745E-008
1.3359100E-003   8.3328217E-008
1.3988700E-003   7.6596784E-008
1.4648000E-003   7.2059500E-008
1.5338400E-003   6.5431891E-008
1.6061200E-003   6.0558932E-008
1.6818200E-003   5.5894414E-008
1.7610800E-003   5.1246300E-008
1.8440800E-003   4.7191200E-008
1.9309800E-003   4.4082700E-008
2.0219900E-003   4.1028606E-008
2.1172800E-003   3.7018690E-008
2.2170700E-003   3.4603342E-008
2.3215500E-003   3.1264356E-008
2.4309700E-003   2.8700850E-008
2.5455300E-003   2.6652785E-008
2.6655000E-003   2.4517359E-008
2.7911200E-003   2.2251967E-008
2.9226600E-003   2.0531219E-008
3.0604000E-003   1.8933362E-008
3.2046400E-003   1.7657548E-008
3.3556700E-003   1.6512841E-008
3.5138100E-003   1.5378117E-008
3.6794100E-003   1.4401769E-008
3.8528200E-003   1.3146553E-008
4.0344000E-003   1.2112106E-008
4.2245300E-003   1.1207402E-008
4.4236300E-003   1.0466512E-008
4.6321100E-003   9.7745998E-009
4.8504100E-003   8.9226742E-009
5.0790100E-003   8.1450002E-009
5.3183700E-003   7.4351050E-009
5.5690200E-003   6.8810300E-009
5.8314800E-003   6.1955410E-009
6.1063100E-003   5.6555551E-009
6.3940900E-003   5.0698188E-009
6.6954300E-003   4.7286290E-009
7.0109800E-003   4.2891890E-009
7.3414000E-003   3.8351629E-009
7.6873900E-003   3.5486520E-009
8.0496800E-003   3.2275711E-009
8.4290500E-003   2.8821441E-009
8.8263000E-003   2.5773150E-009
9.2422700E-003   2.3172000E-009
9.6778500E-003   2.1090529E-009
1.0133900E-002   1.8939661E-009
1.0611500E-002   1.7008140E-009
1.1111700E-002   1.5472960E-009
1.1635300E-002   1.4025530E-009
1.2183700E-002   1.2575520E-009
1.2757900E-002   1.1275419E-009
1.3359100E-002   1.0220650E-009
1.3988700E-002   9.1640001E-010
1.4648000E-002   8.1274198E-010
1.5338400E-002   7.2871797E-010
1.6061200E-002   6.5338002E-010
1.6818200E-002   5.7947303E-010
1.7610800E-002   5.1392601E-010
1.8440800E-002   4.6585003E-010
1.9309800E-002   4.2421500E-010
2.0219900E-002   3.8349199E-010
2.1172800E-002   3.4326700E-010
2.2170700E-002   3.0878400E-010
2.3215500E-002   2.7776501E-010
 2
 1   2   3   4
 xy
 100
1.0133900E-003   1.1311945E-007
1.0611500E-003   1.0662881E-007
1.1111700E-003   9.8935978E-008
1.1635300E-003   9.3783285E-008
1.2183700E-003   8.7953040E-008
1.2757900E-003   8.2389143E-008
1.3359100E-003   7.7357377E-008
1.3988700E-003   7.2548289E-008
1.4648000E-003   6.7314225E-008
1.5338400E-003   6.3129491E-008
1.6061200E-003   5.8574955E-008
1.6818200E-003   5.4313933E-008
1.7610800E-003   5.0875521E-008
1.8440800E-003   4.8177053E-008
1.9309800E-003   4.4746255E-008
2.0219900E-003   4.2270315E-008
2.1172800E-003   3.8740541E-008
2.2170700E-003   3.6685719E-008
2.3215500E-003   3.3583998E-008
2.4309700E-003   3.1161051E-008
2.5455300E-003   2.9223855E-008
2.6655000E-003   2.7267390E-008
2.7911200E-003   2.5429781E-008
2.9226600E-003   2.3848884E-008
3.0604000E-003   2.2128283E-008
3.2046400E-003   2.0531818E-008
3.3556700E-003   1.9255413E-008
3.5138100E-003   1.8089466E-008
3.6794100E-003   1.6893623E-008
3.8528200E-003   1.5427100E-008
4.0344000E-003   1.4401769E-008
4.2245300E-003   1.3146553E-008
4.4236300E-003   1.2113000E-008
4.6321100E-003   1.1207402E-008
4.8504100E-003   1.0264097E-008
5.0790100E-003   9.2644400E-009
5.3183700E-003   8.4781648E-009
5.5690200E-003   7.6065572E-009
5.8314800E-003   7.1037092E-009
6.1063100E-003   6.5242638E-009
6.3940900E-003   5.8700591E-009
6.6954300E-003   5.4034772E-009
7.0109800E-003   4.9469739E-009
7.3414000E-003   4.4571431E-009
7.6873900E-003   4.0158139E-009
8.0496800E-003   3.5847221E-009
8.4290500E-003   3.2722880E-009
8.8263000E-003   2.9197560E-009
9.2422700E-003   2.6052029E-009
9.6778500E-003   2.3781410E-009
1.0133900E-002   2.1387010E-009
1.0611500E-002   1.9306980E-009
1.1111700E-002   1.7681731E-009
1.1635300E-002   1.5776830E-009
1.2183700E-002   1.3951190E-009
1.2757900E-002   1.2683830E-009
1.3359100E-002   1.1212780E-009
1.3988700E-002   9.9999997E-010
1.4648000E-002   8.8546198E-010
1.5338400E-002   7.9778700E-010
1.6061200E-002   7.1773198E-010
1.6818200E-002   6.5081801E-010
1.7610800E-002   5.9014199E-010
1.8440800E-002   5.4097299E-010
1.9309800E-002   4.9053800E-010
2.0219900E-002   4.4480500E-010
2.1172800E-002   4.0333600E-010
2.2170700E-002   3.6177800E-010
2.3215500E-002   3.2804900E-010
 3
 1   2   3   4
 xy
 100
1.0133900E-003   1.1730241E-007
1.0611500E-003   1.0954788E-007
1.1111700E-003   1.0569815E-007
1.1635300E-003   1.0111451E-007
1.2183700E-003   9.5663459E-008
1.2757900E-003   8.9226745E-008
1.3359100E-003   8.3328217E-008
1.3988700E-003   7.8331600E-008
1.4648000E-003   7.4137184E-008
1.5338400E-003   6.8602787E-008
1.6061200E-003   6.3481536E-008
1.6818200E-003   5.9397276E-008
1.7610800E-003   5.4963223E-008
1.8440800E-003   5.0860177E-008
1.9309800E-003   4.7063423E-008
2.0219900E-003   4.4035470E-008
2.1172800E-003   4.0299053E-008
2.2170700E-003   3.7290697E-008
2.3215500E-003   3.5280365E-008
2.4309700E-003   3.3010508E-008
2.5455300E-003   3.0886689E-008
2.6655000E-003   2.8580972E-008
2.7911200E-003   2.6742139E-008
2.9226600E-003   2.4510326E-008
3.0604000E-003   2.2898522E-008
3.2046400E-003   2.1189130E-008
3.3556700E-003   1.9607343E-008
3.5138100E-003   1.8143639E-008
3.6794100E-003   1.6604147E-008
3.8528200E-003   1.5073629E-008
4.0344000E-003   1.3759855E-008
4.2245300E-003   1.2601560E-008
4.4236300E-003   1.1503245E-008
4.6321100E-003   1.0500655E-008
4.8504100E-003   9.5854489E-009
5.0790100E-003   8.8647436E-009
5.3183700E-003   8.0921190E-009
5.5690200E-003   7.3868329E-009
5.8314800E-003   6.8314359E-009
6.1063100E-003   6.2360281E-009
6.3940900E-003   5.7671570E-009
6.6954300E-003   5.1963709E-009
7.0109800E-003   4.7456270E-009
7.3414000E-003   4.2739998E-009
7.6873900E-003   3.9014898E-009
8.0496800E-003   3.5182750E-009
8.4290500E-003   3.1674310E-009
8.8263000E-003   2.8385889E-009
9.2422700E-003   2.5522691E-009
9.6778500E-003   2.2948290E-009
1.0133900E-002   2.0606430E-009
1.0611500E-002   1.8295090E-009
1.1111700E-002   1.6243450E-009
1.1635300E-002   1.4821030E-009
1.2183700E-002   1.3131860E-009
1.2757900E-002   1.1807290E-009
1.3359100E-002   1.0616320E-009
1.3988700E-002   9.6256902E-010
1.4648000E-002   8.6316698E-010
1.5338400E-002   7.9108797E-010
1.6061200E-002   7.0939399E-010
1.6818200E-002   6.4067501E-010
1.7610800E-002   5.7605198E-010
1.8440800E-002   5.1714200E-010
1.9309800E-002   4.6881998E-010
2.0219900E-002   4.2433199E-010
2.1172800E-002   3.8112299E-010
2.2170700E-002   3.4763700E-010
2.3215500E-002   3.1257200E-010
 4
 1   2   3   4
 xy
 100
1.0133900E-003   1.1255062E-007
1.0611500E-003   1.0608988E-007
1.1111700E-003   1.0118934E-007
1.1635300E-003   9.5663459E-008
1.2183700E-003   8.9508696E-008
1.2757900E-003   8.3328217E-008
1.3359100E-003   7.7819621E-008
1.3988700E-003   7.2675185E-008
1.4648000E-003   6.6359227E-008
1.5338400E-003   6.1955404E-008
1.6061200E-003   5.6855200E-008
1.6818200E-003   5.3046389E-008
1.7610800E-003   4.8934147E-008
1.8440800E-003   4.6031651E-008
1.9309800E-003   4.2548700E-008
2.0219900E-003   4.0175419E-008
2.1172800E-003   3.7290697E-008
2.2170700E-003   3.5039221E-008
2.3215500E-003   3.2722877E-008
2.4309700E-003   3.0886689E-008
2.5455300E-003   2.8539446E-008
2.6655000E-003   2.6652785E-008
2.7911200E-003   2.4890843E-008
2.9226600E-003   2.3082682E-008
3.0604000E-003   2.1249209E-008
3.2046400E-003   1.9839000E-008
3.3556700E-003   1.8725000E-008
3.5138100E-003   1.7335568E-008
3.6794100E-003   1.6267300E-008
3.8528200E-003   1.5034900E-008
4.0344000E-003   1.3769674E-008
4.2245300E-003   1.2630253E-008
4.4236300E-003   1.1717529E-008
4.6321100E-003   1.0809167E-008
4.8504100E-003   9.9712230E-009
5.0790100E-003   9.0928154E-009
5.3183700E-003   8.5499590E-009
5.5690200E-003   7.7783193E-009
5.8314800E-003   7.1604820E-009
6.1063100E-003   6.5724000E-009
6.3940900E-003   5.8858789E-009
6.6954300E-003   5.3914722E-009
7.0109800E-003   4.9325251E-009
7.3414000E-003   4.5152881E-009
7.6873900E-003   4.0594990E-009
8.0496800E-003   3.6673840E-009
8.4290500E-003   3.3598180E-009
8.8263000E-003   2.9886269E-009
9.2422700E-003   2.7807321E-009
9.6778500E-003   2.5000351E-009
1.0133900E-002   2.3014550E-009
1.0611500E-002   2.0937470E-009
1.1111700E-002   1.9047850E-009
1.1635300E-002   1.7681731E-009
1.2183700E-002   1.6140640E-009
1.2757900E-002   1.4733870E-009
1.3359100E-002   1.3274950E-009
1.3988700E-002   1.2105300E-009
1.4648000E-002   1.1038710E-009
1.5338400E-002   9.9343300E-010
1.6061200E-002   8.9404401E-010
1.6818200E-002   7.9406698E-010
1.7610800E-002   7.1462303E-010
1.8440800E-002   6.3471001E-010
1.9309800E-002   5.7121002E-010
2.0219900E-002   5.1406202E-010
2.1172800E-002   4.6263199E-010
2.2170700E-002   4.1089801E-010
2.3215500E-002   3.7469400E-010
 5
 1   2   3   4
 xy
 100
1.0133900E-003   1.1011084E-007
1.0611500E-003   1.0620472E-007
1.1111700E-003   1.0125584E-007
1.1635300E-003   9.5130503E-008
1.2183700E-003   8.9375710E-008
1.2757900E-003   8.3969049E-008
1.3359100E-003   7.8600415E-008
1.3988700E-003   7.4008405E-008
1.4648000E-003   7.0099397E-008
1.5338400E-003   6.5636115E-008
1.6061200E-003   6.1457008E-008
1.6818200E-003   5.7543993E-008
1.7610800E-003   5.3603859E-008
1.8440800E-003   4.9790085E-008
1.9309800E-003   4.6064496E-008
2.0219900E-003   4.2467100E-008
2.1172800E-003   3.9269864E-008
2.2170700E-003   3.6814004E-008
2.3215500E-003   3.4249439E-008
2.4309700E-003   3.1576300E-008
2.5455300E-003   2.9527300E-008
2.6655000E-003   2.6801200E-008
2.7911200E-003   2.4743667E-008
2.9226600E-003   2.2907200E-008
3.0604000E-003   2.1415042E-008
3.2046400E-003   1.9960000E-008
3.3556700E-003   1.8305300E-008
3.5138100E-003   1.7157700E-008
3.6794100E-003   1.5848933E-008
3.8528200E-003   1.4840941E-008
4.0344000E-003   1.3631000E-008
4.2245300E-003   1.2608215E-008
4.4236300E-003   1.1703200E-008
4.6321100E-003   1.0727477E-008
4.8504100E-003   9.7303200E-009
5.0790100E-003   9.0182199E-009
5.3183700E-003   8.1736928E-009
5.5690200E-003   7.5130622E-009
5.8314800E-003   6.9894730E-009
6.1063100E-003   6.4245560E-009
6.3940900E-003   5.9768261E-009
6.6954300E-003   5.6276459E-009
7.0109800E-003   5.1423572E-009
7.3414000E-003   4.7126729E-009
7.6873900E-003   4.3019299E-009
8.0496800E-003   3.8746748E-009
8.4290500E-003   3.5039220E-009
8.8263000E-003   3.1985301E-009
9.2422700E-003   2.9197560E-009
9.6778500E-003   2.6652780E-009
1.0133900E-002   2.4329800E-009
1.0611500E-002   2.1791089E-009
1.1111700E-002   1.9803219E-009
1.1635300E-002   1.7752440E-009
1.2183700E-002   1.5698050E-009
1.2757900E-002   1.4072390E-009
1.3359100E-002   1.2443870E-009
1.3988700E-002   1.1016820E-009
1.4648000E-002   9.9999997E-010
1.5338400E-002   8.9644198E-010
1.6061200E-002   8.0360801E-010
1.6818200E-002   7.3029999E-010
1.7610800E-002   6.5467198E-010
1.8440800E-002   5.8687599E-010
1.9309800E-002   5.2610000E-010
2.0219900E-002   4.7086601E-010
2.1172800E-002   4.2740600E-010
2.2170700E-002   3.8380599E-010
2.3215500E-002   3.4442299E-010
 6
 1   2   3   4
 xy
 100
1.0133900E-003   1.0184400E-007
1.0611500E-003   9.7359100E-008
1.1111700E-003   9.1308500E-008
1.1635300E-003   8.6297852E-008
1.2183700E-003   8.2106900E-008
1.2757900E-003   7.7519000E-008
1.3359100E-003   7.3575600E-008
1.3988700E-003   6.9221400E-008
1.4648000E-003   6.4916800E-008
1.5338400E-003   6.0655700E-008
1.6061200E-003   5.7278400E-008
1.6818200E-003   5.3804008E-008
1.7610800E-003   5.0272831E-008
1.8440800E-003   4.6910100E-008
1.9309800E-003   4.4011315E-008
2.0219900E-003   4.1565100E-008
2.1172800E-003   3.8657200E-008
2.2170700E-003   3.6374985E-008
2.3215500E-003   3.3835200E-008
2.4309700E-003   3.1819100E-008
2.5455300E-003   2.9935000E-008
2.6655000E-003   2.8227126E-008
2.7911200E-003   2.6106300E-008
2.9226600E-003   2.4062089E-008
3.0604000E-003   2.2309600E-008
3.2046400E-003   2.0543800E-008
3.3556700E-003   1.9052600E-008
3.5138100E-003   1.7825100E-008
3.6794100E-003   1.6574400E-008
3.8528200E-003   1.5189600E-008
4.0344000E-003   1.3912800E-008
4.2245300E-003   1.2999500E-008
4.4236300E-003   1.1997830E-008
4.6321100E-003   1.1049400E-008
4.8504100E-003   1.0111496E-008
5.0790100E-003   9.2586600E-009
5.3183700E-003   8.5658800E-009
5.5690200E-003   7.9741300E-009
5.8314800E-003   7.3040440E-009
6.1063100E-003   6.5972432E-009
6.3940900E-003   6.0269318E-009
6.6954300E-003   5.5804170E-009
7.0109800E-003   5.1854281E-009
7.3414000E-003   4.6875619E-009
7.6873900E-003   4.2896691E-009
8.0496800E-003   3.9255501E-009
8.4290500E-003   3.6458410E-009
8.8263000E-003   3.3363721E-009
9.2422700E-003   3.0531719E-009
9.6778500E-003   2.7940099E-009
1.0133900E-002   2.5568461E-009
1.0611500E-002   2.3079070E-009
1.1111700E-002   2.0981621E-009
1.1635300E-002   1.9098170E-009
1.2183700E-002   1.7158640E-009
1.2757900E-002   1.5874800E-009
1.3359100E-002   1.4181560E-009
1.3988700E-002   1.3052760E-009
1.4648000E-002   1.1721020E-009
1.5338400E-002   1.0543590E-009
1.6061200E-002   9.5853803E-010
1.6818200E-002   8.6724999E-010
1.7610800E-002   7.7806600E-010
1.8440800E-002   6.9469602E-010
1.9309800E-002   6.3681599E-010
2.0219900E-002   5.7120098E-010
2.1172800E-002   5.1794702E-010
2.2170700E-002   4.6965898E-010
2.3215500E-002   4.1671100E-010
 7
 1   2   3   4
 xy
 100
1.0133900E-003   9.9948800E-008
1.0611500E-003   9.4648700E-008
1.1111700E-003   8.9269400E-008
1.1635300E-003   8.4738900E-008
1.2183700E-003   8.0661900E-008
1.2757900E-003   7.6694600E-008
1.3359100E-003   7.1918300E-008
1.3988700E-003   6.7251600E-008
1.4648000E-003   6.4151000E-008
1.5338400E-003   6.0733800E-008
1.6061200E-003   5.6817400E-008
1.6818200E-003   5.3114100E-008
1.7610800E-003   5.0345000E-008
1.8440800E-003   4.7045123E-008
1.9309800E-003   4.4385800E-008
2.0219900E-003   4.1706400E-008
2.1172800E-003   3.8752891E-008
2.2170700E-003   3.6136200E-008
2.3215500E-003   3.3953100E-008
2.4309700E-003   3.1857100E-008
2.5455300E-003   2.9380300E-008
2.6655000E-003   2.7661700E-008
2.7911200E-003   2.5681700E-008
2.9226600E-003   2.4076800E-008
3.0604000E-003   2.2120600E-008
3.2046400E-003   2.0745100E-008
3.3556700E-003   1.9251800E-008
3.5138100E-003   1.7977600E-008
3.6794100E-003   1.6438600E-008
3.8528200E-003   1.5353482E-008
4.0344000E-003   1.4106695E-008
4.2245300E-003   1.3109000E-008
4.4236300E-003   1.1915400E-008
4.6321100E-003   1.0988431E-008
4.8504100E-003   1.0190304E-008
5.0790100E-003   9.2487253E-009
5.3183700E-003   8.5769587E-009
5.5690200E-003   7.8220100E-009
5.8314800E-003   7.1278000E-009
6.1063100E-003   6.5824990E-009
6.3940900E-003   5.9998800E-009
6.6954300E-003   5.5974931E-009
7.0109800E-003   5.1441600E-009
7.3414000E-003   4.7304400E-009
7.6873900E-003   4.2896691E-009
8.0496800E-003   3.9362500E-009
8.4290500E-003   3.5622481E-009
8.8263000E-003   3.2181211E-009
9.2422700E-003   2.9356700E-009
9.6778500E-003   2.6052029E-009
1.0133900E-002   2.3398139E-009
1.0611500E-002   2.0741100E-009
1.1111700E-002   1.8933359E-009
1.1635300E-002   1.6893620E-009
1.2183700E-002   1.5421220E-009
1.2757900E-002   1.3759860E-009
1.3359100E-002   1.2471150E-009
1.3988700E-002   1.1318820E-009
1.4648000E-002   1.0054010E-009
1.5338400E-002   9.0272501E-010
1.6061200E-002   8.0705298E-010
1.6818200E-002   7.1703099E-010
1.7610800E-002   6.5343803E-010
1.8440800E-002   5.8297500E-010
1.9309800E-002   5.2425198E-010
2.0219900E-002   4.6662202E-010
2.1172800E-002   4.1532799E-010
2.2170700E-002   3.7758199E-010
2.3215500E-002   3.3965200E-010
 8
 1   2   3   4
 xy
 100
1.0133900E-003   1.0466512E-007
1.0611500E-003   9.7746003E-008
1.1111700E-003   9.1284292E-008
1.1635300E-003   8.5721700E-008
1.2183700E-003   8.0451800E-008
1.2757900E-003   7.6765700E-008
1.3359100E-003   7.2006400E-008
1.3988700E-003   6.7849200E-008
1.4648000E-003   6.4083200E-008
1.5338400E-003   6.0525600E-008
1.6061200E-003   5.6860400E-008
1.6818200E-003   5.3598000E-008
1.7610800E-003   5.0202100E-008
1.8440800E-003   4.7311200E-008
1.9309800E-003   4.4350300E-008
2.0219900E-003   4.1423800E-008
2.1172800E-003   3.9092800E-008
2.2170700E-003   3.5862000E-008
2.3215500E-003   3.3990700E-008
2.4309700E-003   3.1724600E-008
2.5455300E-003   2.9605100E-008
2.6655000E-003   2.7869900E-008
2.7911200E-003   2.5749800E-008
2.9226600E-003   2.3816856E-008
3.0604000E-003   2.2106400E-008
3.2046400E-003   2.0651400E-008
3.3556700E-003   1.8986000E-008
3.5138100E-003   1.7793500E-008
3.6794100E-003   1.6141800E-008
3.8528200E-003   1.5099800E-008
4.0344000E-003   1.3987131E-008
4.2245300E-003   1.2762600E-008
4.4236300E-003   1.1984800E-008
4.6321100E-003   1.0932400E-008
4.8504100E-003   9.9485700E-009
5.0790100E-003   9.3226800E-009
5.3183700E-003   8.4715900E-009
5.5690200E-003   7.8428224E-009
5.8314800E-003   7.3040440E-009
6.1063100E-003   6.5859669E-009
6.3940900E-003   6.0195100E-009
6.6954300E-003   5.4921300E-009
7.0109800E-003   4.9945048E-009
7.3414000E-003   4.6059219E-009
7.6873900E-003   4.2035300E-009
8.0496800E-003   3.8214500E-009
8.4290500E-003   3.4876759E-009
8.8263000E-003   3.1588000E-009
9.2422700E-003   2.8539451E-009
9.6778500E-003   2.6126750E-009
1.0133900E-002   2.3746629E-009
1.0611500E-002   2.1461410E-009
1.1111700E-002   1.9563979E-009
1.1635300E-002   1.7426330E-009
1.2183700E-002   1.5421220E-009
1.2757900E-002   1.4077149E-009
1.3359100E-002   1.2762600E-009
1.3988700E-002   1.1623220E-009
1.4648000E-002   1.0595600E-009
1.5338400E-002   9.5725300E-010
1.6061200E-002   8.7864300E-010
1.6818200E-002   7.8811600E-010
1.7610800E-002   7.1225100E-010
1.8440800E-002   6.5616701E-010
1.9309800E-002   5.9193900E-010
2.0219900E-002   5.4034799E-010
2.1172800E-002   4.8802501E-010
2.2170700E-002   4.4487800E-010
2.3215500E-002   4.0554601E-010
 9
 1   2   3   4
 xy
 100
1.0133900E-003   9.9841900E-008
1.0611500E-003   9.5536900E-008
1.1111700E-003   9.0272800E-008
1.1635300E-003   8.5898300E-008
1.2183700E-003   8.1123200E-008
1.2757900E-003   7.6589700E-008
1.3359100E-003   7.2599800E-008
1.3988700E-003   6.8657400E-008
1.4648000E-003   6.4433500E-008
1.5338400E-003   6.0724500E-008
1.6061200E-003   5.7226000E-008
1.6818200E-003   5.4376700E-008
1.7610800E-003   5.0636100E-008
1.8440800E-003   4.7821487E-008
1.9309800E-003   4.4633400E-008
2.0219900E-003   4.2140300E-008
2.1172800E-003   3.9167500E-008
2.2170700E-003   3.6407600E-008
2.3215500E-003   3.4475100E-008
2.4309700E-003   3.1893400E-008
2.5455300E-003   2.9892500E-008
2.6655000E-003   2.7826300E-008
2.7911200E-003   2.5599700E-008
2.9226600E-003   2.4382300E-008
3.0604000E-003   2.2353600E-008
3.2046400E-003   2.0881200E-008
3.3556700E-003   1.9220300E-008
3.5138100E-003   1.7819003E-008
3.6794100E-003   1.6696092E-008
3.8528200E-003   1.5273000E-008
4.0344000E-003   1.4188728E-008
4.2245300E-003   1.3022700E-008
4.4236300E-003   1.1927809E-008
4.6321100E-003   1.0894300E-008
4.8504100E-003   1.0125300E-008
5.0790100E-003   9.3832400E-009
5.3183700E-003   8.6206900E-009
5.5690200E-003   7.9406900E-009
5.8314800E-003   7.2416091E-009
6.1063100E-003   6.6396271E-009
6.3940900E-003   6.0140500E-009
6.6954300E-003   5.5214029E-009
7.0109800E-003   5.0431588E-009
7.3414000E-003   4.6458400E-009
7.6873900E-003   4.2249900E-009
8.0496800E-003   3.7770231E-009
8.4290500E-003   3.3733900E-009
8.8263000E-003   3.0403331E-009
9.2422700E-003   2.7415400E-009
9.6778500E-003   2.5010101E-009
1.0133900E-002   2.2679869E-009
1.0611500E-002   2.0741100E-009
1.1111700E-002   1.8506600E-009
1.1635300E-002   1.6893620E-009
1.2183700E-002   1.5421220E-009
1.2757900E-002   1.4035300E-009
1.3359100E-002   1.2850230E-009
1.3988700E-002   1.1536400E-009
1.4648000E-002   1.0413100E-009
1.5338400E-002   9.3389296E-010
1.6061200E-002   8.4190199E-010
1.6818200E-002   7.7496398E-010
1.7610800E-002   7.0170397E-010
1.8440800E-002   6.3052302E-010
1.9309800E-002   5.6476601E-010
2.0219900E-002   5.1287902E-010
2.1172800E-002   4.5310999E-010
2.2170700E-002   4.1148099E-010
2.3215500E-002   3.6856801E-010
 10
 1   2   3   4
 xy
 100
1.0133900E-003   9.8791800E-008
1.0611500E-003   9.4388100E-008
1.1111700E-003   8.8556200E-008
1.1635300E-003   8.4578000E-008
1.2183700E-003   8.0421500E-008
1.2757900E-003   7.6445900E-008
1.3359100E-003   7.2191900E-008
1.3988700E-003   6.7547200E-008
1.4648000E-003   6.4439900E-008
1.5338400E-003   6.0979500E-008
1.6061200E-003   5.7224800E-008
1.6818200E-003   5.3997300E-008
1.7610800E-003   5.0935800E-008
1.8440800E-003   4.7863500E-008
1.9309800E-003   4.4559900E-008
2.0219900E-003   4.2206700E-008
2.1172800E-003   3.9265800E-008
2.2170700E-003   3.6507500E-008
2.3215500E-003   3.4785600E-008
2.4309700E-003   3.2023900E-008
2.5455300E-003   3.0448100E-008
2.6655000E-003   2.7844500E-008
2.7911200E-003   2.6042600E-008
2.9226600E-003   2.4150300E-008
3.0604000E-003   2.2503000E-008
3.2046400E-003   2.0785900E-008
3.3556700E-003   1.9435900E-008
3.5138100E-003   1.8317700E-008
3.6794100E-003   1.6854300E-008
3.8528200E-003   1.5636200E-008
4.0344000E-003   1.4579008E-008
4.2245300E-003   1.3570400E-008
4.4236300E-003   1.2220200E-008
4.6321100E-003   1.1198200E-008
4.8504100E-003   1.0352500E-008
5.0790100E-003   9.5671700E-009
5.3183700E-003   8.8086600E-009
5.5690200E-003   8.0649200E-009
5.8314800E-003   7.4835400E-009
6.1063100E-003   6.7305900E-009
6.3940900E-003   6.2646200E-009
6.6954300E-003   5.5971900E-009
7.0109800E-003   5.2157800E-009
7.3414000E-003   4.7022000E-009
7.6873900E-003   4.4057700E-009
8.0496800E-003   3.9257100E-009
8.4290500E-003   3.5181100E-009
8.8263000E-003   3.2391669E-009
9.2422700E-003   2.9207179E-009
9.6778500E-003   2.6396800E-009
1.0133900E-002   2.4060800E-009
1.0611500E-002   2.1730950E-009
1.1111700E-002   1.9816631E-009
1.1635300E-002   1.8198349E-009
1.2183700E-002   1.6512840E-009
1.2757900E-002   1.4733870E-009
1.3359100E-002   1.3449710E-009
1.3988700E-002   1.1832600E-009
1.4648000E-002   1.0230600E-009
1.5338400E-002   9.1284302E-010
1.6061200E-002   8.3127200E-010
1.6818200E-002   7.3854800E-010
1.7610800E-002   6.7585798E-010
1.8440800E-002   5.9165800E-010
1.9309800E-002   5.3349097E-010
2.0219900E-002   4.6702697E-010
2.1172800E-002   4.2111201E-010
2.2170700E-002   3.7414000E-010
2.3215500E-002   3.3735700E-010
 11
 1   2   3   4
 xy
 100
1.0133900E-003   9.9326200E-008
1.0611500E-003   9.4113600E-008
1.1111700E-003   9.0134700E-008
1.1635300E-003   8.5535100E-008
1.2183700E-003   8.0451300E-008
1.2757900E-003   7.6209300E-008
1.3359100E-003   7.1788000E-008
1.3988700E-003   6.8073700E-008
1.4648000E-003   6.4477200E-008
1.5338400E-003   6.0761900E-008
1.6061200E-003   5.6711900E-008
1.6818200E-003   5.3924300E-008
1.7610800E-003   5.0456800E-008
1.8440800E-003   4.7187900E-008
1.9309800E-003   4.4648800E-008
2.0219900E-003   4.1961900E-008
2.1172800E-003   3.9189200E-008
2.2170700E-003   3.6495600E-008
2.3215500E-003   3.4071200E-008
2.4309700E-003   3.1837600E-008
2.5455300E-003   2.9566000E-008
2.6655000E-003   2.7853200E-008
2.7911200E-003   2.6187433E-008
2.9226600E-003   2.4333100E-008
3.0604000E-003   2.2376400E-008
3.2046400E-003   2.0865500E-008
3.3556700E-003   1.8999100E-008
3.5138100E-003   1.7658092E-008
3.6794100E-003   1.6416500E-008
3.8528200E-003   1.5198700E-008
4.0344000E-003   1.4002800E-008
4.2245300E-003   1.2821800E-008
4.4236300E-003   1.2045800E-008
4.6321100E-003   1.1185100E-008
4.8504100E-003   1.0285489E-008
5.0790100E-003   9.3995078E-009
5.3183700E-003   8.4509100E-009
5.5690200E-003   7.7021300E-009
5.8314800E-003   7.2000500E-009
6.1063100E-003   6.4843800E-009
6.3940900E-003   6.0589320E-009
6.6954300E-003   5.4467100E-009
7.0109800E-003   4.9860100E-009
7.3414000E-003   4.6021700E-009
7.6873900E-003   4.1317771E-009
8.0496800E-003   3.6851300E-009
8.4290500E-003   3.3204700E-009
8.8263000E-003   2.9807641E-009
9.2422700E-003   2.6930900E-009
9.6778500E-003   2.4339299E-009
1.0133900E-002   2.1713700E-009
1.0611500E-002   1.9573800E-009
1.1111700E-002   1.7931290E-009
1.1635300E-002   1.5931150E-009
1.2183700E-002   1.4281900E-009
1.2757900E-002   1.2952680E-009
1.3359100E-002   1.1707380E-009
1.3988700E-002   1.0687899E-009
1.4648000E-002   9.6678499E-010
1.5338400E-002   8.8191199E-010
1.6061200E-002   7.9836299E-010
1.6818200E-002   7.0650802E-010
1.7610800E-002   6.3705002E-010
1.8440800E-002   5.7442001E-010
1.9309800E-002   5.2566201E-010
2.0219900E-002   4.8100701E-010
2.1172800E-002   4.3375001E-010
2.2170700E-002   3.9110701E-010
2.3215500E-002   3.5265599E-010
 12
 1   2   3   4
 xy
 100
1.0133900E-003   9.9282200E-008
1.0611500E-003   9.4653300E-008
1.1111700E-003   8.9219400E-008
1.1635300E-003   8.4969200E-008
1.2183700E-003   8.0697700E-008
1.2757900E-003   7.6496400E-008
1.3359100E-003   7.2067000E-008
1.3988700E-003   6.7741600E-008
1.4648000E-003   6.3895300E-008
1.5338400E-003   6.0802100E-008
1.6061200E-003   5.7179000E-008
1.6818200E-003   5.4010300E-008
1.7610800E-003   5.0557200E-008
1.8440800E-003   4.7592800E-008
1.9309800E-003   4.4581800E-008
2.0219900E-003   4.1658200E-008
2.1172800E-003   3.9366700E-008
2.2170700E-003   3.6318800E-008
2.3215500E-003   3.4303400E-008
2.4309700E-003   3.1814200E-008
2.5455300E-003   2.9574200E-008
2.6655000E-003   2.7910200E-008
2.7911200E-003   2.5918500E-008
2.9226600E-003   2.4002400E-008
3.0604000E-003   2.2236200E-008
3.2046400E-003   2.0803100E-008
3.3556700E-003   1.9187800E-008
3.5138100E-003   1.7981200E-008
3.6794100E-003   1.6289100E-008
3.8528200E-003   1.5387500E-008
4.0344000E-003   1.4142500E-008
4.2245300E-003   1.2893700E-008
4.4236300E-003   1.2005700E-008
4.6321100E-003   1.1029000E-008
4.8504100E-003   1.0125300E-008
5.0790100E-003   9.5222200E-009
5.3183700E-003   8.6389700E-009
5.5690200E-003   7.7572800E-009
5.8314800E-003   7.1446900E-009
6.1063100E-003   6.6689100E-009
6.3940900E-003   5.9508500E-009
6.6954300E-003   5.5974931E-009
7.0109800E-003   5.0471911E-009
7.3414000E-003   4.6690300E-009
7.6873900E-003   4.2049648E-009
8.0496800E-003   3.7519530E-009
8.4290500E-003   3.3434700E-009
8.8263000E-003   3.0559659E-009
9.2422700E-003   2.7267391E-009
9.6778500E-003   2.4890840E-009
1.0133900E-002   2.3053300E-009
1.0611500E-002   2.0483140E-009
1.1111700E-002   1.8744470E-009
1.1635300E-002   1.6901660E-009
1.2183700E-002   1.5421220E-009
1.2757900E-002   1.3759860E-009
1.3359100E-002   1.2575300E-009
1.3988700E-002   1.1339000E-009
1.4648000E-002   1.0376510E-009
1.5338400E-002   9.3389296E-010
1.6061200E-002   8.4365298E-010
1.6818200E-002   7.7204099E-010
1.7610800E-002   7.0650802E-010
1.8440800E-002   6.3705002E-010
1.9309800E-002   5.8297500E-010
2.0219900E-002   5.2566201E-010
2.1172800E-002   4.8820598E-010
2.2170700E-002   4.3375001E-010
2.3215500E-002   3.9693199E-010
 13
 1   2   3   4
 xy
 100
1.0133900E-003   1.0365400E-007
1.0611500E-003   9.8422700E-008
1.1111700E-003   9.3374300E-008
1.1635300E-003   8.8606800E-008
1.2183700E-003   8.3546800E-008
1.2757900E-003   7.9577400E-008
1.3359100E-003   7.4986400E-008
1.3988700E-003   7.0437800E-008
1.4648000E-003   6.6300400E-008
1.5338400E-003   6.3017700E-008
1.6061200E-003   5.8950000E-008
1.6818200E-003   5.5548100E-008
1.7610800E-003   5.2130100E-008
1.8440800E-003   4.9009600E-008
1.9309800E-003   4.5902500E-008
2.0219900E-003   4.3017600E-008
2.1172800E-003   4.0549900E-008
2.2170700E-003   3.7733500E-008
2.3215500E-003   3.5163300E-008
2.4309700E-003   3.2732500E-008
2.5455300E-003   3.0609500E-008
2.6655000E-003   2.8766600E-008
2.7911200E-003   2.6351000E-008
2.9226600E-003   2.4848600E-008
3.0604000E-003   2.2960600E-008
3.2046400E-003   2.1470000E-008
3.3556700E-003   1.9753400E-008
3.5138100E-003   1.8527000E-008
3.6794100E-003   1.7067100E-008
3.8528200E-003   1.5877100E-008
4.0344000E-003   1.4436200E-008
4.2245300E-003   1.3572100E-008
4.4236300E-003   1.2414600E-008
4.6321100E-003   1.1282400E-008
4.8504100E-003   1.0535500E-008
5.0790100E-003   9.6512300E-009
5.3183700E-003   8.8881700E-009
5.5690200E-003   8.1147200E-009
5.8314800E-003   7.4814800E-009
6.1063100E-003   6.9547000E-009
6.3940900E-003   6.2937100E-009
6.6954300E-003   5.6418100E-009
7.0109800E-003   5.2396100E-009
7.3414000E-003   4.8189700E-009
7.6873900E-003   4.3974200E-009
8.0496800E-003   3.9855128E-009
8.4290500E-003   3.6049621E-009
8.8263000E-003   3.2535300E-009
9.2422700E-003   3.0012800E-009
9.6778500E-003   2.7126400E-009
1.0133900E-002   2.4545700E-009
1.0611500E-002   2.2318669E-009
1.1111700E-002   2.0273589E-009
1.1635300E-002   1.8506600E-009
1.2183700E-002   1.6893620E-009
1.2757900E-002   1.5776830E-009
1.3359100E-002   1.4447950E-009
1.3988700E-002   1.3068410E-009
1.4648000E-002   1.1820590E-009
1.5338400E-002   1.0691920E-009
1.6061200E-002   9.5637798E-010
1.6818200E-002   8.6506002E-010
1.7610800E-002   7.8246098E-010
1.8440800E-002   7.1568401E-010
1.9309800E-002   6.4734801E-010
2.0219900E-002   5.8553701E-010
2.1172800E-002   5.2962801E-010
2.2170700E-002   4.7905702E-010
2.3215500E-002   4.3331499E-010
 14
 1   2   3   4
 xy
 100
1.0133900E-003   1.0543800E-007
1.0611500E-003   1.0026100E-007
1.1111700E-003   9.5559300E-008
1.1635300E-003   9.0900800E-008
1.2183700E-003   8.5381600E-008
1.2757900E-003   8.0667300E-008
1.3359100E-003   7.6188500E-008
1.3988700E-003   7.2251900E-008
1.4648000E-003   6.7917800E-008
1.5338400E-003   6.3666900E-008
1.6061200E-003   6.0125200E-008
1.6818200E-003   5.6555800E-008
1.7610800E-003   5.2938500E-008
1.8440800E-003   4.9598600E-008
1.9309800E-003   4.6792800E-008
2.0219900E-003   4.3594700E-008
2.1172800E-003   4.0779700E-008
2.2170700E-003   3.8247500E-008
2.3215500E-003   3.5860200E-008
2.4309700E-003   3.3151500E-008
2.5455300E-003   3.1111700E-008
2.6655000E-003   2.8592900E-008
2.7911200E-003   2.6905000E-008
2.9226600E-003   2.4881000E-008
3.0604000E-003   2.3066800E-008
3.2046400E-003   2.1466600E-008
3.3556700E-003   1.9939900E-008
3.5138100E-003   1.8523600E-008
3.6794100E-003   1.6936000E-008
3.8528200E-003   1.5743500E-008
4.0344000E-003   1.4428800E-008
4.2245300E-003   1.3370400E-008
4.4236300E-003   1.2211100E-008
4.6321100E-003   1.1292800E-008
4.8504100E-003   1.0189200E-008
5.0790100E-003   9.4437267E-009
5.3183700E-003   8.8186100E-009
5.5690200E-003   7.9218500E-009
5.8314800E-003   7.2513799E-009
6.1063100E-003   6.8204400E-009
6.3940900E-003   6.1532700E-009
6.6954300E-003   5.5280789E-009
7.0109800E-003   5.0986708E-009
7.3414000E-003   4.5865700E-009
7.6873900E-003   4.0764600E-009
8.0496800E-003   3.7558880E-009
8.4290500E-003   3.4156200E-009
8.8263000E-003   3.1372689E-009
9.2422700E-003   2.8286300E-009
9.6778500E-003   2.5464819E-009
1.0133900E-002   2.3082809E-009
1.0611500E-002   2.0741100E-009
1.1111700E-002   1.8506600E-009
1.1635300E-002   1.6977940E-009
1.2183700E-002   1.5599240E-009
1.2757900E-002   1.4181560E-009
1.3359100E-002   1.2756960E-009
1.3988700E-002   1.1721020E-009
1.4648000E-002   1.0432560E-009
1.5338400E-002   9.4844399E-010
1.6061200E-002   8.6224800E-010
1.6818200E-002   7.8388601E-010
1.7610800E-002   7.1264600E-010
1.8440800E-002   6.4788003E-010
1.9309800E-002   5.8900002E-010
2.0219900E-002   5.3547100E-010
2.1172800E-002   4.9198701E-010
2.2170700E-002   4.4727499E-010
2.3215500E-002   4.0662601E-010
 15
 1   2   3   4
 xy
 100
1.0133900E-003   1.0289500E-007
1.0611500E-003   9.8694600E-008
1.1111700E-003   9.3584700E-008
1.1635300E-003   8.8860400E-008
1.2183700E-003   8.4323800E-008
1.2757900E-003   7.9875800E-008
1.3359100E-003   7.5175200E-008
1.3988700E-003   7.0890900E-008
1.4648000E-003   6.7539200E-008
1.5338400E-003   6.3554700E-008
1.6061200E-003   5.9316600E-008
1.6818200E-003   5.5941100E-008
1.7610800E-003   5.2720300E-008
1.8440800E-003   4.9855500E-008
1.9309800E-003   4.6604500E-008
2.0219900E-003   4.3904900E-008
2.1172800E-003   4.1334900E-008
2.2170700E-003   3.8731200E-008
2.3215500E-003   3.5936500E-008
2.4309700E-003   3.3320300E-008
2.5455300E-003   3.1146400E-008
2.6655000E-003   2.8681000E-008
2.7911200E-003   2.6686600E-008
2.9226600E-003   2.5007100E-008
3.0604000E-003   2.3680100E-008
3.2046400E-003   2.1883200E-008
3.3556700E-003   2.0328600E-008
3.5138100E-003   1.8581600E-008
3.6794100E-003   1.7052000E-008
3.8528200E-003   1.5998600E-008
4.0344000E-003   1.4927814E-008
4.2245300E-003   1.3720700E-008
4.4236300E-003   1.2444900E-008
4.6321100E-003   1.1459217E-008
4.8504100E-003   1.0601129E-008
5.0790100E-003   9.6808952E-009
5.3183700E-003   8.9386200E-009
5.5690200E-003   8.2266200E-009
5.8314800E-003   7.5877500E-009
6.1063100E-003   6.9111500E-009
6.3940900E-003   6.2245300E-009
6.6954300E-003   5.6669069E-009
7.0109800E-003   5.1556500E-009
7.3414000E-003   4.6053700E-009
7.6873900E-003   4.1274211E-009
8.0496800E-003   3.7379700E-009
8.4290500E-003   3.4005470E-009
8.8263000E-003   3.0189700E-009
9.2422700E-003   2.7047200E-009
9.6778500E-003   2.4370801E-009
1.0133900E-002   2.2113931E-009
1.0611500E-002   1.9699491E-009
1.1111700E-002   1.7818830E-009
1.1635300E-002   1.5668550E-009
1.2183700E-002   1.4038900E-009
1.2757900E-002   1.2560590E-009
1.3359100E-002   1.1212780E-009
1.3988700E-002   1.0163280E-009
1.4648000E-002   9.1230601E-010
1.5338400E-002   8.1893098E-010
1.6061200E-002   7.4309298E-010
1.6818200E-002   6.5278699E-010
1.7610800E-002   5.8597399E-010
1.8440800E-002   5.3170901E-010
1.9309800E-002   4.7728799E-010
2.0219900E-002   4.2843701E-010
2.1172800E-002   3.8458700E-010
2.2170700E-002   3.5275999E-010
2.3215500E-002   3.2009201E-010
 16
 1   2   3   4
 xy
 100
1.0133900E-003   1.0368400E-007
1.0611500E-003   9.8802800E-008
1.1111700E-003   9.4031600E-008
1.1635300E-003   8.8607100E-008
1.2183700E-003   8.4418400E-008
1.2757900E-003   7.9872200E-008
1.3359100E-003   7.5875600E-008
1.3988700E-003   7.1404900E-008
1.4648000E-003   6.7230800E-008
1.5338400E-003   6.3200900E-008
1.6061200E-003   6.0099900E-008
1.6818200E-003   5.6563000E-008
1.7610800E-003   5.2522900E-008
1.8440800E-003   4.9615900E-008
1.9309800E-003   4.7035300E-008
2.0219900E-003   4.3558700E-008
2.1172800E-003   4.0711600E-008
2.2170700E-003   3.8490900E-008
2.3215500E-003   3.5668200E-008
2.4309700E-003   3.3254500E-008
2.5455300E-003   3.1268600E-008
2.6655000E-003   2.8863100E-008
2.7911200E-003   2.7138600E-008
2.9226600E-003   2.5031400E-008
3.0604000E-003   2.3478900E-008
3.2046400E-003   2.1574400E-008
3.3556700E-003   2.0162300E-008
3.5138100E-003   1.8555100E-008
3.6794100E-003   1.7105100E-008
3.8528200E-003   1.5953300E-008
4.0344000E-003   1.4658600E-008
4.2245300E-003   1.3472300E-008
4.4236300E-003   1.2376350E-008
4.6321100E-003   1.1448500E-008
4.8504100E-003   1.0547400E-008
5.0790100E-003   9.5219200E-009
5.3183700E-003   8.8169800E-009
5.5690200E-003   8.0113900E-009
5.8314800E-003   7.3324700E-009
6.1063100E-003   6.6626400E-009
6.3940900E-003   5.9948428E-009
6.6954300E-003   5.5016400E-009
7.0109800E-003   4.9686300E-009
7.3414000E-003   4.4842041E-009
7.6873900E-003   4.1242400E-009
8.0496800E-003   3.7552499E-009
8.4290500E-003   3.4289600E-009
8.8263000E-003   3.0480900E-009
9.2422700E-003   2.7364200E-009
9.6778500E-003   2.4459239E-009
1.0133900E-002   2.1808800E-009
1.0611500E-002   1.9886359E-009
1.1111700E-002   1.7681731E-009
1.1635300E-002   1.5729000E-009
1.2183700E-002   1.4154120E-009
1.2757900E-002   1.2915500E-009
1.3359100E-002   1.1844800E-009
1.3988700E-002   1.0531060E-009
1.4648000E-002   9.6371500E-010
1.5338400E-002   8.7059199E-010
1.6061200E-002   7.8354001E-010
1.6818200E-002   7.0650802E-010
1.7610800E-002   6.3705002E-010
1.8440800E-002   5.6598998E-010
1.9309800E-002   5.0285698E-010
2.0219900E-002   4.4676601E-010
2.1172800E-002   3.9693199E-010
2.2170700E-002   3.5938100E-010
2.3215500E-002   3.1798600E-010
 17
 1   2   3   4
 xy
 100
1.0133900E-003   1.0346400E-007
1.0611500E-003   9.8124400E-008
1.1111700E-003   9.3374500E-008
1.1635300E-003   8.9014700E-008
1.2183700E-003   8.4199200E-008
1.2757900E-003   8.0171500E-008
1.3359100E-003   7.5850900E-008
1.3988700E-003   7.1567400E-008
1.4648000E-003   6.7753500E-008
1.5338400E-003   6.4218500E-008
1.6061200E-003   6.1161900E-008
1.6818200E-003   5.7044700E-008
1.7610800E-003   5.3490900E-008
1.8440800E-003   5.0599600E-008
1.9309800E-003   4.6644400E-008
2.0219900E-003   4.3416300E-008
2.1172800E-003   4.1313100E-008
2.2170700E-003   3.8525200E-008
2.3215500E-003   3.6073000E-008
2.4309700E-003   3.3654500E-008
2.5455300E-003   3.1825700E-008
2.6655000E-003   2.9542400E-008
2.7911200E-003   2.7308200E-008
2.9226600E-003   2.5297000E-008
3.0604000E-003   2.3143700E-008
3.2046400E-003   2.1583200E-008
3.3556700E-003   1.9858500E-008
3.5138100E-003   1.8440572E-008
3.6794100E-003   1.6917900E-008
3.8528200E-003   1.5613344E-008
4.0344000E-003   1.4591200E-008
4.2245300E-003   1.3584500E-008
4.4236300E-003   1.2663600E-008
4.6321100E-003   1.1469000E-008
4.8504100E-003   1.0342000E-008
5.0790100E-003   9.6686499E-009
5.3183700E-003   8.8062400E-009
5.5690200E-003   8.0809200E-009
5.8314800E-003   7.4110100E-009
6.1063100E-003   6.7581509E-009
6.3940900E-003   6.1919700E-009
6.6954300E-003   5.6437800E-009
7.0109800E-003   5.1424000E-009
7.3414000E-003   4.6365600E-009
7.6873900E-003   4.3019299E-009
8.0496800E-003   3.9255501E-009
8.4290500E-003   3.5844100E-009
8.8263000E-003   3.1920160E-009
9.2422700E-003   2.9177001E-009
9.6778500E-003   2.6273150E-009
1.0133900E-002   2.3660609E-009
1.0611500E-002   2.1245781E-009
1.1111700E-002   1.9369959E-009
1.1635300E-002   1.7735300E-009
1.2183700E-002   1.6027950E-009
1.2757900E-002   1.4489020E-009
1.3359100E-002   1.3145590E-009
1.3988700E-002   1.1677600E-009
1.4648000E-002   1.0466510E-009
1.5338400E-002   9.4957198E-010
1.6061200E-002   8.6738400E-010
1.6818200E-002   7.8354001E-010
1.7610800E-002   7.0650802E-010
1.8440800E-002   6.3474198E-010
1.9309800E-002   5.7029198E-010
2.0219900E-002   5.1794702E-010
2.1172800E-002   4.6242399E-010
2.2170700E-002   4.1761800E-010
2.3215500E-002   3.7499501E-010
 18
 1   2   3   4
 xy
 100
1.0133900E-003   1.0282500E-007
1.0611500E-003   9.7790500E-008
1.1111700E-003   9.3101700E-008
1.1635300E-003   8.8460700E-008
1.2183700E-003   8.3700100E-008
1.2757900E-003   7.9706500E-008
1.3359100E-003   7.5398100E-008
1.3988700E-003   7.1267700E-008
1.4648000E-003   6.7590000E-008
1.5338400E-003   6.3812500E-008
1.6061200E-003   6.0011700E-008
1.6818200E-003   5.6653200E-008
1.7610800E-003   5.2962800E-008
1.8440800E-003   5.0324000E-008
1.9309800E-003   4.7248900E-008
2.0219900E-003   4.3926200E-008
2.1172800E-003   4.1435400E-008
2.2170700E-003   3.8842100E-008
2.3215500E-003   3.6016200E-008
2.4309700E-003   3.3935300E-008
2.5455300E-003   3.1610000E-008
2.6655000E-003   2.9252100E-008
2.7911200E-003   2.7223700E-008
2.9226600E-003   2.5300600E-008
3.0604000E-003   2.3227800E-008
3.2046400E-003   2.1876900E-008
3.3556700E-003   2.0369700E-008
3.5138100E-003   1.9029700E-008
3.6794100E-003   1.7410700E-008
3.8528200E-003   1.6148500E-008
4.0344000E-003   1.4679800E-008
4.2245300E-003   1.3593564E-008
4.4236300E-003   1.2380400E-008
4.6321100E-003   1.1512000E-008
4.8504100E-003   1.0530400E-008
5.0790100E-003   9.7569800E-009
5.3183700E-003   8.8493500E-009
5.5690200E-003   8.0852294E-009
5.8314800E-003   7.2700681E-009
6.1063100E-003   6.6818400E-009
6.3940900E-003   6.0558100E-009
6.6954300E-003   5.5153491E-009
7.0109800E-003   4.9731228E-009
7.3414000E-003   4.4997300E-009
7.6873900E-003   4.1646899E-009
8.0496800E-003   3.8111789E-009
8.4290500E-003   3.4364940E-009
8.8263000E-003   3.1575400E-009
9.2422700E-003   2.8356231E-009
9.6778500E-003   2.5568461E-009
1.0133900E-002   2.2716440E-009
1.0611500E-002   2.0182540E-009
1.1111700E-002   1.8469390E-009
1.1635300E-002   1.6409230E-009
1.2183700E-002   1.4578870E-009
1.2757900E-002   1.3145590E-009
1.3359100E-002   1.1853220E-009
1.3988700E-002   1.0687899E-009
1.4648000E-002   9.4957198E-010
1.5338400E-002   8.4365298E-010
1.6061200E-002   7.4954798E-010
1.6818200E-002   6.6594003E-010
1.7610800E-002   6.0047001E-010
1.8440800E-002   5.3349097E-010
1.9309800E-002   4.7398302E-010
2.0219900E-002   4.2231901E-010
2.1172800E-002   3.7528300E-010
2.2170700E-002   3.3735700E-010
2.3215500E-002   2.9532801E-010
 19
 1   2   3   4
 xy
 100
1.0133900E-003   1.0290900E-007
1.0611500E-003   9.7997800E-008
1.1111700E-003   9.3196300E-008
1.1635300E-003   8.8377900E-008
1.2183700E-003   8.3908000E-008
1.2757900E-003   7.9846200E-008
1.3359100E-003   7.5754600E-008
1.3988700E-003   7.1706300E-008
1.4648000E-003   6.7483100E-008
1.5338400E-003   6.3490500E-008
1.6061200E-003   6.0384500E-008
1.6818200E-003   5.6903900E-008
1.7610800E-003   5.4169400E-008
1.8440800E-003   5.0352000E-008
1.9309800E-003   4.6718400E-008
2.0219900E-003   4.4001300E-008
2.1172800E-003   4.1308300E-008
2.2170700E-003   3.8449800E-008
2.3215500E-003   3.5922900E-008
2.4309700E-003   3.3545200E-008
2.5455300E-003   3.1323000E-008
2.6655000E-003   2.9511400E-008
2.7911200E-003   2.7903800E-008
2.9226600E-003   2.5762000E-008
3.0604000E-003   2.3339700E-008
3.2046400E-003   2.1973900E-008
3.3556700E-003   2.0615600E-008
3.5138100E-003   1.8776800E-008
3.6794100E-003   1.7630800E-008
3.8528200E-003   1.5993300E-008
4.0344000E-003   1.4746200E-008
4.2245300E-003   1.3642100E-008
4.4236300E-003   1.2493300E-008
4.6321100E-003   1.1579000E-008
4.8504100E-003   1.0534100E-008
5.0790100E-003   9.5252500E-009
5.3183700E-003   8.9509800E-009
5.5690200E-003   8.2618700E-009
5.8314800E-003   7.7179800E-009
6.1063100E-003   7.1137700E-009
6.3940900E-003   6.5859669E-009
6.6954300E-003   5.9118200E-009
7.0109800E-003   5.2760800E-009
7.3414000E-003   4.8099300E-009
7.6873900E-003   4.4068400E-009
8.0496800E-003   3.8683300E-009
8.4290500E-003   3.5396199E-009
8.8263000E-003   3.1704000E-009
9.2422700E-003   2.8778560E-009
9.6778500E-003   2.6652780E-009
1.0133900E-002   2.3781410E-009
1.0611500E-002   2.1219380E-009
1.1111700E-002   1.9014000E-009
1.1635300E-002   1.6958000E-009
1.2183700E-002   1.5776830E-009
1.2757900E-002   1.4364930E-009
1.3359100E-002   1.3341380E-009
1.3988700E-002   1.2208921E-009
1.4648000E-002   1.0847080E-009
1.5338400E-002   9.7806796E-010
1.6061200E-002   8.6897001E-010
1.6818200E-002   7.7204099E-010
1.7610800E-002   6.9613998E-010
1.8440800E-002   6.1848898E-010
1.9309800E-002   5.5768401E-010
2.0219900E-002   5.0285698E-010
2.1172800E-002   4.4021001E-010
2.2170700E-002   3.9110701E-010
2.3215500E-002   3.4748099E-010
 20
 1   2   3   4
 xy
 100
1.0133900E-003   1.0232800E-007
1.0611500E-003   9.7762300E-008
1.1111700E-003   9.3109000E-008
1.1635300E-003   8.8576600E-008
1.2183700E-003   8.4150900E-008
1.2757900E-003   7.9442200E-008
1.3359100E-003   7.5587700E-008
1.3988700E-003   7.1427000E-008
1.4648000E-003   6.7543400E-008
1.5338400E-003   6.3870900E-008
1.6061200E-003   6.0050800E-008
1.6818200E-003   5.6613600E-008
1.7610800E-003   5.3499800E-008
1.8440800E-003   4.9889500E-008
1.9309800E-003   4.7027100E-008
2.0219900E-003   4.4165800E-008
2.1172800E-003   4.1544400E-008
2.2170700E-003   3.8754700E-008
2.3215500E-003   3.6458500E-008
2.4309700E-003   3.4081700E-008
2.5455300E-003   3.1593000E-008
2.6655000E-003   2.9675000E-008
2.7911200E-003   2.7372900E-008
2.9226600E-003   2.5326400E-008
3.0604000E-003   2.3523600E-008
3.2046400E-003   2.2183800E-008
3.3556700E-003   2.0385800E-008
3.5138100E-003   1.9100300E-008
3.6794100E-003   1.7363600E-008
3.8528200E-003   1.6061300E-008
4.0344000E-003   1.4563600E-008
4.2245300E-003   1.3378700E-008
4.4236300E-003   1.2527500E-008
4.6321100E-003   1.1749500E-008
4.8504100E-003   1.0519600E-008
5.0790100E-003   9.3423700E-009
5.3183700E-003   8.7327600E-009
5.5690200E-003   8.1368400E-009
5.8314800E-003   7.4458100E-009
6.1063100E-003   6.5207000E-009
6.3940900E-003   5.9384861E-009
6.6954300E-003   5.5741500E-009
7.0109800E-003   4.9100500E-009
7.3414000E-003   4.5509911E-009
7.6873900E-003   4.1035730E-009
8.0496800E-003   3.6673400E-009
8.4290500E-003   3.3769900E-009
8.8263000E-003   2.9949500E-009
9.2422700E-003   2.6173900E-009
9.6778500E-003   2.4329800E-009
1.0133900E-002   2.1708690E-009
1.0611500E-002   1.9369959E-009
1.1111700E-002   1.7283180E-009
1.1635300E-002   1.5421220E-009
1.2183700E-002   1.3449710E-009
1.2757900E-002   1.2277470E-009
1.3359100E-002   1.1172600E-009
1.3988700E-002   9.9626300E-010
1.4648000E-002   9.0837798E-010
1.5338400E-002   8.3127200E-010
1.6061200E-002   7.3854800E-010
1.6818200E-002   6.5616701E-010
1.7610800E-002   5.8297500E-010
1.8440800E-002   5.1794702E-010
1.9309800E-002   4.6017301E-010
2.0219900E-002   4.1493300E-010
2.1172800E-002   3.7053400E-010
2.2170700E-002   3.3477501E-010
2.3215500E-002   2.9197600E-010
 21
 1   2   3   4
 xy
 100
1.0133900E-003   1.0172600E-007
1.0611500E-003   9.7157100E-008
1.1111700E-003   9.2540900E-008
1.1635300E-003   8.8220900E-008
1.2183700E-003   8.3972900E-008
1.2757900E-003   7.9565500E-008
1.3359100E-003   7.5393400E-008
1.3988700E-003   7.1283700E-008
1.4648000E-003   6.7608500E-008
1.5338400E-003   6.3903400E-008
1.6061200E-003   5.9998300E-008
1.6818200E-003   5.6643400E-008
1.7610800E-003   5.3809200E-008
1.8440800E-003   5.0326800E-008
1.9309800E-003   4.7449400E-008
2.0219900E-003   4.4497400E-008
2.1172800E-003   4.1894200E-008
2.2170700E-003   3.9234100E-008
2.3215500E-003   3.6731200E-008
2.4309700E-003   3.4542200E-008
2.5455300E-003   3.2171500E-008
2.6655000E-003   2.9999300E-008
2.7911200E-003   2.7988900E-008
2.9226600E-003   2.5963200E-008
3.0604000E-003   2.4183000E-008
3.2046400E-003   2.2500200E-008
3.3556700E-003   2.0766800E-008
3.5138100E-003   1.9518200E-008
3.6794100E-003   1.7618700E-008
3.8528200E-003   1.6618600E-008
4.0344000E-003   1.5229800E-008
4.2245300E-003   1.4205100E-008
4.4236300E-003   1.3014800E-008
4.6321100E-003   1.1649400E-008
4.8504100E-003   1.0847000E-008
5.0790100E-003   1.0042400E-008
5.3183700E-003   9.3930500E-009
5.5690200E-003   8.5938821E-009
5.8314800E-003   7.8313300E-009
6.1063100E-003   6.9241100E-009
6.3940900E-003   6.3732200E-009
6.6954300E-003   5.8872200E-009
7.0109800E-003   5.3810100E-009
7.3414000E-003   4.8506100E-009
7.6873900E-003   4.4183981E-009
8.0496800E-003   3.9461900E-009
8.4290500E-003   3.6458410E-009
8.8263000E-003   3.2939800E-009
9.2422700E-003   3.0317651E-009
9.6778500E-003   2.7530069E-009
1.0133900E-002   2.4823530E-009
1.0611500E-002   2.2716440E-009
1.1111700E-002   2.0483140E-009
1.1635300E-002   1.8469390E-009
1.2183700E-002   1.6409230E-009
1.2757900E-002   1.4578870E-009
1.3359100E-002   1.2952680E-009
1.3988700E-002   1.1507880E-009
1.4648000E-002   1.0376510E-009
1.5338400E-002   9.0837798E-010
1.6061200E-002   8.1907298E-010
1.6818200E-002   7.1703099E-010
1.7610800E-002   6.3705002E-010
1.8440800E-002   5.6598998E-010
1.9309800E-002   5.0285698E-010
2.0219900E-002   4.4021001E-010
2.1172800E-002   3.9110701E-010
2.2170700E-002   3.4748099E-010
2.3215500E-002   3.0419101E-010
 22
 1   2   3   4
 xy
 100
1.0133900E-003   1.0206600E-007
1.0611500E-003   9.7083100E-008
1.1111700E-003   9.2833400E-008
1.1635300E-003   8.8570500E-008
1.2183700E-003   8.3954300E-008
1.2757900E-003   7.9877200E-008
1.3359100E-003   7.5847200E-008
1.3988700E-003   7.2037400E-008
1.4648000E-003   6.8264300E-008
1.5338400E-003   6.4257100E-008
1.6061200E-003   6.1005800E-008
1.6818200E-003   5.7424000E-008
1.7610800E-003   5.4225400E-008
1.8440800E-003   5.1232400E-008
1.9309800E-003   4.7850200E-008
2.0219900E-003   4.5058700E-008
2.1172800E-003   4.2353900E-008
2.2170700E-003   3.9588700E-008
2.3215500E-003   3.7204400E-008
2.4309700E-003   3.4483100E-008
2.5455300E-003   3.2420800E-008
2.6655000E-003   3.0209700E-008
2.7911200E-003   2.8189000E-008
2.9226600E-003   2.6031300E-008
3.0604000E-003   2.4319100E-008
3.2046400E-003   2.2565900E-008
3.3556700E-003   2.0792100E-008
3.5138100E-003   1.9351400E-008
3.6794100E-003   1.7925800E-008
3.8528200E-003   1.6555400E-008
4.0344000E-003   1.5043000E-008
4.2245300E-003   1.3933500E-008
4.4236300E-003   1.2880100E-008
4.6321100E-003   1.1877100E-008
4.8504100E-003   1.1021100E-008
5.0790100E-003   9.9039300E-009
5.3183700E-003   9.0790700E-009
5.5690200E-003   8.3182300E-009
5.8314800E-003   7.6158900E-009
6.1063100E-003   6.9629400E-009
6.3940900E-003   6.2739500E-009
6.6954300E-003   5.6657100E-009
7.0109800E-003   5.2398800E-009
7.3414000E-003   4.6857300E-009
7.6873900E-003   4.2865900E-009
8.0496800E-003   3.8165200E-009
8.4290500E-003   3.4594700E-009
8.8263000E-003   3.1383900E-009
9.2422700E-003   2.8166100E-009
9.6778500E-003   2.5580700E-009
1.0133900E-002   2.3016300E-009
1.0611500E-002   2.0157260E-009
1.1111700E-002   1.8445730E-009
1.1635300E-002   1.6559400E-009
1.2183700E-002   1.4724900E-009
1.2757900E-002   1.3401940E-009
1.3359100E-002   1.2048270E-009
1.3988700E-002   1.1025270E-009
1.4648000E-002   9.9263497E-010
1.5338400E-002   8.9504698E-010
1.6061200E-002   8.0105200E-010
1.6818200E-002   7.1158100E-010
1.7610800E-002   6.5141997E-010
1.8440800E-002   5.8557300E-010
1.9309800E-002   5.2032900E-010
2.0219900E-002   4.7722100E-010
2.1172800E-002   4.2738399E-010
2.2170700E-002   3.8536699E-010
2.3215500E-002   3.5265599E-010
 23
 1   2   3   4
 xy
 100
1.0133900E-003   1.0188600E-007
1.0611500E-003   9.7173500E-008
1.1111700E-003   9.2671200E-008
1.1635300E-003   8.8285600E-008
1.2183700E-003   8.4219200E-008
1.2757900E-003   7.9800400E-008
1.3359100E-003   7.5463900E-008
1.3988700E-003   7.1544700E-008
1.4648000E-003   6.8175500E-008
1.5338400E-003   6.4515400E-008
1.6061200E-003   6.0790400E-008
1.6818200E-003   5.7240800E-008
1.7610800E-003   5.4019700E-008
1.8440800E-003   5.0804200E-008
1.9309800E-003   4.7626600E-008
2.0219900E-003   4.4875700E-008
2.1172800E-003   4.2109900E-008
2.2170700E-003   3.9601800E-008
2.3215500E-003   3.7193500E-008
2.4309700E-003   3.4398400E-008
2.5455300E-003   3.2192900E-008
2.6655000E-003   3.0398100E-008
2.7911200E-003   2.7785500E-008
2.9226600E-003   2.6144300E-008
3.0604000E-003   2.3937800E-008
3.2046400E-003   2.2414500E-008
3.3556700E-003   2.0544200E-008
3.5138100E-003   1.9208200E-008
3.6794100E-003   1.7770700E-008
3.8528200E-003   1.6434400E-008
4.0344000E-003   1.5260000E-008
4.2245300E-003   1.3772300E-008
4.4236300E-003   1.2713000E-008
4.6321100E-003   1.1754300E-008
4.8504100E-003   1.0798500E-008
5.0790100E-003   9.8886500E-009
5.3183700E-003   8.9972600E-009
5.5690200E-003   8.2282300E-009
5.8314800E-003   7.4320100E-009
6.1063100E-003   6.9034200E-009
6.3940900E-003   6.0921600E-009
6.6954300E-003   5.5554800E-009
7.0109800E-003   5.0629200E-009
7.3414000E-003   4.6689159E-009
7.6873900E-003   4.2628789E-009
8.0496800E-003   3.8210102E-009
8.4290500E-003   3.4879819E-009
8.8263000E-003   3.1264360E-009
9.2422700E-003   2.8016811E-009
9.6778500E-003   2.5206700E-009
1.0133900E-002   2.2438600E-009
1.0611500E-002   1.9816631E-009
1.1111700E-002   1.8089470E-009
1.1635300E-002   1.6816770E-009
1.2183700E-002   1.5073630E-009
1.2757900E-002   1.3511170E-009
1.3359100E-002   1.1891800E-009
1.3988700E-002   1.0659150E-009
1.4648000E-002   9.5692898E-010
1.5338400E-002   8.6097501E-010
1.6061200E-002   7.7464302E-010
1.6818200E-002   6.9696698E-010
1.7610800E-002   6.0537803E-010
1.8440800E-002   5.3516702E-010
1.9309800E-002   4.7309900E-010
2.0219900E-002   4.1092901E-010
2.1172800E-002   3.6340900E-010
2.2170700E-002   3.1985301E-010
2.3215500E-002   2.8151700E-010
 24
 1   2   3   4
 xy
 100
1.0133900E-003   1.0179100E-007
1.0611500E-003   9.7089300E-008
1.1111700E-003   9.2697100E-008
1.1635300E-003   8.8410100E-008
1.2183700E-003   8.3874300E-008
1.2757900E-003   7.9806700E-008
1.3359100E-003   7.5531000E-008
1.3988700E-003   7.1650100E-008
1.4648000E-003   6.8122700E-008
1.5338400E-003   6.4417900E-008
1.6061200E-003   6.0629200E-008
1.6818200E-003   5.7248600E-008
1.7610800E-003   5.4023500E-008
1.8440800E-003   5.0893500E-008
1.9309800E-003   4.7498500E-008
2.0219900E-003   4.4830300E-008
2.1172800E-003   4.1979800E-008
2.2170700E-003   3.9440000E-008
2.3215500E-003   3.6870300E-008
2.4309700E-003   3.4586500E-008
2.5455300E-003   3.2129700E-008
2.6655000E-003   3.0067800E-008
2.7911200E-003   2.8052700E-008
2.9226600E-003   2.6007600E-008
3.0604000E-003   2.4140100E-008
3.2046400E-003   2.2355300E-008
3.3556700E-003   2.0575800E-008
3.5138100E-003   1.9296700E-008
3.6794100E-003   1.7855100E-008
3.8528200E-003   1.6221300E-008
4.0344000E-003   1.5054900E-008
4.2245300E-003   1.3922000E-008
4.4236300E-003   1.2771500E-008
4.6321100E-003   1.1703200E-008
4.8504100E-003   1.0744400E-008
5.0790100E-003   9.8078800E-009
5.3183700E-003   9.0175600E-009
5.5690200E-003   8.2641500E-009
5.8314800E-003   7.5993500E-009
6.1063100E-003   6.8129209E-009
6.3940900E-003   6.1842800E-009
6.6954300E-003   5.6898700E-009
7.0109800E-003   5.1154000E-009
7.3414000E-003   4.6144200E-009
7.6873900E-003   4.1722501E-009
8.0496800E-003   3.7302600E-009
8.4290500E-003   3.4005470E-009
8.8263000E-003   3.0627500E-009
9.2422700E-003   2.8033200E-009
9.6778500E-003   2.5429000E-009
1.0133900E-002   2.2436800E-009
1.0611500E-002   2.0552811E-009
1.1111700E-002   1.8744470E-009
1.1635300E-002   1.6653630E-009
1.2183700E-002   1.4801200E-009
1.2757900E-002   1.3341380E-009
1.3359100E-002   1.2029761E-009
1.3988700E-002   1.1008640E-009
1.4648000E-002   1.0074190E-009
1.5338400E-002   9.0837798E-010
1.6061200E-002   8.3127200E-010
1.6818200E-002   7.4954798E-010
1.7610800E-002   6.8034200E-010
1.8440800E-002   6.0590899E-010
1.9309800E-002   5.4950000E-010
2.0219900E-002   4.8957000E-010
2.1172800E-002   4.3539999E-010
2.2170700E-002   3.8722500E-010
2.3215500E-002   3.4806999E-010
 25
 1   2   3   4
 xy
 100
1.0133900E-003   1.0204800E-007
1.0611500E-003   9.7352500E-008
1.1111700E-003   9.2877800E-008
1.1635300E-003   8.8477000E-008
1.2183700E-003   8.4332400E-008
1.2757900E-003   8.0227400E-008
1.3359100E-003   7.6116800E-008
1.3988700E-003   7.2092800E-008
1.4648000E-003   6.8027100E-008
1.5338400E-003   6.4425500E-008
1.6061200E-003   6.0770700E-008
1.6818200E-003   5.7145600E-008
1.7610800E-003   5.4202100E-008
1.8440800E-003   5.0831800E-008
1.9309800E-003   4.7990100E-008
2.0219900E-003   4.5405100E-008
2.1172800E-003   4.2629000E-008
2.2170700E-003   3.9584500E-008
2.3215500E-003   3.6840700E-008
2.4309700E-003   3.4638000E-008
2.5455300E-003   3.2367500E-008
2.6655000E-003   3.0099300E-008
2.7911200E-003   2.7986000E-008
2.9226600E-003   2.6102000E-008
3.0604000E-003   2.3821900E-008
3.2046400E-003   2.2406600E-008
3.3556700E-003   2.0731900E-008
3.5138100E-003   1.9359300E-008
3.6794100E-003   1.7985900E-008
3.8528200E-003   1.6525600E-008
4.0344000E-003   1.5112600E-008
4.2245300E-003   1.4168100E-008
4.4236300E-003   1.3039500E-008
4.6321100E-003   1.1756200E-008
4.8504100E-003   1.0867300E-008
5.0790100E-003   9.7542200E-009
5.3183700E-003   8.8831400E-009
5.5690200E-003   7.9270100E-009
5.8314800E-003   7.3234800E-009
6.1063100E-003   6.8378400E-009
6.3940900E-003   6.1050300E-009
6.6954300E-003   5.7073648E-009
7.0109800E-003   5.0468200E-009
7.3414000E-003   4.5408900E-009
7.6873900E-003   4.1316300E-009
8.0496800E-003   3.7875300E-009
8.4290500E-003   3.4005470E-009
8.8263000E-003   3.0144489E-009
9.2422700E-003   2.7517180E-009
9.6778500E-003   2.4219120E-009
1.0133900E-002   2.1137221E-009
1.0611500E-002   1.9003500E-009
1.1111700E-002   1.7110769E-009
1.1635300E-002   1.5351070E-009
1.2183700E-002   1.3528600E-009
1.2757900E-002   1.2333580E-009
1.3359100E-002   1.1055140E-009
1.3988700E-002   9.9092201E-010
1.4648000E-002   8.7215601E-010
1.5338400E-002   7.9520901E-010
1.6061200E-002   7.1703099E-010
1.6818200E-002   6.5616701E-010
1.7610800E-002   5.9165800E-010
1.8440800E-002   5.2566201E-010
1.9309800E-002   4.7398302E-010
2.0219900E-002   4.2738399E-010
2.1172800E-002   3.8536699E-010
2.2170700E-002   3.4238201E-010
2.3215500E-002   3.0461200E-010
 26
 1   2   3   4
 xy
 100
1.0133900E-003   1.0107900E-007
1.0611500E-003   9.6472000E-008
1.1111700E-003   9.2406300E-008
1.1635300E-003   8.8066500E-008
1.2183700E-003   8.3400100E-008
1.2757900E-003   7.9312200E-008
1.3359100E-003   7.5493000E-008
1.3988700E-003   7.1730400E-008
1.4648000E-003   6.7748200E-008
1.5338400E-003   6.4198600E-008
1.6061200E-003   6.0650100E-008
1.6818200E-003   5.6960400E-008
1.7610800E-003   5.3506700E-008
1.8440800E-003   5.0535100E-008
1.9309800E-003   4.7920500E-008
2.0219900E-003   4.4805300E-008
2.1172800E-003   4.2140000E-008
2.2170700E-003   3.9635000E-008
2.3215500E-003   3.6821300E-008
2.4309700E-003   3.4671600E-008
2.5455300E-003   3.2115100E-008
2.6655000E-003   2.9841100E-008
2.7911200E-003   2.7906600E-008
2.9226600E-003   2.5945200E-008
3.0604000E-003   2.4223700E-008
3.2046400E-003   2.2596000E-008
3.3556700E-003   2.0684200E-008
3.5138100E-003   1.9226100E-008
3.6794100E-003   1.7725400E-008
3.8528200E-003   1.6622800E-008
4.0344000E-003   1.5149300E-008
4.2245300E-003   1.3954800E-008
4.4236300E-003   1.2802400E-008
4.6321100E-003   1.1704200E-008
4.8504100E-003   1.0751700E-008
5.0790100E-003   9.9603200E-009
5.3183700E-003   9.0521600E-009
5.5690200E-003   8.2405300E-009
5.8314800E-003   7.5114874E-009
6.1063100E-003   6.8220372E-009
6.3940900E-003   6.1825500E-009
6.6954300E-003   5.6521100E-009
7.0109800E-003   5.0986708E-009
7.3414000E-003   4.5764570E-009
7.6873900E-003   4.0750900E-009
8.0496800E-003   3.6487280E-009
8.4290500E-003   3.2589800E-009
8.8263000E-003   2.8630400E-009
9.2422700E-003   2.6041500E-009
9.6778500E-003   2.3224040E-009
1.0133900E-002   2.0588900E-009
1.0611500E-002   1.8761490E-009
1.1111700E-002   1.6816770E-009
1.1635300E-002   1.5351070E-009
1.2183700E-002   1.3857850E-009
1.2757900E-002   1.2585890E-009
1.3359100E-002   1.1416620E-009
1.3988700E-002   1.0488500E-009
1.4648000E-002   9.4337305E-010
1.5338400E-002   8.5754398E-010
1.6061200E-002   7.7130602E-010
1.6818200E-002   7.0113199E-010
1.7610800E-002   6.4413302E-010
1.8440800E-002   5.8553001E-010
1.9309800E-002   5.3792898E-010
2.0219900E-002   4.8383297E-010
2.1172800E-002   4.4449899E-010
2.2170700E-002   4.0405801E-010
2.3215500E-002   3.6729700E-010
 27
 1   2   3   4
 xy
 100
1.0133900E-003   1.0015000E-007
1.0611500E-003   9.5803300E-008
1.1111700E-003   9.1691400E-008
1.1635300E-003   8.7606100E-008
1.2183700E-003   8.2753800E-008
1.2757900E-003   7.8862400E-008
1.3359100E-003   7.5450000E-008
1.3988700E-003   7.1350400E-008
1.4648000E-003   6.7327800E-008
1.5338400E-003   6.3904500E-008
1.6061200E-003   6.0249300E-008
1.6818200E-003   5.6816300E-008
1.7610800E-003   5.3326300E-008
1.8440800E-003   5.0819400E-008
1.9309800E-003   4.8088000E-008
2.0219900E-003   4.4707700E-008
2.1172800E-003   4.2380000E-008
2.2170700E-003   3.9717000E-008
2.3215500E-003   3.6989600E-008
2.4309700E-003   3.4591200E-008
2.5455300E-003   3.1998300E-008
2.6655000E-003   2.9756800E-008
2.7911200E-003   2.7851900E-008
2.9226600E-003   2.6072500E-008
3.0604000E-003   2.4496000E-008
3.2046400E-003   2.2215700E-008
3.3556700E-003   2.1230482E-008
3.5138100E-003   1.9169200E-008
3.6794100E-003   1.7731400E-008
3.8528200E-003   1.6559700E-008
4.0344000E-003   1.5212200E-008
4.2245300E-003   1.4108600E-008
4.4236300E-003   1.2790300E-008
4.6321100E-003   1.1588600E-008
4.8504100E-003   1.0622700E-008
5.0790100E-003   9.7618900E-009
5.3183700E-003   8.9872700E-009
5.5690200E-003   8.2997200E-009
5.8314800E-003   7.4966100E-009
6.1063100E-003   6.8203600E-009
6.3940900E-003   6.1973200E-009
6.6954300E-003   5.5974931E-009
7.0109800E-003   4.9791000E-009
7.3414000E-003   4.5106600E-009
7.6873900E-003   4.1629400E-009
8.0496800E-003   3.7259500E-009
8.4290500E-003   3.2823200E-009
8.8263000E-003   2.9064731E-009
9.2422700E-003   2.5221100E-009
9.6778500E-003   2.2297600E-009
1.0133900E-002   1.9458479E-009
1.0611500E-002   1.7441510E-009
1.1111700E-002   1.5931150E-009
1.1635300E-002   1.4364930E-009
1.2183700E-002   1.2762600E-009
1.2757900E-002   1.1465840E-009
1.3359100E-002   1.0224230E-009
1.3988700E-002   9.2120500E-010
1.4648000E-002   8.2571799E-010
1.5338400E-002   7.4012801E-010
1.6061200E-002   6.7585798E-010
1.6818200E-002   6.1848898E-010
1.7610800E-002   5.5768401E-010
1.8440800E-002   4.9547799E-010
1.9309800E-002   4.4676601E-010
2.0219900E-002   4.0284401E-010
2.1172800E-002   3.6864900E-010
2.2170700E-002   3.3240599E-010
2.3215500E-002   2.9532801E-010
 28
 1   2   3   4
 xy
 100
1.0133900E-003   9.9308200E-008
1.0611500E-003   9.4756200E-008
1.1111700E-003   9.0685200E-008
1.1635300E-003   8.6371800E-008
1.2183700E-003   8.2176800E-008
1.2757900E-003   7.8316000E-008
1.3359100E-003   7.4326200E-008
1.3988700E-003   7.0549800E-008
1.4648000E-003   6.7002400E-008
1.5338400E-003   6.3440300E-008
1.6061200E-003   5.9915100E-008
1.6818200E-003   5.6717800E-008
1.7610800E-003   5.3339900E-008
1.8440800E-003   5.0230200E-008
1.9309800E-003   4.7425800E-008
2.0219900E-003   4.4358700E-008
2.1172800E-003   4.1678100E-008
2.2170700E-003   3.9174600E-008
2.3215500E-003   3.6562600E-008
2.4309700E-003   3.4250500E-008
2.5455300E-003   3.1835500E-008
2.6655000E-003   2.9750500E-008
2.7911200E-003   2.7675100E-008
2.9226600E-003   2.5767800E-008
3.0604000E-003   2.3932700E-008
3.2046400E-003   2.2327351E-008
3.3556700E-003   2.0543400E-008
3.5138100E-003   1.8775800E-008
3.6794100E-003   1.7489200E-008
3.8528200E-003   1.6017600E-008
4.0344000E-003   1.4794600E-008
4.2245300E-003   1.3557400E-008
4.4236300E-003   1.2448600E-008
4.6321100E-003   1.1402600E-008
4.8504100E-003   1.0401400E-008
5.0790100E-003   9.6022900E-009
5.3183700E-003   8.7887300E-009
5.5690200E-003   7.9457854E-009
5.8314800E-003   7.1178500E-009
6.1063100E-003   6.4208100E-009
6.3940900E-003   5.8282300E-009
6.6954300E-003   5.1986531E-009
7.0109800E-003   4.6783191E-009
7.3414000E-003   4.1643600E-009
7.6873900E-003   3.7223200E-009
8.0496800E-003   3.3598180E-009
8.4290500E-003   3.0083660E-009
8.8263000E-003   2.6727991E-009
9.2422700E-003   2.4100300E-009
9.6778500E-003   2.0788209E-009
1.0133900E-002   1.8744470E-009
1.0611500E-002   1.6409230E-009
1.1111700E-002   1.4796000E-009
1.1635300E-002   1.2952680E-009
1.2183700E-002   1.1679270E-009
1.2757900E-002   1.0376510E-009
1.3359100E-002   9.3563701E-010
1.3988700E-002   8.3127200E-010
1.4648000E-002   7.3854800E-010
1.5338400E-002   6.5616701E-010
1.6061200E-002   5.8297500E-010
1.6818200E-002   5.1794702E-010
1.7610800E-002   4.6017301E-010
1.8440800E-002   4.0884299E-010
1.9309800E-002   3.6323899E-010
2.0219900E-002   3.2272199E-010
2.1172800E-002   2.8672401E-010
2.2170700E-002   2.5523000E-010
2.3215500E-002   2.2632600E-010
 29
 1   2   3   4
 xy
 100
1.0133900E-003   9.8993100E-008
1.0611500E-003   9.4449700E-008
1.1111700E-003   9.0508500E-008
1.1635300E-003   8.6004800E-008
1.2183700E-003   8.1476300E-008
1.2757900E-003   7.7565700E-008
1.3359100E-003   7.3888000E-008
1.3988700E-003   7.0549600E-008
1.4648000E-003   6.6515100E-008
1.5338400E-003   6.3151600E-008
1.6061200E-003   5.9904200E-008
1.6818200E-003   5.6672000E-008
1.7610800E-003   5.3265000E-008
1.8440800E-003   4.9984700E-008
1.9309800E-003   4.6791300E-008
2.0219900E-003   4.4522600E-008
2.1172800E-003   4.1686000E-008
2.2170700E-003   3.9192000E-008
2.3215500E-003   3.6709400E-008
2.4309700E-003   3.3977300E-008
2.5455300E-003   3.1845700E-008
2.6655000E-003   2.9909500E-008
2.7911200E-003   2.7778300E-008
2.9226600E-003   2.6362800E-008
3.0604000E-003   2.4147800E-008
3.2046400E-003   2.2134300E-008
3.3556700E-003   2.0741800E-008
3.5138100E-003   1.9431700E-008
3.6794100E-003   1.7802378E-008
3.8528200E-003   1.6646400E-008
4.0344000E-003   1.5218000E-008
4.2245300E-003   1.3726200E-008
4.4236300E-003   1.2760300E-008
4.6321100E-003   1.1537500E-008
4.8504100E-003   1.0660200E-008
5.0790100E-003   9.8635000E-009
5.3183700E-003   8.6762200E-009
5.5690200E-003   8.0293400E-009
5.8314800E-003   7.2882300E-009
6.1063100E-003   6.6524000E-009
6.3940900E-003   6.0294300E-009
6.6954300E-003   5.5679830E-009
7.0109800E-003   5.0986708E-009
7.3414000E-003   4.6505600E-009
7.6873900E-003   4.1796300E-009
8.0496800E-003   3.6727200E-009
8.4290500E-003   3.3411851E-009
8.8263000E-003   2.9599689E-009
9.2422700E-003   2.7019860E-009
9.6778500E-003   2.4219120E-009
1.0133900E-002   2.2108251E-009
1.0611500E-002   1.9886359E-009
1.1111700E-002   1.7441510E-009
1.1635300E-002   1.6168430E-009
1.2183700E-002   1.4578870E-009
1.2757900E-002   1.3027210E-009
1.3359100E-002   1.1465840E-009
1.3988700E-002   1.0224230E-009
1.4648000E-002   9.0837798E-010
1.5338400E-002   8.1907298E-010
1.6061200E-002   7.1703099E-010
1.6818200E-002   6.5616701E-010
1.7610800E-002   5.9165800E-010
1.8440800E-002   5.2566201E-010
1.9309800E-002   4.7398302E-010
2.0219900E-002   4.2738399E-010
2.1172800E-002   3.7414000E-010
2.2170700E-002   3.3735700E-010
2.3215500E-002   2.9532801E-010
 30
 1   2   3   4
 xy
 100
1.0133900E-003   9.8138100E-008
1.0611500E-003   9.4293500E-008
1.1111700E-003   8.9971100E-008
1.1635300E-003   8.6040000E-008
1.2183700E-003   8.2721500E-008
1.2757900E-003   7.8271900E-008
1.3359100E-003   7.4041600E-008
1.3988700E-003   7.0654400E-008
1.4648000E-003   6.6801200E-008
1.5338400E-003   6.3174200E-008
1.6061200E-003   5.9681800E-008
1.6818200E-003   5.6536300E-008
1.7610800E-003   5.3692900E-008
1.8440800E-003   5.0410100E-008
1.9309800E-003   4.7321200E-008
2.0219900E-003   4.4611700E-008
2.1172800E-003   4.1931000E-008
2.2170700E-003   3.9270400E-008
2.3215500E-003   3.7081200E-008
2.4309700E-003   3.4418300E-008
2.5455300E-003   3.1952100E-008
2.6655000E-003   3.0252900E-008
2.7911200E-003   2.7993800E-008
2.9226600E-003   2.6187900E-008
3.0604000E-003   2.4553600E-008
3.2046400E-003   2.2813900E-008
3.3556700E-003   2.1131600E-008
3.5138100E-003   1.9417100E-008
3.6794100E-003   1.8089600E-008
3.8528200E-003   1.6485700E-008
4.0344000E-003   1.5343400E-008
4.2245300E-003   1.4079400E-008
4.4236300E-003   1.2974000E-008
4.6321100E-003   1.2016800E-008
4.8504100E-003   1.0972800E-008
5.0790100E-003   9.8405200E-009
5.3183700E-003   9.2266400E-009
5.5690200E-003   8.2125800E-009
5.8314800E-003   7.5143700E-009
6.1063100E-003   6.8751600E-009
6.3940900E-003   6.3784900E-009
6.6954300E-003   5.7028500E-009
7.0109800E-003   5.0763200E-009
7.3414000E-003   4.6646500E-009
7.6873900E-003   4.2628789E-009
8.0496800E-003   3.8106300E-009
8.4290500E-003   3.4696399E-009
8.8263000E-003   3.0883851E-009
9.2422700E-003   2.8153800E-009
9.6778500E-003   2.5118860E-009
1.0133900E-002   2.2405800E-009
1.0611500E-002   2.0549260E-009
1.1111700E-002   1.8291250E-009
1.1635300E-002   1.6519980E-009
1.2183700E-002   1.5138920E-009
1.2757900E-002   1.3672909E-009
1.3359100E-002   1.2170490E-009
1.3988700E-002   1.1153040E-009
1.4648000E-002   1.0073020E-009
1.5338400E-002   9.0768498E-010
1.6061200E-002   8.1666901E-010
1.6818200E-002   7.3477902E-010
1.7610800E-002   6.4956002E-010
1.8440800E-002   5.8442701E-010
1.9309800E-002   5.2582499E-010
2.0219900E-002   4.6484100E-010
2.1172800E-002   4.2073900E-010
2.2170700E-002   3.7450701E-010
2.3215500E-002   3.2854000E-010
 31
 1   2   3   4
 xy
 100
1.0133900E-003   9.9334400E-008
1.0611500E-003   9.5445700E-008
1.1111700E-003   9.1316800E-008
1.1635300E-003   8.7203000E-008
1.2183700E-003   8.2622600E-008
1.2757900E-003   7.8498200E-008
1.3359100E-003   7.4933900E-008
1.3988700E-003   7.1314100E-008
1.4648000E-003   6.7278800E-008
1.5338400E-003   6.4107800E-008
1.6061200E-003   6.0699700E-008
1.6818200E-003   5.7709500E-008
1.7610800E-003   5.4088700E-008
1.8440800E-003   5.1242200E-008
1.9309800E-003   4.8160500E-008
2.0219900E-003   4.5343200E-008
2.1172800E-003   4.2521600E-008
2.2170700E-003   3.9904100E-008
2.3215500E-003   3.7190900E-008
2.4309700E-003   3.4913100E-008
2.5455300E-003   3.2721600E-008
2.6655000E-003   3.0802900E-008
2.7911200E-003   2.8421800E-008
2.9226600E-003   2.6510000E-008
3.0604000E-003   2.4357000E-008
3.2046400E-003   2.2768700E-008
3.3556700E-003   2.1089300E-008
3.5138100E-003   1.9402700E-008
3.6794100E-003   1.8236100E-008
3.8528200E-003   1.6671400E-008
4.0344000E-003   1.5357400E-008
4.2245300E-003   1.4048400E-008
4.4236300E-003   1.3083600E-008
4.6321100E-003   1.2117200E-008
4.8504100E-003   1.1011200E-008
5.0790100E-003   9.9151400E-009
5.3183700E-003   9.1701400E-009
5.5690200E-003   8.2819800E-009
5.8314800E-003   7.5657400E-009
6.1063100E-003   6.7957700E-009
6.3940900E-003   6.2536200E-009
6.6954300E-003   5.6375100E-009
7.0109800E-003   5.1366700E-009
7.3414000E-003   4.6689800E-009
7.6873900E-003   4.2007509E-009
8.0496800E-003   3.6841441E-009
8.4290500E-003   3.3411851E-009
8.8263000E-003   2.9819100E-009
9.2422700E-003   2.6531530E-009
9.6778500E-003   2.3293000E-009
1.0133900E-002   2.0850439E-009
1.0611500E-002   1.8291250E-009
1.1111700E-002   1.6512840E-009
1.1635300E-002   1.4704710E-009
1.2183700E-002   1.3229300E-009
1.2757900E-002   1.2110670E-009
1.3359100E-002   1.0991940E-009
1.3988700E-002   9.9275099E-010
1.4648000E-002   8.8366497E-010
1.5338400E-002   8.0979101E-010
1.6061200E-002   7.3137302E-010
1.6818200E-002   6.5100803E-010
1.7610800E-002   5.8442701E-010
1.8440800E-002   5.1664600E-010
1.9309800E-002   4.5672599E-010
2.0219900E-002   4.0375600E-010
2.1172800E-002   3.5692899E-010
2.2170700E-002   3.2113801E-010
2.3215500E-002   2.8389299E-010
 32
 1   2   3   4
 xy
 100
1.0133900E-003   9.8843300E-008
1.0611500E-003   9.4403800E-008
1.1111700E-003   9.0671500E-008
1.1635300E-003   8.7016300E-008
1.2183700E-003   8.3062500E-008
1.2757900E-003   7.9406100E-008
1.3359100E-003   7.5435200E-008
1.3988700E-003   7.1480600E-008
1.4648000E-003   6.8331100E-008
1.5338400E-003   6.4794800E-008
1.6061200E-003   6.2143300E-008
1.6818200E-003   5.8561700E-008
1.7610800E-003   5.5004800E-008
1.8440800E-003   5.1644400E-008
1.9309800E-003   4.8775200E-008
2.0219900E-003   4.5335000E-008
2.1172800E-003   4.2643600E-008
2.2170700E-003   4.0311000E-008
2.3215500E-003   3.7965500E-008
2.4309700E-003   3.5491700E-008
2.5455300E-003   3.3380600E-008
2.6655000E-003   3.1377700E-008
2.7911200E-003   2.9076300E-008
2.9226600E-003   2.7010600E-008
3.0604000E-003   2.5159203E-008
3.2046400E-003   2.3192600E-008
3.3556700E-003   2.1630700E-008
3.5138100E-003   2.0097215E-008
3.6794100E-003   1.8448871E-008
3.8528200E-003   1.6755521E-008
4.0344000E-003   1.5464000E-008
4.2245300E-003   1.4143300E-008
4.4236300E-003   1.3101031E-008
4.6321100E-003   1.2155844E-008
4.8504100E-003   1.1158840E-008
5.0790100E-003   1.0134614E-008
5.3183700E-003   9.4034434E-009
5.5690200E-003   8.7327600E-009
5.8314800E-003   8.0094091E-009
6.1063100E-003   7.2344570E-009
6.3940900E-003   6.5149000E-009
6.6954300E-003   5.9363452E-009
7.0109800E-003   5.3058198E-009
7.3414000E-003   4.7929620E-009
7.6873900E-003   4.3530339E-009
8.0496800E-003   3.9534860E-009
8.4290500E-003   3.5727000E-009
8.8263000E-003   3.2376700E-009
9.2422700E-003   2.9302110E-009
9.6778500E-003   2.6329421E-009
1.0133900E-002   2.2929580E-009
1.0611500E-002   2.0552811E-009
1.1111700E-002   1.8301450E-009
1.1635300E-002   1.6269800E-009
1.2183700E-002   1.4619230E-009
1.2757900E-002   1.3266990E-009
1.3359100E-002   1.1930400E-009
1.3988700E-002   1.0606001E-009
1.4648000E-002   9.4286201E-010
1.5338400E-002   8.2927598E-010
1.6061200E-002   7.2161299E-010
1.6818200E-002   6.4150601E-010
1.7610800E-002   5.7029198E-010
1.8440800E-002   5.0158899E-010
1.9309800E-002   4.3182499E-010
2.0219900E-002   3.7176401E-010
2.1172800E-002   3.2787200E-010
2.2170700E-002   2.8669900E-010
2.3215500E-002   2.4329799E-010
 33
 1   2   3   4
 xy
 100
1.0133900E-003   1.0013900E-007
1.0611500E-003   9.6027100E-008
1.1111700E-003   9.1765100E-008
1.1635300E-003   8.7710800E-008
1.2183700E-003   8.3796900E-008
1.2757900E-003   7.9930100E-008
1.3359100E-003   7.6074000E-008
1.3988700E-003   7.2383000E-008
1.4648000E-003   6.8823900E-008
1.5338400E-003   6.5399300E-008
1.6061200E-003   6.2144400E-008
1.6818200E-003   5.8692500E-008
1.7610800E-003   5.5597800E-008
1.8440800E-003   5.2494000E-008
1.9309800E-003   4.9364200E-008
2.0219900E-003   4.6660600E-008
2.1172800E-003   4.3836400E-008
2.2170700E-003   4.1301300E-008
2.3215500E-003   3.8663300E-008
2.4309700E-003   3.6053400E-008
2.5455300E-003   3.3361600E-008
2.6655000E-003   3.1213700E-008
2.7911200E-003   2.9150600E-008
2.9226600E-003   2.7326100E-008
3.0604000E-003   2.5842500E-008
3.2046400E-003   2.4000400E-008
3.3556700E-003   2.2107500E-008
3.5138100E-003   2.0268700E-008
3.6794100E-003   1.8841400E-008
3.8528200E-003   1.7389000E-008
4.0344000E-003   1.6017285E-008
4.2245300E-003   1.4880500E-008
4.4236300E-003   1.3509564E-008
4.6321100E-003   1.2513741E-008
4.8504100E-003   1.1305700E-008
5.0790100E-003   1.0418898E-008
5.3183700E-003   9.5108170E-009
5.5690200E-003   8.6271434E-009
5.8314800E-003   7.8684600E-009
6.1063100E-003   7.2344570E-009
6.3940900E-003   6.6351800E-009
6.6954300E-003   6.1392988E-009
7.0109800E-003   5.6930420E-009
7.3414000E-003   5.2099280E-009
7.6873900E-003   4.7558451E-009
8.0496800E-003   4.2628789E-009
8.4290500E-003   3.8399279E-009
8.8263000E-003   3.4799070E-009
9.2422700E-003   3.0518319E-009
9.6778500E-003   2.7356131E-009
1.0133900E-002   2.4521589E-009
1.0611500E-002   2.1980759E-009
1.1111700E-002   1.9816631E-009
1.1635300E-002   1.8027030E-009
1.2183700E-002   1.6181770E-009
1.2757900E-002   1.4801200E-009
1.3359100E-002   1.3266990E-009
1.3988700E-002   1.1676879E-009
1.4648000E-002   1.0676670E-009
1.5338400E-002   9.5034902E-010
1.6061200E-002   8.4592200E-010
1.6818200E-002   7.5375101E-010
1.7610800E-002   6.8191303E-010
1.8440800E-002   6.1420002E-010
1.9309800E-002   5.4791999E-010
2.0219900E-002   4.8580401E-010
2.1172800E-002   4.4025600E-010
2.2170700E-002   3.9034501E-010
2.3215500E-002   3.4232800E-010
 34
 1   2   3   4
 xy
 100
1.0133900E-003   1.0053500E-007
1.0611500E-003   9.6099100E-008
1.1111700E-003   9.2658700E-008
1.1635300E-003   8.8923300E-008
1.2183700E-003   8.4651400E-008
1.2757900E-003   8.0845400E-008
1.3359100E-003   7.6952000E-008
1.3988700E-003   7.3280100E-008
1.4648000E-003   6.9566200E-008
1.5338400E-003   6.6041900E-008
1.6061200E-003   6.2641700E-008
1.6818200E-003   5.9706700E-008
1.7610800E-003   5.6060500E-008
1.8440800E-003   5.3017000E-008
1.9309800E-003   5.0042100E-008
2.0219900E-003   4.7334800E-008
2.1172800E-003   4.4447400E-008
2.2170700E-003   4.1782100E-008
2.3215500E-003   3.9220900E-008
2.4309700E-003   3.6720000E-008
2.5455300E-003   3.4327100E-008
2.6655000E-003   3.1991400E-008
2.7911200E-003   2.9795600E-008
2.9226600E-003   2.8046600E-008
3.0604000E-003   2.5716800E-008
3.2046400E-003   2.3975200E-008
3.3556700E-003   2.2290000E-008
3.5138100E-003   2.0719400E-008
3.6794100E-003   1.8945600E-008
3.8528200E-003   1.7664000E-008
4.0344000E-003   1.6375600E-008
4.2245300E-003   1.4971500E-008
4.4236300E-003   1.3697200E-008
4.6321100E-003   1.2433800E-008
4.8504100E-003   1.1571500E-008
5.0790100E-003   1.0682700E-008
5.3183700E-003   9.6856400E-009
5.5690200E-003   8.9102000E-009
5.8314800E-003   8.0298200E-009
6.1063100E-003   7.3926700E-009
6.3940900E-003   6.6764300E-009
6.6954300E-003   6.0904800E-009
7.0109800E-003   5.4452500E-009
7.3414000E-003   4.9695300E-009
7.6873900E-003   4.6186200E-009
8.0496800E-003   4.1858361E-009
8.4290500E-003   3.7602500E-009
8.8263000E-003   3.2874400E-009
9.2422700E-003   2.9599689E-009
9.6778500E-003   2.6667900E-009
1.0133900E-002   2.3412500E-009
1.0611500E-002   2.0928600E-009
1.1111700E-002   1.8831350E-009
1.1635300E-002   1.6661200E-009
1.2183700E-002   1.5312400E-009
1.2757900E-002   1.3672909E-009
1.3359100E-002   1.2041800E-009
1.3988700E-002   1.0824720E-009
1.4648000E-002   9.5692898E-010
1.5338400E-002   8.7627100E-010
1.6061200E-002   7.6112000E-010
1.6818200E-002   6.6110101E-010
1.7610800E-002   5.7110200E-010
1.8440800E-002   4.9376803E-010
1.9309800E-002   4.4595300E-010
2.0219900E-002   3.9121600E-010
2.1172800E-002   3.5069800E-010
2.2170700E-002   3.1553199E-010
2.3215500E-002   2.7406799E-010
 35
 1   2   3   4
 xy
 100
1.0133900E-003   1.0235100E-007
1.0611500E-003   9.8083000E-008
1.1111700E-003   9.4396200E-008
1.1635300E-003   9.0369300E-008
1.2183700E-003   8.6196000E-008
1.2757900E-003   8.2561900E-008
1.3359100E-003   7.8554300E-008
1.3988700E-003   7.4691500E-008
1.4648000E-003   7.1129200E-008
1.5338400E-003   6.7677000E-008
1.6061200E-003   6.3966800E-008
1.6818200E-003   6.0577800E-008
1.7610800E-003   5.7435400E-008
1.8440800E-003   5.4349300E-008
1.9309800E-003   5.1079600E-008
2.0219900E-003   4.8124300E-008
2.1172800E-003   4.5367300E-008
2.2170700E-003   4.2515800E-008
2.3215500E-003   3.9913300E-008
2.4309700E-003   3.7597200E-008
2.5455300E-003   3.4945000E-008
2.6655000E-003   3.2712800E-008
2.7911200E-003   3.0491100E-008
2.9226600E-003   2.8496400E-008
3.0604000E-003   2.6441800E-008
3.2046400E-003   2.4530600E-008
3.3556700E-003   2.2745300E-008
3.5138100E-003   2.1023700E-008
3.6794100E-003   1.9679300E-008
3.8528200E-003   1.8072900E-008
4.0344000E-003   1.6601800E-008
4.2245300E-003   1.5452600E-008
4.4236300E-003   1.4177500E-008
4.6321100E-003   1.2878700E-008
4.8504100E-003   1.1857200E-008
5.0790100E-003   1.0783000E-008
5.3183700E-003   9.7568700E-009
5.5690200E-003   8.8842900E-009
5.8314800E-003   8.1828800E-009
6.1063100E-003   7.4164000E-009
6.3940900E-003   6.7561900E-009
6.6954300E-003   6.0466600E-009
7.0109800E-003   5.5451500E-009
7.3414000E-003   4.9933700E-009
7.6873900E-003   4.5615600E-009
8.0496800E-003   4.1091600E-009
8.4290500E-003   3.6562500E-009
8.8263000E-003   3.3639000E-009
9.2422700E-003   3.0253700E-009
9.6778500E-003   2.7019860E-009
1.0133900E-002   2.4219120E-009
1.0611500E-002   2.0931099E-009
1.1111700E-002   1.8693700E-009
1.1635300E-002   1.6983700E-009
1.2183700E-002   1.5360800E-009
1.2757900E-002   1.4013110E-009
1.3359100E-002   1.2333580E-009
1.3988700E-002   1.0991940E-009
1.4648000E-002   9.9092201E-010
1.5338400E-002   8.8366497E-010
1.6061200E-002   7.9809298E-010
1.6818200E-002   7.0013501E-010
1.7610800E-002   6.3233602E-010
1.8440800E-002   5.6285299E-010
1.9309800E-002   5.0100502E-010
2.0219900E-002   4.4875301E-010
2.1172800E-002   3.9810699E-010
2.2170700E-002   3.5039199E-010
2.3215500E-002   3.0548700E-010
 36
 1   2   3   4
 xy
 100
1.0133900E-003   1.0413700E-007
1.0611500E-003   9.9881400E-008
1.1111700E-003   9.5653700E-008
1.1635300E-003   9.1750600E-008
1.2183700E-003   8.7894600E-008
1.2757900E-003   8.3969900E-008
1.3359100E-003   8.0372300E-008
1.3988700E-003   7.6581100E-008
1.4648000E-003   7.2853300E-008
1.5338400E-003   6.9089800E-008
1.6061200E-003   6.5600200E-008
1.6818200E-003   6.2084000E-008
1.7610800E-003   5.8774600E-008
1.8440800E-003   5.5656800E-008
1.9309800E-003   5.2643600E-008
2.0219900E-003   4.9479500E-008
2.1172800E-003   4.6348000E-008
2.2170700E-003   4.3824200E-008
2.3215500E-003   4.1018800E-008
2.4309700E-003   3.9194067E-008
2.5455300E-003   3.6330700E-008
2.6655000E-003   3.4027100E-008
2.7911200E-003   3.1607600E-008
2.9226600E-003   2.9550800E-008
3.0604000E-003   2.7135500E-008
3.2046400E-003   2.5461800E-008
3.3556700E-003   2.3368800E-008
3.5138100E-003   2.1701800E-008
3.6794100E-003   2.0172200E-008
3.8528200E-003   1.8627200E-008
4.0344000E-003   1.7366386E-008
4.2245300E-003   1.5875300E-008
4.4236300E-003   1.4459500E-008
4.6321100E-003   1.3336300E-008
4.8504100E-003   1.2154743E-008
5.0790100E-003   1.1117441E-008
5.3183700E-003   1.0126600E-008
5.5690200E-003   9.2590100E-009
5.8314800E-003   8.4447100E-009
6.1063100E-003   7.7238829E-009
6.3940900E-003   7.0762800E-009
6.6954300E-003   6.4374919E-009
7.0109800E-003   5.8228169E-009
7.3414000E-003   5.2520400E-009
7.6873900E-003   4.7111128E-009
8.0496800E-003   4.2575300E-009
8.4290500E-003   3.8416532E-009
8.8263000E-003   3.4136800E-009
9.2422700E-003   3.0341700E-009
9.6778500E-003   2.7865100E-009
1.0133900E-002   2.4423000E-009
1.0611500E-002   2.2071189E-009
1.1111700E-002   1.9816631E-009
1.1635300E-002   1.7762540E-009
1.2183700E-002   1.5973119E-009
1.2757900E-002   1.4271030E-009
1.3359100E-002   1.2529860E-009
1.3988700E-002   1.0833160E-009
1.4648000E-002   9.5542796E-010
1.5338400E-002   8.4598101E-010
1.6061200E-002   7.4209300E-010
1.6818200E-002   6.5100803E-010
1.7610800E-002   5.7904398E-010
1.8440800E-002   5.0834797E-010
1.9309800E-002   4.4595300E-010
2.0219900E-002   3.9121600E-010
2.1172800E-002   3.4285400E-010
2.2170700E-002   3.0667799E-010
2.3215500E-002   2.6529501E-010
 37
 1   2   3   4
 xy
 100
1.0133900E-003   1.0477600E-007
1.0611500E-003   1.0079400E-007
1.1111700E-003   9.6761100E-008
1.1635300E-003   9.2879700E-008
1.2183700E-003   8.9019900E-008
1.2757900E-003   8.5155200E-008
1.3359100E-003   8.1539500E-008
1.3988700E-003   7.7403800E-008
1.4648000E-003   7.3739500E-008
1.5338400E-003   7.0100700E-008
1.6061200E-003   6.6432000E-008
1.6818200E-003   6.2897800E-008
1.7610800E-003   5.9656100E-008
1.8440800E-003   5.6594800E-008
1.9309800E-003   5.3192000E-008
2.0219900E-003   5.0219600E-008
2.1172800E-003   4.7353100E-008
2.2170700E-003   4.4525000E-008
2.3215500E-003   4.1990300E-008
2.4309700E-003   3.9294200E-008
2.5455300E-003   3.6648600E-008
2.6655000E-003   3.4379900E-008
2.7911200E-003   3.1966300E-008
2.9226600E-003   2.9995200E-008
3.0604000E-003   2.7810500E-008
3.2046400E-003   2.5957400E-008
3.3556700E-003   2.3996600E-008
3.5138100E-003   2.2392400E-008
3.6794100E-003   2.0642400E-008
3.8528200E-003   1.9148300E-008
4.0344000E-003   1.7517900E-008
4.2245300E-003   1.6127800E-008
4.4236300E-003   1.4757700E-008
4.6321100E-003   1.3470400E-008
4.8504100E-003   1.2506500E-008
5.0790100E-003   1.1520200E-008
5.3183700E-003   1.0496210E-008
5.5690200E-003   9.5562400E-009
5.8314800E-003   8.6226500E-009
6.1063100E-003   7.9081600E-009
6.3940900E-003   7.1247972E-009
6.6954300E-003   6.4894200E-009
7.0109800E-003   5.7093000E-009
7.3414000E-003   5.1798200E-009
7.6873900E-003   4.7132600E-009
8.0496800E-003   4.2829200E-009
8.4290500E-003   3.7863500E-009
8.8263000E-003   3.5020900E-009
9.2422700E-003   3.0797600E-009
9.6778500E-003   2.7954800E-009
1.0133900E-002   2.4395300E-009
1.0611500E-002   2.2515170E-009
1.1111700E-002   2.0181361E-009
1.1635300E-002   1.8039070E-009
1.2183700E-002   1.6214400E-009
1.2757900E-002   1.4271030E-009
1.3359100E-002   1.2560590E-009
1.3988700E-002   1.1017040E-009
1.4648000E-002   9.8109200E-010
1.5338400E-002   8.7215601E-010
1.6061200E-002   7.5375101E-010
1.6818200E-002   6.6340999E-010
1.7610800E-002   5.7676800E-010
1.8440800E-002   5.0462701E-010
1.9309800E-002   4.3878400E-010
2.0219900E-002   3.9091200E-010
2.1172800E-002   3.4406000E-010
2.2170700E-002   3.1407199E-010
2.3215500E-002   2.7191899E-010
 38
 1   2   3   4
 xy
 100
1.0133900E-003   1.0521200E-007
1.0611500E-003   1.0142600E-007
1.1111700E-003   9.7501900E-008
1.1635300E-003   9.3963300E-008
1.2183700E-003   8.9822100E-008
1.2757900E-003   8.5777500E-008
1.3359100E-003   8.1950900E-008
1.3988700E-003   7.8510500E-008
1.4648000E-003   7.5006100E-008
1.5338400E-003   7.1246900E-008
1.6061200E-003   6.7432400E-008
1.6818200E-003   6.4530600E-008
1.7610800E-003   6.1256000E-008
1.8440800E-003   5.7082200E-008
1.9309800E-003   5.4419200E-008
2.0219900E-003   5.0772100E-008
2.1172800E-003   4.7772900E-008
2.2170700E-003   4.5617700E-008
2.3215500E-003   4.2614600E-008
2.4309700E-003   3.9790100E-008
2.5455300E-003   3.7536300E-008
2.6655000E-003   3.4924600E-008
2.7911200E-003   3.2869900E-008
2.9226600E-003   3.0278300E-008
3.0604000E-003   2.8430800E-008
3.2046400E-003   2.6549600E-008
3.3556700E-003   2.4374300E-008
3.5138100E-003   2.2774400E-008
3.6794100E-003   2.1109400E-008
3.8528200E-003   1.9643272E-008
4.0344000E-003   1.8086826E-008
4.2245300E-003   1.6851265E-008
4.4236300E-003   1.5154367E-008
4.6321100E-003   1.3949366E-008
4.8504100E-003   1.2690100E-008
5.0790100E-003   1.1646700E-008
5.3183700E-003   1.0757900E-008
5.5690200E-003   9.5699700E-009
5.8314800E-003   8.7922200E-009
6.1063100E-003   8.0710620E-009
6.3940900E-003   7.2588400E-009
6.6954300E-003   6.4845702E-009
7.0109800E-003   5.9193939E-009
7.3414000E-003   5.4448300E-009
7.6873900E-003   5.0103600E-009
8.0496800E-003   4.5874131E-009
8.4290500E-003   4.1101851E-009
8.8263000E-003   3.6807910E-009
9.2422700E-003   3.2713330E-009
9.6778500E-003   2.8781800E-009
1.0133900E-002   2.5581190E-009
1.0611500E-002   2.2752551E-009
1.1111700E-002   2.0410760E-009
1.1635300E-002   1.8355421E-009
1.2183700E-002   1.6313531E-009
1.2757900E-002   1.4498790E-009
1.3359100E-002   1.2885910E-009
1.3988700E-002   1.1465840E-009
1.4648000E-002   1.0059140E-009
1.5338400E-002   8.8820801E-010
1.6061200E-002   7.8524698E-010
1.6818200E-002   6.9789502E-010
1.7610800E-002   6.2026001E-010
1.8440800E-002   5.5779997E-010
1.9309800E-002   4.8419402E-010
2.0219900E-002   4.3543599E-010
2.1172800E-002   3.8246001E-010
2.2170700E-002   3.3593001E-010
2.3215500E-002   3.0210201E-010
 39
 1   2   3   4
 xy
 100
1.0133900E-003   1.0547500E-007
1.0611500E-003   1.0160400E-007
1.1111700E-003   9.7845400E-008
1.1635300E-003   9.3638800E-008
1.2183700E-003   8.9885900E-008
1.2757900E-003   8.6806400E-008
1.3359100E-003   8.2368400E-008
1.3988700E-003   7.8542100E-008
1.4648000E-003   7.4987600E-008
1.5338400E-003   7.1398700E-008
1.6061200E-003   6.7799500E-008
1.6818200E-003   6.4519500E-008
1.7610800E-003   6.1167400E-008
1.8440800E-003   5.7958300E-008
1.9309800E-003   5.4789900E-008
2.0219900E-003   5.1357700E-008
2.1172800E-003   4.8511100E-008
2.2170700E-003   4.5678600E-008
2.3215500E-003   4.3074000E-008
2.4309700E-003   4.0043000E-008
2.5455300E-003   3.7670100E-008
2.6655000E-003   3.4864200E-008
2.7911200E-003   3.2941300E-008
2.9226600E-003   3.0585504E-008
3.0604000E-003   2.8475500E-008
3.2046400E-003   2.6722500E-008
3.3556700E-003   2.4598700E-008
3.5138100E-003   2.2834300E-008
3.6794100E-003   2.1277756E-008
3.8528200E-003   1.9429000E-008
4.0344000E-003   1.8042600E-008
4.2245300E-003   1.6483600E-008
4.4236300E-003   1.5284140E-008
4.6321100E-003   1.3851900E-008
4.8504100E-003   1.2864700E-008
5.0790100E-003   1.1788800E-008
5.3183700E-003   1.0746974E-008
5.5690200E-003   9.7627302E-009
5.8314800E-003   8.9359200E-009
6.1063100E-003   8.0760900E-009
6.3940900E-003   7.2849800E-009
6.6954300E-003   6.6483130E-009
7.0109800E-003   6.0394378E-009
7.3414000E-003   5.4863261E-009
7.6873900E-003   4.9455200E-009
8.0496800E-003   4.4547100E-009
8.4290500E-003   3.9831969E-009
8.8263000E-003   3.5791400E-009
9.2422700E-003   3.1927400E-009
9.6778500E-003   2.8759500E-009
1.0133900E-002   2.6136300E-009
1.0611500E-002   2.3367310E-009
1.1111700E-002   2.0715250E-009
1.1635300E-002   1.8770849E-009
1.2183700E-002   1.6823700E-009
1.2757900E-002   1.5078530E-009
1.3359100E-002   1.3221610E-009
1.3988700E-002   1.1850090E-009
1.4648000E-002   1.0620850E-009
1.5338400E-002   9.5191199E-010
1.6061200E-002   8.4387503E-010
1.6818200E-002   7.4810003E-010
1.7610800E-002   6.7049699E-010
1.8440800E-002   5.9439997E-010
1.9309800E-002   5.3274102E-010
2.0219900E-002   4.7227799E-010
2.1172800E-002   4.2328699E-010
2.2170700E-002   3.7524600E-010
2.3215500E-002   3.3265801E-010
 40
 1   2   3   4
 xy
 100
1.0133900E-003   1.0451900E-007
1.0611500E-003   1.0051600E-007
1.1111700E-003   9.6936200E-008
1.1635300E-003   9.2903900E-008
1.2183700E-003   8.9344600E-008
1.2757900E-003   8.5736900E-008
1.3359100E-003   8.2086800E-008
1.3988700E-003   7.8143500E-008
1.4648000E-003   7.4764100E-008
1.5338400E-003   7.1177400E-008
1.6061200E-003   6.7402800E-008
1.6818200E-003   6.4262800E-008
1.7610800E-003   6.1102800E-008
1.8440800E-003   5.7835500E-008
1.9309800E-003   5.4285700E-008
2.0219900E-003   5.1524400E-008
2.1172800E-003   4.8691500E-008
2.2170700E-003   4.5859100E-008
2.3215500E-003   4.2421600E-008
2.4309700E-003   4.0391400E-008
2.5455300E-003   3.7698900E-008
2.6655000E-003   3.5059900E-008
2.7911200E-003   3.3045400E-008
2.9226600E-003   3.1141100E-008
3.0604000E-003   2.8845500E-008
3.2046400E-003   2.6689100E-008
3.3556700E-003   2.4329200E-008
3.5138100E-003   2.2810600E-008
3.6794100E-003   2.1102600E-008
3.8528200E-003   1.9021900E-008
4.0344000E-003   1.7842400E-008
4.2245300E-003   1.6377800E-008
4.4236300E-003   1.5105800E-008
4.6321100E-003   1.3799400E-008
4.8504100E-003   1.2829900E-008
5.0790100E-003   1.1665990E-008
5.3183700E-003   1.0680900E-008
5.5690200E-003   9.9317700E-009
5.8314800E-003   9.0645438E-009
6.1063100E-003   8.1584900E-009
6.3940900E-003   7.3802120E-009
6.6954300E-003   6.7581509E-009
7.0109800E-003   5.9743499E-009
7.3414000E-003   5.3752851E-009
7.6873900E-003   4.7058200E-009
8.0496800E-003   4.1921120E-009
8.4290500E-003   3.8356200E-009
8.8263000E-003   3.3439600E-009
9.2422700E-003   3.0061560E-009
9.6778500E-003   2.7019860E-009
1.0133900E-002   2.4064000E-009
1.0611500E-002   2.1512749E-009
1.1111700E-002   1.9017730E-009
1.1635300E-002   1.7110769E-009
1.2183700E-002   1.4890400E-009
1.2757900E-002   1.3266990E-009
1.3359100E-002   1.1676879E-009
1.3988700E-002   1.0370450E-009
1.4648000E-002   9.3662100E-010
1.5338400E-002   8.2571799E-010
1.6061200E-002   7.1361700E-010
1.6818200E-002   6.3233602E-010
1.7610800E-002   5.7110200E-010
1.8440800E-002   5.0834797E-010
1.9309800E-002   4.5248899E-010
2.0219900E-002   4.1466100E-010
2.1172800E-002   3.6376499E-010
2.2170700E-002   3.2379399E-010
2.3215500E-002   2.8821401E-010
 41
 1   2   3   4
 xy
 100
1.0133900E-003   1.0383200E-007
1.0611500E-003   1.0012800E-007
1.1111700E-003   9.5943700E-008
1.1635300E-003   9.1670100E-008
1.2183700E-003   8.8508500E-008
1.2757900E-003   8.5211300E-008
1.3359100E-003   8.1368600E-008
1.3988700E-003   7.8208600E-008
1.4648000E-003   7.4114600E-008
1.5338400E-003   7.0970700E-008
1.6061200E-003   6.7541500E-008
1.6818200E-003   6.4891600E-008
1.7610800E-003   6.0920100E-008
1.8440800E-003   5.7719500E-008
1.9309800E-003   5.4484400E-008
2.0219900E-003   5.1221600E-008
2.1172800E-003   4.8268300E-008
2.2170700E-003   4.5133200E-008
2.3215500E-003   4.2954200E-008
2.4309700E-003   4.0330500E-008
2.5455300E-003   3.7707700E-008
2.6655000E-003   3.5361700E-008
2.7911200E-003   3.3319000E-008
2.9226600E-003   3.1063100E-008
3.0604000E-003   2.8434300E-008
3.2046400E-003   2.6322500E-008
3.3556700E-003   2.4685800E-008
3.5138100E-003   2.2904100E-008
3.6794100E-003   2.1275100E-008
3.8528200E-003   1.9559000E-008
4.0344000E-003   1.7842600E-008
4.2245300E-003   1.6077400E-008
4.4236300E-003   1.5201200E-008
4.6321100E-003   1.4388100E-008
4.8504100E-003   1.2911700E-008
5.0790100E-003   1.1802200E-008
5.3183700E-003   1.0558000E-008
5.5690200E-003   9.8396700E-009
5.8314800E-003   8.8974300E-009
6.1063100E-003   8.0026500E-009
6.3940900E-003   7.2513799E-009
6.6954300E-003   6.5242638E-009
7.0109800E-003   5.8700591E-009
7.3414000E-003   5.3998000E-009
7.6873900E-003   4.8362909E-009
8.0496800E-003   4.3334100E-009
8.4290500E-003   3.7795309E-009
8.8263000E-003   3.4340700E-009
9.2422700E-003   3.1022900E-009
9.6778500E-003   2.8358100E-009
1.0133900E-002   2.5655340E-009
1.0611500E-002   2.2283959E-009
1.1111700E-002   2.0405699E-009
1.1635300E-002   1.8089470E-009
1.2183700E-002   1.6512840E-009
1.2757900E-002   1.4533700E-009
1.3359100E-002   1.3124050E-009
1.3988700E-002   1.1212780E-009
1.4648000E-002   9.9092201E-010
1.5338400E-002   8.7215601E-010
1.6061200E-002   7.8175300E-010
1.6818200E-002   7.2187401E-010
1.7610800E-002   6.4956002E-010
1.8440800E-002   5.8442701E-010
1.9309800E-002   5.1664600E-010
2.0219900E-002   4.5672599E-010
2.1172800E-002   4.0375600E-010
2.2170700E-002   3.6327000E-010
2.3215500E-002   3.2684400E-010
