 41
 Wed Sep 04 11:11:23 2019
 1
 1   2   3   4
 xy
 100
1.0133900E-003   1.1885022E-007
1.0611500E-003   1.1220185E-007
1.1111700E-003   1.0592537E-007
1.1635300E-003   1.0000000E-007
1.2183700E-003   9.5268071E-008
1.2757900E-003   8.9226745E-008
1.3359100E-003   8.3328217E-008
1.3988700E-003   7.6596784E-008
1.4648000E-003   7.2059500E-008
1.5338400E-003   6.5431891E-008
1.6061200E-003   6.0558932E-008
1.6818200E-003   5.5894414E-008
1.7610800E-003   5.1246300E-008
1.8440800E-003   4.7191200E-008
1.9309800E-003   4.4082700E-008
2.0219900E-003   4.1028606E-008
2.1172800E-003   3.7018690E-008
2.2170700E-003   3.4603342E-008
2.3215500E-003   3.1264356E-008
2.4309700E-003   2.8700850E-008
2.5455300E-003   2.6652785E-008
2.6655000E-003   2.4517359E-008
2.7911200E-003   2.2251967E-008
2.9226600E-003   2.0531219E-008
3.0604000E-003   1.8933362E-008
3.2046400E-003   1.7657548E-008
3.3556700E-003   1.6512841E-008
3.5138100E-003   1.5378117E-008
3.6794100E-003   1.4401769E-008
3.8528200E-003   1.3146553E-008
4.0344000E-003   1.2112106E-008
4.2245300E-003   1.1207402E-008
4.4236300E-003   1.0466512E-008
4.6321100E-003   9.7745998E-009
4.8504100E-003   8.9226742E-009
5.0790100E-003   8.1450002E-009
5.3183700E-003   7.4351050E-009
5.5690200E-003   6.8810300E-009
5.8314800E-003   6.1955410E-009
6.1063100E-003   5.6555551E-009
6.3940900E-003   5.0698188E-009
6.6954300E-003   4.7286290E-009
7.0109800E-003   4.2891890E-009
7.3414000E-003   3.8351629E-009
7.6873900E-003   3.5486520E-009
8.0496800E-003   3.2275711E-009
8.4290500E-003   2.8821441E-009
8.8263000E-003   2.5773150E-009
9.2422700E-003   2.3172000E-009
9.6778500E-003   2.1090529E-009
1.0133900E-002   1.8939661E-009
1.0611500E-002   1.7008140E-009
1.1111700E-002   1.5472960E-009
1.1635300E-002   1.4025530E-009
1.2183700E-002   1.2575520E-009
1.2757900E-002   1.1275419E-009
1.3359100E-002   1.0220650E-009
1.3988700E-002   9.1640001E-010
1.4648000E-002   8.1274198E-010
1.5338400E-002   7.2871797E-010
1.6061200E-002   6.5338002E-010
1.6818200E-002   5.7947303E-010
1.7610800E-002   5.1392601E-010
1.8440800E-002   4.6585003E-010
1.9309800E-002   4.2421500E-010
2.0219900E-002   3.8349199E-010
2.1172800E-002   3.4326700E-010
2.2170700E-002   3.0878400E-010
2.3215500E-002   2.7776501E-010
 2
 1   2   3   4
 xy
 100
1.0133900E-003   1.1311945E-007
1.0611500E-003   1.0662881E-007
1.1111700E-003   9.8935978E-008
1.1635300E-003   9.3783285E-008
1.2183700E-003   8.7953040E-008
1.2757900E-003   8.2389143E-008
1.3359100E-003   7.7357377E-008
1.3988700E-003   7.2548289E-008
1.4648000E-003   6.7314225E-008
1.5338400E-003   6.3129491E-008
1.6061200E-003   5.8574955E-008
1.6818200E-003   5.4313933E-008
1.7610800E-003   5.0875521E-008
1.8440800E-003   4.8177053E-008
1.9309800E-003   4.4746255E-008
2.0219900E-003   4.2270315E-008
2.1172800E-003   3.8740541E-008
2.2170700E-003   3.6685719E-008
2.3215500E-003   3.3583998E-008
2.4309700E-003   3.1161051E-008
2.5455300E-003   2.9223855E-008
2.6655000E-003   2.7267390E-008
2.7911200E-003   2.5429781E-008
2.9226600E-003   2.3848884E-008
3.0604000E-003   2.2128283E-008
3.2046400E-003   2.0531818E-008
3.3556700E-003   1.9255413E-008
3.5138100E-003   1.8089466E-008
3.6794100E-003   1.6893623E-008
3.8528200E-003   1.5427100E-008
4.0344000E-003   1.4401769E-008
4.2245300E-003   1.3146553E-008
4.4236300E-003   1.2113000E-008
4.6321100E-003   1.1207402E-008
4.8504100E-003   1.0264097E-008
5.0790100E-003   9.2644400E-009
5.3183700E-003   8.4781648E-009
5.5690200E-003   7.6065572E-009
5.8314800E-003   7.1037092E-009
6.1063100E-003   6.5242638E-009
6.3940900E-003   5.8700591E-009
6.6954300E-003   5.4034772E-009
7.0109800E-003   4.9469739E-009
7.3414000E-003   4.4571431E-009
7.6873900E-003   4.0158139E-009
8.0496800E-003   3.5847221E-009
8.4290500E-003   3.2722880E-009
8.8263000E-003   2.9197560E-009
9.2422700E-003   2.6052029E-009
9.6778500E-003   2.3781410E-009
1.0133900E-002   2.1387010E-009
1.0611500E-002   1.9306980E-009
1.1111700E-002   1.7681731E-009
1.1635300E-002   1.5776830E-009
1.2183700E-002   1.3951190E-009
1.2757900E-002   1.2683830E-009
1.3359100E-002   1.1212780E-009
1.3988700E-002   9.9999997E-010
1.4648000E-002   8.8546198E-010
1.5338400E-002   7.9778700E-010
1.6061200E-002   7.1773198E-010
1.6818200E-002   6.5081801E-010
1.7610800E-002   5.9014199E-010
1.8440800E-002   5.4097299E-010
1.9309800E-002   4.9053800E-010
2.0219900E-002   4.4480500E-010
2.1172800E-002   4.0333600E-010
2.2170700E-002   3.6177800E-010
2.3215500E-002   3.2804900E-010
 3
 1   2   3   4
 xy
 100
1.0133900E-003   1.1730241E-007
1.0611500E-003   1.0954788E-007
1.1111700E-003   1.0569815E-007
1.1635300E-003   1.0111451E-007
1.2183700E-003   9.5663459E-008
1.2757900E-003   8.9226745E-008
1.3359100E-003   8.3328217E-008
1.3988700E-003   7.8331600E-008
1.4648000E-003   7.4137184E-008
1.5338400E-003   6.8602787E-008
1.6061200E-003   6.3481536E-008
1.6818200E-003   5.9397276E-008
1.7610800E-003   5.4963223E-008
1.8440800E-003   5.0860177E-008
1.9309800E-003   4.7063423E-008
2.0219900E-003   4.4035470E-008
2.1172800E-003   4.0299053E-008
2.2170700E-003   3.7290697E-008
2.3215500E-003   3.5280365E-008
2.4309700E-003   3.3010508E-008
2.5455300E-003   3.0886689E-008
2.6655000E-003   2.8580972E-008
2.7911200E-003   2.6742139E-008
2.9226600E-003   2.4510326E-008
3.0604000E-003   2.2898522E-008
3.2046400E-003   2.1189130E-008
3.3556700E-003   1.9607343E-008
3.5138100E-003   1.8143639E-008
3.6794100E-003   1.6604147E-008
3.8528200E-003   1.5073629E-008
4.0344000E-003   1.3759855E-008
4.2245300E-003   1.2601560E-008
4.4236300E-003   1.1503245E-008
4.6321100E-003   1.0500655E-008
4.8504100E-003   9.5854489E-009
5.0790100E-003   8.8647436E-009
5.3183700E-003   8.0921190E-009
5.5690200E-003   7.3868329E-009
5.8314800E-003   6.8314359E-009
6.1063100E-003   6.2360281E-009
6.3940900E-003   5.7671570E-009
6.6954300E-003   5.1963709E-009
7.0109800E-003   4.7456270E-009
7.3414000E-003   4.2739998E-009
7.6873900E-003   3.9014898E-009
8.0496800E-003   3.5182750E-009
8.4290500E-003   3.1674310E-009
8.8263000E-003   2.8385889E-009
9.2422700E-003   2.5522691E-009
9.6778500E-003   2.2948290E-009
1.0133900E-002   2.0606430E-009
1.0611500E-002   1.8295090E-009
1.1111700E-002   1.6243450E-009
1.1635300E-002   1.4821030E-009
1.2183700E-002   1.3131860E-009
1.2757900E-002   1.1807290E-009
1.3359100E-002   1.0616320E-009
1.3988700E-002   9.6256902E-010
1.4648000E-002   8.6316698E-010
1.5338400E-002   7.9108797E-010
1.6061200E-002   7.0939399E-010
1.6818200E-002   6.4067501E-010
1.7610800E-002   5.7605198E-010
1.8440800E-002   5.1714200E-010
1.9309800E-002   4.6881998E-010
2.0219900E-002   4.2433199E-010
2.1172800E-002   3.8112299E-010
2.2170700E-002   3.4763700E-010
2.3215500E-002   3.1257200E-010
 4
 1   2   3   4
 xy
 100
1.0133900E-003   1.1255062E-007
1.0611500E-003   1.0608988E-007
1.1111700E-003   1.0118934E-007
1.1635300E-003   9.5663459E-008
1.2183700E-003   8.9508696E-008
1.2757900E-003   8.3328217E-008
1.3359100E-003   7.7819621E-008
1.3988700E-003   7.2675185E-008
1.4648000E-003   6.6359227E-008
1.5338400E-003   6.1955404E-008
1.6061200E-003   5.6855200E-008
1.6818200E-003   5.3046389E-008
1.7610800E-003   4.8934147E-008
1.8440800E-003   4.6031651E-008
1.9309800E-003   4.2548700E-008
2.0219900E-003   4.0175419E-008
2.1172800E-003   3.7290697E-008
2.2170700E-003   3.5039221E-008
2.3215500E-003   3.2722877E-008
2.4309700E-003   3.0886689E-008
2.5455300E-003   2.8539446E-008
2.6655000E-003   2.6652785E-008
2.7911200E-003   2.4890843E-008
2.9226600E-003   2.3082682E-008
3.0604000E-003   2.1249209E-008
3.2046400E-003   1.9839000E-008
3.3556700E-003   1.8725000E-008
3.5138100E-003   1.7335568E-008
3.6794100E-003   1.6267300E-008
3.8528200E-003   1.5034900E-008
4.0344000E-003   1.3769674E-008
4.2245300E-003   1.2630253E-008
4.4236300E-003   1.1717529E-008
4.6321100E-003   1.0809167E-008
4.8504100E-003   9.9712230E-009
5.0790100E-003   9.0928154E-009
5.3183700E-003   8.5499590E-009
5.5690200E-003   7.7783193E-009
5.8314800E-003   7.1604820E-009
6.1063100E-003   6.5724000E-009
6.3940900E-003   5.8858789E-009
6.6954300E-003   5.3914722E-009
7.0109800E-003   4.9325251E-009
7.3414000E-003   4.5152881E-009
7.6873900E-003   4.0594990E-009
8.0496800E-003   3.6673840E-009
8.4290500E-003   3.3598180E-009
8.8263000E-003   2.9886269E-009
9.2422700E-003   2.7807321E-009
9.6778500E-003   2.5000351E-009
1.0133900E-002   2.3014550E-009
1.0611500E-002   2.0937470E-009
1.1111700E-002   1.9047850E-009
1.1635300E-002   1.7681731E-009
1.2183700E-002   1.6140640E-009
1.2757900E-002   1.4733870E-009
1.3359100E-002   1.3274950E-009
1.3988700E-002   1.2105300E-009
1.4648000E-002   1.1038710E-009
1.5338400E-002   9.9343300E-010
1.6061200E-002   8.9404401E-010
1.6818200E-002   7.9406698E-010
1.7610800E-002   7.1462303E-010
1.8440800E-002   6.3471001E-010
1.9309800E-002   5.7121002E-010
2.0219900E-002   5.1406202E-010
2.1172800E-002   4.6263199E-010
2.2170700E-002   4.1089801E-010
2.3215500E-002   3.7469400E-010
 5
 1   2   3   4
 xy
 100
1.0133900E-003   1.1011084E-007
1.0611500E-003   1.0620472E-007
1.1111700E-003   1.0125584E-007
1.1635300E-003   9.5130503E-008
1.2183700E-003   8.9375710E-008
1.2757900E-003   8.3969049E-008
1.3359100E-003   7.8600415E-008
1.3988700E-003   7.4008405E-008
1.4648000E-003   7.0099397E-008
1.5338400E-003   6.5636115E-008
1.6061200E-003   6.1457008E-008
1.6818200E-003   5.7543993E-008
1.7610800E-003   5.3603859E-008
1.8440800E-003   4.9790085E-008
1.9309800E-003   4.6064496E-008
2.0219900E-003   4.2467100E-008
2.1172800E-003   3.9269864E-008
2.2170700E-003   3.6814004E-008
2.3215500E-003   3.4249439E-008
2.4309700E-003   3.1576300E-008
2.5455300E-003   2.9527300E-008
2.6655000E-003   2.6801200E-008
2.7911200E-003   2.4743667E-008
2.9226600E-003   2.2907200E-008
3.0604000E-003   2.1415042E-008
3.2046400E-003   1.9960000E-008
3.3556700E-003   1.8305300E-008
3.5138100E-003   1.7157700E-008
3.6794100E-003   1.5848933E-008
3.8528200E-003   1.4840941E-008
4.0344000E-003   1.3631000E-008
4.2245300E-003   1.2608215E-008
4.4236300E-003   1.1703200E-008
4.6321100E-003   1.0727477E-008
4.8504100E-003   9.7303200E-009
5.0790100E-003   9.0182199E-009
5.3183700E-003   8.1736928E-009
5.5690200E-003   7.5130622E-009
5.8314800E-003   6.9894730E-009
6.1063100E-003   6.4245560E-009
6.3940900E-003   5.9768261E-009
6.6954300E-003   5.6276459E-009
7.0109800E-003   5.1423572E-009
7.3414000E-003   4.7126729E-009
7.6873900E-003   4.3019299E-009
8.0496800E-003   3.8746748E-009
8.4290500E-003   3.5039220E-009
8.8263000E-003   3.1985301E-009
9.2422700E-003   2.9197560E-009
9.6778500E-003   2.6652780E-009
1.0133900E-002   2.4329800E-009
1.0611500E-002   2.1791089E-009
1.1111700E-002   1.9803219E-009
1.1635300E-002   1.7752440E-009
1.2183700E-002   1.5698050E-009
1.2757900E-002   1.4072390E-009
1.3359100E-002   1.2443870E-009
1.3988700E-002   1.1016820E-009
1.4648000E-002   9.9999997E-010
1.5338400E-002   8.9644198E-010
1.6061200E-002   8.0360801E-010
1.6818200E-002   7.3029999E-010
1.7610800E-002   6.5467198E-010
1.8440800E-002   5.8687599E-010
1.9309800E-002   5.2610000E-010
2.0219900E-002   4.7086601E-010
2.1172800E-002   4.2740600E-010
2.2170700E-002   3.8380599E-010
2.3215500E-002   3.4442299E-010
 6
 1   2   3   4
 xy
 100
1.0133900E-003   1.0184400E-007
1.0611500E-003   9.7359100E-008
1.1111700E-003   9.1308500E-008
1.1635300E-003   8.6297852E-008
1.2183700E-003   8.2106900E-008
1.2757900E-003   7.7519000E-008
1.3359100E-003   7.3575600E-008
1.3988700E-003   6.9221400E-008
1.4648000E-003   6.4916800E-008
1.5338400E-003   6.0655700E-008
1.6061200E-003   5.7278400E-008
1.6818200E-003   5.3804008E-008
1.7610800E-003   5.0272831E-008
1.8440800E-003   4.6910100E-008
1.9309800E-003   4.4011315E-008
2.0219900E-003   4.1565100E-008
2.1172800E-003   3.8657200E-008
2.2170700E-003   3.6374985E-008
2.3215500E-003   3.3835200E-008
2.4309700E-003   3.1819100E-008
2.5455300E-003   2.9935000E-008
2.6655000E-003   2.8227126E-008
2.7911200E-003   2.6106300E-008
2.9226600E-003   2.4062089E-008
3.0604000E-003   2.2309600E-008
3.2046400E-003   2.0543800E-008
3.3556700E-003   1.9052600E-008
3.5138100E-003   1.7825100E-008
3.6794100E-003   1.6574400E-008
3.8528200E-003   1.5189600E-008
4.0344000E-003   1.3912800E-008
4.2245300E-003   1.2999500E-008
4.4236300E-003   1.1997830E-008
4.6321100E-003   1.1049400E-008
4.8504100E-003   1.0111496E-008
5.0790100E-003   9.2586600E-009
5.3183700E-003   8.5658800E-009
5.5690200E-003   7.9741300E-009
5.8314800E-003   7.3040440E-009
6.1063100E-003   6.5972432E-009
6.3940900E-003   6.0269318E-009
6.6954300E-003   5.5804170E-009
7.0109800E-003   5.1854281E-009
7.3414000E-003   4.6875619E-009
7.6873900E-003   4.2896691E-009
8.0496800E-003   3.9255501E-009
8.4290500E-003   3.6458410E-009
8.8263000E-003   3.3363721E-009
9.2422700E-003   3.0531719E-009
9.6778500E-003   2.7940099E-009
1.0133900E-002   2.5568461E-009
1.0611500E-002   2.3079070E-009
1.1111700E-002   2.0981621E-009
1.1635300E-002   1.9098170E-009
1.2183700E-002   1.7158640E-009
1.2757900E-002   1.5874800E-009
1.3359100E-002   1.4181560E-009
1.3988700E-002   1.3052760E-009
1.4648000E-002   1.1721020E-009
1.5338400E-002   1.0543590E-009
1.6061200E-002   9.5853803E-010
1.6818200E-002   8.6724999E-010
1.7610800E-002   7.7806600E-010
1.8440800E-002   6.9469602E-010
1.9309800E-002   6.3681599E-010
2.0219900E-002   5.7120098E-010
2.1172800E-002   5.1794702E-010
2.2170700E-002   4.6965898E-010
2.3215500E-002   4.1671100E-010
 7
 1   2   3   4
 xy
 100
1.0133900E-003   9.9948800E-008
1.0611500E-003   9.4648700E-008
1.1111700E-003   8.9269400E-008
1.1635300E-003   8.4738900E-008
1.2183700E-003   8.0661900E-008
1.2757900E-003   7.6694600E-008
1.3359100E-003   7.1918300E-008
1.3988700E-003   6.7251600E-008
1.4648000E-003   6.4151000E-008
1.5338400E-003   6.0733800E-008
1.6061200E-003   5.6817400E-008
1.6818200E-003   5.3114100E-008
1.7610800E-003   5.0345000E-008
1.8440800E-003   4.7045123E-008
1.9309800E-003   4.4385800E-008
2.0219900E-003   4.1706400E-008
2.1172800E-003   3.8752891E-008
2.2170700E-003   3.6136200E-008
2.3215500E-003   3.3953100E-008
2.4309700E-003   3.1857100E-008
2.5455300E-003   2.9380300E-008
2.6655000E-003   2.7661700E-008
2.7911200E-003   2.5681700E-008
2.9226600E-003   2.4076800E-008
3.0604000E-003   2.2120600E-008
3.2046400E-003   2.0745100E-008
3.3556700E-003   1.9251800E-008
3.5138100E-003   1.7977600E-008
3.6794100E-003   1.6438600E-008
3.8528200E-003   1.5353482E-008
4.0344000E-003   1.4106695E-008
4.2245300E-003   1.3109000E-008
4.4236300E-003   1.1915400E-008
4.6321100E-003   1.0988431E-008
4.8504100E-003   1.0190304E-008
5.0790100E-003   9.2487253E-009
5.3183700E-003   8.5769587E-009
5.5690200E-003   7.8220100E-009
5.8314800E-003   7.1278000E-009
6.1063100E-003   6.5824990E-009
6.3940900E-003   5.9998800E-009
6.6954300E-003   5.5974931E-009
7.0109800E-003   5.1441600E-009
7.3414000E-003   4.7304400E-009
7.6873900E-003   4.2896691E-009
8.0496800E-003   3.9362500E-009
8.4290500E-003   3.5622481E-009
8.8263000E-003   3.2181211E-009
9.2422700E-003   2.9356700E-009
9.6778500E-003   2.6052029E-009
1.0133900E-002   2.3398139E-009
1.0611500E-002   2.0741100E-009
1.1111700E-002   1.8933359E-009
1.1635300E-002   1.6893620E-009
1.2183700E-002   1.5421220E-009
1.2757900E-002   1.3759860E-009
1.3359100E-002   1.2471150E-009
1.3988700E-002   1.1318820E-009
1.4648000E-002   1.0054010E-009
1.5338400E-002   9.0272501E-010
1.6061200E-002   8.0705298E-010
1.6818200E-002   7.1703099E-010
1.7610800E-002   6.5343803E-010
1.8440800E-002   5.8297500E-010
1.9309800E-002   5.2425198E-010
2.0219900E-002   4.6662202E-010
2.1172800E-002   4.1532799E-010
2.2170700E-002   3.7758199E-010
2.3215500E-002   3.3965200E-010
 8
 1   2   3   4
 xy
 100
1.0133900E-003   1.0466512E-007
1.0611500E-003   9.7746003E-008
1.1111700E-003   9.1284292E-008
1.1635300E-003   8.5721700E-008
1.2183700E-003   8.0451800E-008
1.2757900E-003   7.6765700E-008
1.3359100E-003   7.2006400E-008
1.3988700E-003   6.7849200E-008
1.4648000E-003   6.4083200E-008
1.5338400E-003   6.0525600E-008
1.6061200E-003   5.6860400E-008
1.6818200E-003   5.3598000E-008
1.7610800E-003   5.0202100E-008
1.8440800E-003   4.7311200E-008
1.9309800E-003   4.4350300E-008
2.0219900E-003   4.1423800E-008
2.1172800E-003   3.9092800E-008
2.2170700E-003   3.5862000E-008
2.3215500E-003   3.3990700E-008
2.4309700E-003   3.1724600E-008
2.5455300E-003   2.9605100E-008
2.6655000E-003   2.7869900E-008
2.7911200E-003   2.5749800E-008
2.9226600E-003   2.3816856E-008
3.0604000E-003   2.2106400E-008
3.2046400E-003   2.0651400E-008
3.3556700E-003   1.8986000E-008
3.5138100E-003   1.7793500E-008
3.6794100E-003   1.6141800E-008
3.8528200E-003   1.5099800E-008
4.0344000E-003   1.3987131E-008
4.2245300E-003   1.2762600E-008
4.4236300E-003   1.1984800E-008
4.6321100E-003   1.0932400E-008
4.8504100E-003   9.9485700E-009
5.0790100E-003   9.3226800E-009
5.3183700E-003   8.4715900E-009
5.5690200E-003   7.8428224E-009
5.8314800E-003   7.3040440E-009
6.1063100E-003   6.5859669E-009
6.3940900E-003   6.0195100E-009
6.6954300E-003   5.4921300E-009
7.0109800E-003   4.9945048E-009
7.3414000E-003   4.6059219E-009
7.6873900E-003   4.2035300E-009
8.0496800E-003   3.8214500E-009
8.4290500E-003   3.4876759E-009
8.8263000E-003   3.1588000E-009
9.2422700E-003   2.8539451E-009
9.6778500E-003   2.6126750E-009
1.0133900E-002   2.3746629E-009
1.0611500E-002   2.1461410E-009
1.1111700E-002   1.9563979E-009
1.1635300E-002   1.7426330E-009
1.2183700E-002   1.5421220E-009
1.2757900E-002   1.4077149E-009
1.3359100E-002   1.2762600E-009
1.3988700E-002   1.1623220E-009
1.4648000E-002   1.0595600E-009
1.5338400E-002   9.5725300E-010
1.6061200E-002   8.7864300E-010
1.6818200E-002   7.8811600E-010
1.7610800E-002   7.1225100E-010
1.8440800E-002   6.5616701E-010
1.9309800E-002   5.9193900E-010
2.0219900E-002   5.4034799E-010
2.1172800E-002   4.8802501E-010
2.2170700E-002   4.4487800E-010
2.3215500E-002   4.0554601E-010
 9
 1   2   3   4
 xy
 100
1.0133900E-003   9.9841900E-008
1.0611500E-003   9.5536900E-008
1.1111700E-003   9.0272800E-008
1.1635300E-003   8.5898300E-008
1.2183700E-003   8.1123200E-008
1.2757900E-003   7.6589700E-008
1.3359100E-003   7.2599800E-008
1.3988700E-003   6.8657400E-008
1.4648000E-003   6.4433500E-008
1.5338400E-003   6.0724500E-008
1.6061200E-003   5.7226000E-008
1.6818200E-003   5.4376700E-008
1.7610800E-003   5.0636100E-008
1.8440800E-003   4.7821487E-008
1.9309800E-003   4.4633400E-008
2.0219900E-003   4.2140300E-008
2.1172800E-003   3.9167500E-008
2.2170700E-003   3.6407600E-008
2.3215500E-003   3.4475100E-008
2.4309700E-003   3.1893400E-008
2.5455300E-003   2.9892500E-008
2.6655000E-003   2.7826300E-008
2.7911200E-003   2.5599700E-008
2.9226600E-003   2.4382300E-008
3.0604000E-003   2.2353600E-008
3.2046400E-003   2.0881200E-008
3.3556700E-003   1.9220300E-008
3.5138100E-003   1.7819003E-008
3.6794100E-003   1.6696092E-008
3.8528200E-003   1.5273000E-008
4.0344000E-003   1.4188728E-008
4.2245300E-003   1.3022700E-008
4.4236300E-003   1.1927809E-008
4.6321100E-003   1.0894300E-008
4.8504100E-003   1.0125300E-008
5.0790100E-003   9.3832400E-009
5.3183700E-003   8.6206900E-009
5.5690200E-003   7.9406900E-009
5.8314800E-003   7.2416091E-009
6.1063100E-003   6.6396271E-009
6.3940900E-003   6.0140500E-009
6.6954300E-003   5.5214029E-009
7.0109800E-003   5.0431588E-009
7.3414000E-003   4.6458400E-009
7.6873900E-003   4.2249900E-009
8.0496800E-003   3.7770231E-009
8.4290500E-003   3.3733900E-009
8.8263000E-003   3.0403331E-009
9.2422700E-003   2.7415400E-009
9.6778500E-003   2.5010101E-009
1.0133900E-002   2.2679869E-009
1.0611500E-002   2.0741100E-009
1.1111700E-002   1.8506600E-009
1.1635300E-002   1.6893620E-009
1.2183700E-002   1.5421220E-009
1.2757900E-002   1.4035300E-009
1.3359100E-002   1.2850230E-009
1.3988700E-002   1.1536400E-009
1.4648000E-002   1.0413100E-009
1.5338400E-002   9.3389296E-010
1.6061200E-002   8.4190199E-010
1.6818200E-002   7.7496398E-010
1.7610800E-002   7.0170397E-010
1.8440800E-002   6.3052302E-010
1.9309800E-002   5.6476601E-010
2.0219900E-002   5.1287902E-010
2.1172800E-002   4.5310999E-010
2.2170700E-002   4.1148099E-010
2.3215500E-002   3.6856801E-010
 10
 1   2   3   4
 xy
 100
1.0133900E-003   9.8791800E-008
1.0611500E-003   9.4388100E-008
1.1111700E-003   8.8556200E-008
1.1635300E-003   8.4578000E-008
1.2183700E-003   8.0421500E-008
1.2757900E-003   7.6445900E-008
1.3359100E-003   7.2191900E-008
1.3988700E-003   6.7547200E-008
1.4648000E-003   6.4439900E-008
1.5338400E-003   6.0979500E-008
1.6061200E-003   5.7224800E-008
1.6818200E-003   5.3997300E-008
1.7610800E-003   5.0935800E-008
1.8440800E-003   4.7863500E-008
1.9309800E-003   4.4559900E-008
2.0219900E-003   4.2206700E-008
2.1172800E-003   3.9265800E-008
2.2170700E-003   3.6507500E-008
2.3215500E-003   3.4785600E-008
2.4309700E-003   3.2580171E-008
2.5455300E-003   3.0448100E-008
2.6655000E-003   2.8573178E-008
2.7911200E-003   2.6042600E-008
2.9226600E-003   2.4150300E-008
3.0604000E-003   2.2503000E-008
3.2046400E-003   2.0785900E-008
3.3556700E-003   1.9435900E-008
3.5138100E-003   1.8317700E-008
3.6794100E-003   1.6854300E-008
3.8528200E-003   1.5636200E-008
4.0344000E-003   1.4579008E-008
4.2245300E-003   1.3315342E-008
4.4236300E-003   1.2220200E-008
4.6321100E-003   1.1198200E-008
4.8504100E-003   1.0352500E-008
5.0790100E-003   9.5671700E-009
5.3183700E-003   8.8086600E-009
5.5690200E-003   8.0649200E-009
5.8314800E-003   7.4835400E-009
6.1063100E-003   6.7305900E-009
6.3940900E-003   6.1314722E-009
6.6954300E-003   5.5971900E-009
7.0109800E-003   5.1267790E-009
7.3414000E-003   4.7022000E-009
7.6873900E-003   4.3381609E-009
8.0496800E-003   3.9257100E-009
8.4290500E-003   3.5181100E-009
8.8263000E-003   3.2391669E-009
9.2422700E-003   2.9207179E-009
9.6778500E-003   2.6396800E-009
1.0133900E-002   2.4060800E-009
1.0611500E-002   2.1730950E-009
1.1111700E-002   1.9816631E-009
1.1635300E-002   1.8198349E-009
1.2183700E-002   1.6512840E-009
1.2757900E-002   1.5182630E-009
1.3359100E-002   1.3449710E-009
1.3988700E-002   1.1832600E-009
1.4648000E-002   1.0488790E-009
1.5338400E-002   9.3091901E-010
1.6061200E-002   8.3127200E-010
1.6818200E-002   7.3854800E-010
1.7610800E-002   6.6655198E-010
1.8440800E-002   5.9165800E-010
1.9309800E-002   5.3349097E-010
2.0219900E-002   4.6702697E-010
2.1172800E-002   4.2111201E-010
2.2170700E-002   3.7414000E-010
2.3215500E-002   3.3735700E-010
 11
 1   2   3   4
 xy
 100
1.0133900E-003   1.0066200E-007
1.0611500E-003   9.6764800E-008
1.1111700E-003   9.2252000E-008
1.1635300E-003   8.6111100E-008
1.2183700E-003   8.3052900E-008
1.2757900E-003   7.9030229E-008
1.3359100E-003   7.4589100E-008
1.3988700E-003   6.9238900E-008
1.4648000E-003   6.5352100E-008
1.5338400E-003   6.2928700E-008
1.6061200E-003   5.9204911E-008
1.6818200E-003   5.6240700E-008
1.7610800E-003   5.2632544E-008
1.8440800E-003   4.9891383E-008
1.9309800E-003   4.6291923E-008
2.0219900E-003   4.3414087E-008
2.1172800E-003   4.0715154E-008
2.2170700E-003   3.8184009E-008
2.3215500E-003   3.4679250E-008
2.4309700E-003   3.2523339E-008
2.5455300E-003   3.0176913E-008
2.6655000E-003   2.7999770E-008
2.7911200E-003   2.5879100E-008
2.9226600E-003   2.4309300E-008
3.0604000E-003   2.2549200E-008
3.2046400E-003   2.0975818E-008
3.3556700E-003   1.9394172E-008
3.5138100E-003   1.7891700E-008
3.6794100E-003   1.6755521E-008
3.8528200E-003   1.5317400E-008
4.0344000E-003   1.3880500E-008
4.2245300E-003   1.2961632E-008
4.4236300E-003   1.1898538E-008
4.6321100E-003   1.1015700E-008
4.8504100E-003   1.0243608E-008
5.0790100E-003   9.3296002E-009
5.3183700E-003   8.6494056E-009
5.5690200E-003   7.8849400E-009
5.8314800E-003   7.0612300E-009
6.1063100E-003   6.4667378E-009
6.3940900E-003   5.9363452E-009
6.6954300E-003   5.3974600E-009
7.0109800E-003   4.9492712E-009
7.3414000E-003   4.5298200E-009
7.6873900E-003   4.0571320E-009
8.0496800E-003   3.6648100E-009
8.4290500E-003   3.2693200E-009
8.8263000E-003   2.9224929E-009
9.2422700E-003   2.7094220E-009
9.6778500E-003   2.4492950E-009
1.0133900E-002   2.2141420E-009
1.0611500E-002   1.9516910E-009
1.1111700E-002   1.7723450E-009
1.1635300E-002   1.5949230E-009
1.2183700E-002   1.4309780E-009
1.2757900E-002   1.2721240E-009
1.3359100E-002   1.1309050E-009
1.3988700E-002   9.8746200E-010
1.4648000E-002   8.7041402E-010
1.5338400E-002   7.6944701E-010
1.6061200E-002   6.7629602E-010
1.6818200E-002   5.8609200E-010
1.7610800E-002   5.1794702E-010
1.8440800E-002   4.5164200E-010
1.9309800E-002   3.9810699E-010
2.0219900E-002   3.4217401E-010
2.1172800E-002   3.0221400E-010
2.2170700E-002   2.6523000E-010
2.3215500E-002   2.3617200E-010
 12
 1   2   3   4
 xy
 100
1.0133900E-003   1.0039200E-007
1.0611500E-003   9.5685600E-008
1.1111700E-003   9.1561600E-008
1.1635300E-003   8.6281700E-008
1.2183700E-003   8.2771400E-008
1.2757900E-003   7.7992600E-008
1.3359100E-003   7.3147400E-008
1.3988700E-003   6.9149074E-008
1.4648000E-003   6.4694800E-008
1.5338400E-003   6.1147944E-008
1.6061200E-003   5.7575000E-008
1.6818200E-003   5.4741633E-008
1.7610800E-003   5.1477269E-008
1.8440800E-003   4.8964200E-008
1.9309800E-003   4.5430500E-008
2.0219900E-003   4.2802000E-008
2.1172800E-003   3.9547900E-008
2.2170700E-003   3.7627700E-008
2.3215500E-003   3.5998600E-008
2.4309700E-003   3.3473381E-008
2.5455300E-003   3.0918900E-008
2.6655000E-003   2.8881129E-008
2.7911200E-003   2.6499091E-008
2.9226600E-003   2.4552700E-008
3.0604000E-003   2.2745700E-008
3.2046400E-003   2.1346600E-008
3.3556700E-003   1.9641400E-008
3.5138100E-003   1.8099930E-008
3.6794100E-003   1.6610300E-008
3.8528200E-003   1.5722900E-008
4.0344000E-003   1.4344500E-008
4.2245300E-003   1.3177400E-008
4.4236300E-003   1.2001600E-008
4.6321100E-003   1.0854665E-008
4.8504100E-003   1.0063284E-008
5.0790100E-003   9.3035700E-009
5.3183700E-003   8.4057700E-009
5.5690200E-003   7.8189899E-009
5.8314800E-003   7.2489308E-009
6.1063100E-003   6.5529728E-009
6.3940900E-003   5.8959500E-009
6.6954300E-003   5.4652500E-009
7.0109800E-003   4.9646700E-009
7.3414000E-003   4.4957971E-009
7.6873900E-003   4.0226600E-009
8.0496800E-003   3.6248200E-009
8.4290500E-003   3.3094101E-009
8.8263000E-003   3.0054600E-009
9.2422700E-003   2.7786611E-009
9.6778500E-003   2.4861200E-009
1.0133900E-002   2.3100400E-009
1.0611500E-002   2.1051720E-009
1.1111700E-002   1.9030579E-009
1.1635300E-002   1.7203490E-009
1.2183700E-002   1.5551810E-009
1.2757900E-002   1.4058700E-009
1.3359100E-002   1.2463330E-009
1.3988700E-002   1.1110610E-009
1.4648000E-002   9.8172404E-010
1.5338400E-002   8.6622298E-010
1.6061200E-002   7.5756101E-010
1.6818200E-002   6.6252998E-010
1.7610800E-002   5.9062200E-010
1.8440800E-002   5.1794702E-010
1.9309800E-002   4.5173701E-010
2.0219900E-002   4.0270701E-010
2.1172800E-002   3.5377901E-010
2.2170700E-002   3.1671399E-010
2.3215500E-002   2.8006800E-010
 13
 1   2   3   4
 xy
 100
1.0133900E-003   1.0820064E-007
1.0611500E-003   1.0113232E-007
1.1111700E-003   9.4525745E-008
1.1635300E-003   8.8350752E-008
1.2183700E-003   8.2474700E-008
1.2757900E-003   7.6591600E-008
1.3359100E-003   7.1972700E-008
1.3988700E-003   6.8193160E-008
1.4648000E-003   6.3938800E-008
1.5338400E-003   6.1375700E-008
1.6061200E-003   5.8023200E-008
1.6818200E-003   5.5059378E-008
1.7610800E-003   5.1614000E-008
1.8440800E-003   4.8201100E-008
1.9309800E-003   4.5028200E-008
2.0219900E-003   4.2838000E-008
2.1172800E-003   4.0170939E-008
2.2170700E-003   3.7446600E-008
2.3215500E-003   3.5093951E-008
2.4309700E-003   3.2593400E-008
2.5455300E-003   3.0534300E-008
2.6655000E-003   2.8334968E-008
2.7911200E-003   2.6187433E-008
2.9226600E-003   2.4139900E-008
3.0604000E-003   2.2576900E-008
3.2046400E-003   2.0823200E-008
3.3556700E-003   1.9685900E-008
3.5138100E-003   1.8255500E-008
3.6794100E-003   1.6701300E-008
3.8528200E-003   1.5281000E-008
4.0344000E-003   1.4214200E-008
4.2245300E-003   1.3254300E-008
4.4236300E-003   1.2103700E-008
4.6321100E-003   1.1243000E-008
4.8504100E-003   1.0366600E-008
5.0790100E-003   9.5680166E-009
5.3183700E-003   8.6494056E-009
5.5690200E-003   7.9489600E-009
5.8314800E-003   7.3371211E-009
6.1063100E-003   6.6620700E-009
6.3940900E-003   5.9421800E-009
6.6954300E-003   5.4632200E-009
7.0109800E-003   4.9146200E-009
7.3414000E-003   4.5194600E-009
7.6873900E-003   4.0962500E-009
8.0496800E-003   3.7335939E-009
8.4290500E-003   3.3733900E-009
8.8263000E-003   3.0127100E-009
9.2422700E-003   2.7460100E-009
9.6778500E-003   2.4614899E-009
1.0133900E-002   2.2141420E-009
1.0611500E-002   1.9516910E-009
1.1111700E-002   1.7362360E-009
1.1635300E-002   1.5164280E-009
1.2183700E-002   1.3366800E-009
1.2757900E-002   1.1782380E-009
1.3359100E-002   1.0385760E-009
1.3988700E-002   9.3517705E-010
1.4648000E-002   8.4979501E-010
1.5338400E-002   7.4812201E-010
1.6061200E-002   6.6475400E-010
1.6818200E-002   6.0204097E-010
1.7610800E-002   5.3669802E-010
1.8440800E-002   4.7844700E-010
1.9309800E-002   4.3476400E-010
2.0219900E-002   3.8757700E-010
2.1172800E-002   3.3895800E-010
2.2170700E-002   2.9643801E-010
2.3215500E-002   2.5925201E-010
 14
 1   2   3   4
 xy
 100
1.0133900E-003   1.0437696E-007
1.0611500E-003   9.5806584E-008
1.1111700E-003   8.9843851E-008
1.1635300E-003   8.3354728E-008
1.2183700E-003   7.9008608E-008
1.2757900E-003   7.3250600E-008
1.3359100E-003   6.9862300E-008
1.3988700E-003   6.5909900E-008
1.4648000E-003   6.2573900E-008
1.5338400E-003   5.9161000E-008
1.6061200E-003   5.4716900E-008
1.6818200E-003   5.2033023E-008
1.7610800E-003   4.8876900E-008
1.8440800E-003   4.6910700E-008
1.9309800E-003   4.5018900E-008
2.0219900E-003   4.1609000E-008
2.1172800E-003   3.9162500E-008
2.2170700E-003   3.6642500E-008
2.3215500E-003   3.4914900E-008
2.4309700E-003   3.2433400E-008
2.5455300E-003   3.0433700E-008
2.6655000E-003   2.9159700E-008
2.7911200E-003   2.6668200E-008
2.9226600E-003   2.5118863E-008
3.0604000E-003   2.3056359E-008
3.2046400E-003   2.1544400E-008
3.3556700E-003   2.0059753E-008
3.5138100E-003   1.8610903E-008
3.6794100E-003   1.7224100E-008
3.8528200E-003   1.6192068E-008
4.0344000E-003   1.4786000E-008
4.2245300E-003   1.3789067E-008
4.4236300E-003   1.2629026E-008
4.6321100E-003   1.1617596E-008
4.8504100E-003   1.0636900E-008
5.0790100E-003   9.9869000E-009
5.3183700E-003   9.2777332E-009
5.5690200E-003   8.5159391E-009
5.8314800E-003   7.8093000E-009
6.1063100E-003   7.1610600E-009
6.3940900E-003   6.5857408E-009
6.6954300E-003   5.9805920E-009
7.0109800E-003   5.3856700E-009
7.3414000E-003   4.8274851E-009
7.6873900E-003   4.4311008E-009
8.0496800E-003   4.0571320E-009
8.4290500E-003   3.7613388E-009
8.8263000E-003   3.4002190E-009
9.2422700E-003   3.0787330E-009
9.6778500E-003   2.7747800E-009
1.0133900E-002   2.5389331E-009
1.0611500E-002   2.2810751E-009
1.1111700E-002   2.0313200E-009
1.1635300E-002   1.8403100E-009
1.2183700E-002   1.6720750E-009
1.2757900E-002   1.5204100E-009
1.3359100E-002   1.4058700E-009
1.3988700E-002   1.2708949E-009
1.4648000E-002   1.1250270E-009
1.5338400E-002   1.0216500E-009
1.6061200E-002   8.9843899E-010
1.6818200E-002   8.1091001E-010
1.7610800E-002   7.1937800E-010
1.8440800E-002   6.4586703E-010
1.9309800E-002   5.8685501E-010
2.0219900E-002   5.2061300E-010
2.1172800E-002   4.7304499E-010
2.2170700E-002   4.1965001E-010
2.3215500E-002   3.7676701E-010
 15
 1   2   3   4
 xy
 100
1.0133900E-003   9.4286200E-008
1.0611500E-003   9.0408900E-008
1.1111700E-003   8.6584700E-008
1.1635300E-003   8.1496900E-008
1.2183700E-003   7.7861700E-008
1.2757900E-003   7.4083500E-008
1.3359100E-003   6.9800800E-008
1.3988700E-003   6.6285200E-008
1.4648000E-003   6.3284500E-008
1.5338400E-003   5.9696400E-008
1.6061200E-003   5.6048100E-008
1.6818200E-003   5.2898300E-008
1.7610800E-003   4.9594500E-008
1.8440800E-003   4.7599400E-008
1.9309800E-003   4.5122270E-008
2.0219900E-003   4.2365600E-008
2.1172800E-003   3.9603513E-008
2.2170700E-003   3.7052100E-008
2.3215500E-003   3.4084400E-008
2.4309700E-003   3.2365600E-008
2.5455300E-003   2.9999700E-008
2.6655000E-003   2.8359600E-008
2.7911200E-003   2.6089500E-008
2.9226600E-003   2.4736100E-008
3.0604000E-003   2.3020500E-008
3.2046400E-003   2.1052400E-008
3.3556700E-003   1.9490400E-008
3.5138100E-003   1.8225300E-008
3.6794100E-003   1.7108100E-008
3.8528200E-003   1.5645700E-008
4.0344000E-003   1.4263500E-008
4.2245300E-003   1.3175400E-008
4.4236300E-003   1.2241051E-008
4.6321100E-003   1.1445800E-008
4.8504100E-003   1.0535400E-008
5.0790100E-003   9.6651700E-009
5.3183700E-003   8.8236400E-009
5.5690200E-003   8.0894700E-009
5.8314800E-003   7.3592600E-009
6.1063100E-003   6.7173112E-009
6.3940900E-003   6.1249100E-009
6.6954300E-003   5.6431500E-009
7.0109800E-003   5.0622900E-009
7.3414000E-003   4.6027111E-009
7.6873900E-003   4.1524100E-009
8.0496800E-003   3.7835872E-009
8.4290500E-003   3.4987211E-009
8.8263000E-003   3.1613900E-009
9.2422700E-003   2.8496701E-009
9.6778500E-003   2.5760769E-009
1.0133900E-002   2.3167500E-009
1.0611500E-002   2.0527160E-009
1.1111700E-002   1.8632460E-009
1.1635300E-002   1.6448800E-009
1.2183700E-002   1.4807380E-009
1.2757900E-002   1.3303500E-009
1.3359100E-002   1.1782380E-009
1.3988700E-002   1.0651170E-009
1.4648000E-002   9.3666600E-010
1.5338400E-002   8.4400598E-010
1.6061200E-002   7.4812201E-010
1.6818200E-002   6.6252998E-010
1.7610800E-002   5.9062200E-010
1.8440800E-002   5.2085097E-010
1.9309800E-002   4.5173701E-010
2.0219900E-002   4.0270701E-010
2.1172800E-002   3.5678599E-010
2.2170700E-002   3.1396499E-010
2.3215500E-002   2.8211400E-010
 16
 1   2   3   4
 xy
 100
1.0133900E-003   9.4415200E-008
1.0611500E-003   9.0489700E-008
1.1111700E-003   8.6058000E-008
1.1635300E-003   8.2104300E-008
1.2183700E-003   7.8414300E-008
1.2757900E-003   7.4132700E-008
1.3359100E-003   6.9284900E-008
1.3988700E-003   6.6627200E-008
1.4648000E-003   6.3116600E-008
1.5338400E-003   5.8903500E-008
1.6061200E-003   5.6209200E-008
1.6818200E-003   5.2550600E-008
1.7610800E-003   4.9676100E-008
1.8440800E-003   4.6151900E-008
1.9309800E-003   4.3629974E-008
2.0219900E-003   4.1522124E-008
2.1172800E-003   3.8638300E-008
2.2170700E-003   3.6045500E-008
2.3215500E-003   3.3838300E-008
2.4309700E-003   3.1560500E-008
2.5455300E-003   2.9333400E-008
2.6655000E-003   2.7257364E-008
2.7911200E-003   2.5600600E-008
2.9226600E-003   2.3994200E-008
3.0604000E-003   2.2359513E-008
3.2046400E-003   2.0774000E-008
3.3556700E-003   1.9298000E-008
3.5138100E-003   1.7845000E-008
3.6794100E-003   1.6519300E-008
3.8528200E-003   1.5125100E-008
4.0344000E-003   1.4052300E-008
4.2245300E-003   1.3138600E-008
4.4236300E-003   1.2017600E-008
4.6321100E-003   1.1041060E-008
4.8504100E-003   1.0250680E-008
5.0790100E-003   9.2491100E-009
5.3183700E-003   8.2138500E-009
5.5690200E-003   7.5975000E-009
5.8314800E-003   6.8977850E-009
6.1063100E-003   6.2407700E-009
6.3940900E-003   5.7667200E-009
6.6954300E-003   5.2532751E-009
7.0109800E-003   4.7207000E-009
7.3414000E-003   4.4112500E-009
7.6873900E-003   4.0008339E-009
8.0496800E-003   3.5166400E-009
8.4290500E-003   3.1028500E-009
8.8263000E-003   2.7940650E-009
9.2422700E-003   2.5046000E-009
9.6778500E-003   2.3205520E-009
1.0133900E-002   2.0896300E-009
1.0611500E-002   1.8378600E-009
1.1111700E-002   1.6774810E-009
1.1635300E-002   1.4786420E-009
1.2183700E-002   1.3459600E-009
1.2757900E-002   1.2392261E-009
1.3359100E-002   1.1041060E-009
1.3988700E-002   9.7896000E-010
1.4648000E-002   8.8356100E-010
1.5338400E-002   7.9040502E-010
1.6061200E-002   7.1587702E-010
1.6818200E-002   6.3252098E-010
1.7610800E-002   5.5564900E-010
1.8440800E-002   4.9960902E-010
1.9309800E-002   4.5164200E-010
2.0219900E-002   3.9810699E-010
2.1172800E-002   3.5790099E-010
2.2170700E-002   3.2016700E-010
2.3215500E-002   2.9359001E-010
 17
 1   2   3   4
 xy
 100
1.0133900E-003   9.5491700E-008
1.0611500E-003   9.1056700E-008
1.1111700E-003   8.6091500E-008
1.1635300E-003   8.1653200E-008
1.2183700E-003   7.9433300E-008
1.2757900E-003   7.4749700E-008
1.3359100E-003   7.0694900E-008
1.3988700E-003   6.6981400E-008
1.4648000E-003   6.3581000E-008
1.5338400E-003   6.0513300E-008
1.6061200E-003   5.7128500E-008
1.6818200E-003   5.2652000E-008
1.7610800E-003   4.9894400E-008
1.8440800E-003   4.7343000E-008
1.9309800E-003   4.4641100E-008
2.0219900E-003   4.1551800E-008
2.1172800E-003   3.8825600E-008
2.2170700E-003   3.6294008E-008
2.3215500E-003   3.4122300E-008
2.4309700E-003   3.2282900E-008
2.5455300E-003   2.9767100E-008
2.6655000E-003   2.7482700E-008
2.7911200E-003   2.6221900E-008
2.9226600E-003   2.4818357E-008
3.0604000E-003   2.3001737E-008
3.2046400E-003   2.1211100E-008
3.3556700E-003   1.9697700E-008
3.5138100E-003   1.8544945E-008
3.6794100E-003   1.7176205E-008
3.8528200E-003   1.5530903E-008
4.0344000E-003   1.4577612E-008
4.2245300E-003   1.3340495E-008
4.4236300E-003   1.2364016E-008
4.6321100E-003   1.1099600E-008
4.8504100E-003   1.0224183E-008
5.0790100E-003   9.4052000E-009
5.3183700E-003   8.6716510E-009
5.5690200E-003   7.9357383E-009
5.8314800E-003   7.3548692E-009
6.1063100E-003   6.7211379E-009
6.3940900E-003   6.2304659E-009
6.6954300E-003   5.7762208E-009
7.0109800E-003   5.3550941E-009
7.3414000E-003   4.7614200E-009
7.6873900E-003   4.2146200E-009
8.0496800E-003   3.8545149E-009
8.4290500E-003   3.4871110E-009
8.8263000E-003   3.1874161E-009
9.2422700E-003   2.8393730E-009
9.6778500E-003   2.5092100E-009
1.0133900E-002   2.2564739E-009
1.0611500E-002   2.0015660E-009
1.1111700E-002   1.7416000E-009
1.1635300E-002   1.5164280E-009
1.2183700E-002   1.3708390E-009
1.2757900E-002   1.2392261E-009
1.3359100E-002   1.0974200E-009
1.3988700E-002   9.6285702E-010
1.4648000E-002   8.7041402E-010
1.5338400E-002   7.7127199E-010
1.6061200E-002   6.7629602E-010
1.6818200E-002   5.9613198E-010
1.7610800E-002   5.3889798E-010
1.8440800E-002   4.7502002E-010
1.9309800E-002   4.1871401E-010
2.0219900E-002   3.6594000E-010
2.1172800E-002   3.2622199E-010
2.2170700E-002   2.8530001E-010
2.3215500E-002   2.5433500E-010
 18
 1   2   3   4
 xy
 100
1.0133900E-003   9.5531500E-008
1.0611500E-003   9.2895600E-008
1.1111700E-003   8.9447300E-008
1.1635300E-003   8.4500200E-008
1.2183700E-003   7.9439200E-008
1.2757900E-003   7.6097800E-008
1.3359100E-003   7.3457100E-008
1.3988700E-003   6.8358600E-008
1.4648000E-003   6.3799600E-008
1.5338400E-003   6.1321195E-008
1.6061200E-003   5.7617300E-008
1.6818200E-003   5.4581029E-008
1.7610800E-003   5.1167000E-008
1.8440800E-003   4.9010800E-008
1.9309800E-003   4.5782500E-008
2.0219900E-003   4.2787100E-008
2.1172800E-003   4.0358700E-008
2.2170700E-003   3.8091800E-008
2.3215500E-003   3.5433200E-008
2.4309700E-003   3.3591600E-008
2.5455300E-003   3.1195700E-008
2.6655000E-003   2.9411000E-008
2.7911200E-003   2.7169500E-008
2.9226600E-003   2.5718000E-008
3.0604000E-003   2.3878252E-008
3.2046400E-003   2.2527765E-008
3.3556700E-003   2.0839500E-008
3.5138100E-003   1.9363261E-008
3.6794100E-003   1.7577800E-008
3.8528200E-003   1.6004800E-008
4.0344000E-003   1.5051600E-008
4.2245300E-003   1.3802500E-008
4.4236300E-003   1.2825300E-008
4.6321100E-003   1.1844900E-008
4.8504100E-003   1.0944373E-008
5.0790100E-003   1.0087712E-008
5.3183700E-003   9.3296002E-009
5.5690200E-003   8.5323300E-009
5.8314800E-003   7.7181896E-009
6.1063100E-003   6.9198100E-009
6.3940900E-003   6.2635700E-009
6.6954300E-003   5.7617700E-009
7.0109800E-003   5.2715800E-009
7.3414000E-003   4.8536748E-009
7.6873900E-003   4.4133700E-009
8.0496800E-003   3.9560359E-009
8.4290500E-003   3.5995009E-009
8.8263000E-003   3.2328760E-009
9.2422700E-003   2.8417400E-009
9.6778500E-003   2.5311999E-009
1.0133900E-002   2.2564739E-009
1.0611500E-002   1.9993320E-009
1.1111700E-002   1.7589730E-009
1.1635300E-002   1.5656340E-009
1.2183700E-002   1.3935459E-009
1.2757900E-002   1.2403730E-009
1.3359100E-002   1.1040370E-009
1.3988700E-002   9.8389696E-010
1.4648000E-002   8.9257801E-010
1.5338400E-002   8.0973500E-010
1.6061200E-002   7.1885198E-010
1.6818200E-002   6.3781902E-010
1.7610800E-002   5.7570199E-010
1.8440800E-002   5.0793703E-010
1.9309800E-002   4.5846901E-010
2.0219900E-002   4.0450299E-010
2.1172800E-002   3.5688999E-010
2.2170700E-002   3.1848599E-010
2.3215500E-002   2.8421501E-010
 19
 1   2   3   4
 xy
 100
1.0133900E-003   9.6083000E-008
1.0611500E-003   9.1680700E-008
1.1111700E-003   8.7906400E-008
1.1635300E-003   8.3819200E-008
1.2183700E-003   7.9386500E-008
1.2757900E-003   7.5742900E-008
1.3359100E-003   7.2257500E-008
1.3988700E-003   6.8772300E-008
1.4648000E-003   6.4740600E-008
1.5338400E-003   6.1772300E-008
1.6061200E-003   5.8652400E-008
1.6818200E-003   5.5337200E-008
1.7610800E-003   5.2140300E-008
1.8440800E-003   4.9519826E-008
1.9309800E-003   4.6414000E-008
2.0219900E-003   4.3239119E-008
2.1172800E-003   4.0788500E-008
2.2170700E-003   3.8076700E-008
2.3215500E-003   3.6108800E-008
2.4309700E-003   3.3722200E-008
2.5455300E-003   3.1588900E-008
2.6655000E-003   2.9710000E-008
2.7911200E-003   2.7366100E-008
2.9226600E-003   2.5729000E-008
3.0604000E-003   2.3774200E-008
3.2046400E-003   2.1961600E-008
3.3556700E-003   2.0672100E-008
3.5138100E-003   1.9400725E-008
3.6794100E-003   1.7828500E-008
3.8528200E-003   1.6322400E-008
4.0344000E-003   1.4996700E-008
4.2245300E-003   1.3896300E-008
4.4236300E-003   1.2851500E-008
4.6321100E-003   1.1763300E-008
4.8504100E-003   1.0785500E-008
5.0790100E-003   9.9342900E-009
5.3183700E-003   9.2023100E-009
5.5690200E-003   8.2491400E-009
5.8314800E-003   7.5911600E-009
6.1063100E-003   6.9722592E-009
6.3940900E-003   6.3289900E-009
6.6954300E-003   5.8237000E-009
7.0109800E-003   5.3158038E-009
7.3414000E-003   4.7803400E-009
7.6873900E-003   4.2977600E-009
8.0496800E-003   3.9057109E-009
8.4290500E-003   3.5827530E-009
8.8263000E-003   3.2328760E-009
9.2422700E-003   2.9464500E-009
9.6778500E-003   2.6691200E-009
1.0133900E-002   2.4446660E-009
1.0611500E-002   2.1610860E-009
1.1111700E-002   2.0036900E-009
1.1635300E-002   1.7741730E-009
1.2183700E-002   1.5574000E-009
1.2757900E-002   1.3880600E-009
1.3359100E-002   1.2562120E-009
1.3988700E-002   1.1182620E-009
1.4648000E-002   9.8549600E-010
1.5338400E-002   8.9424501E-010
1.6061200E-002   7.9967299E-010
1.6818200E-002   7.2127199E-010
1.7610800E-002   6.4551497E-010
1.8440800E-002   5.6364302E-010
1.9309800E-002   5.0006799E-010
2.0219900E-002   4.3729700E-010
2.1172800E-002   3.8459799E-010
2.2170700E-002   3.4420200E-010
2.3215500E-002   3.0427499E-010
 20
 1   2   3   4
 xy
 100
1.0133900E-003   9.6864500E-008
1.0611500E-003   9.2717200E-008
1.1111700E-003   8.8530700E-008
1.1635300E-003   8.4171900E-008
1.2183700E-003   8.0861700E-008
1.2757900E-003   7.6615400E-008
1.3359100E-003   7.2748200E-008
1.3988700E-003   6.9702800E-008
1.4648000E-003   6.5557100E-008
1.5338400E-003   6.2575100E-008
1.6061200E-003   5.9522700E-008
1.6818200E-003   5.5974000E-008
1.7610800E-003   5.2829100E-008
1.8440800E-003   5.0117400E-008
1.9309800E-003   4.6791800E-008
2.0219900E-003   4.4157044E-008
2.1172800E-003   4.1234500E-008
2.2170700E-003   3.9019400E-008
2.3215500E-003   3.6414700E-008
2.4309700E-003   3.4066200E-008
2.5455300E-003   3.2358200E-008
2.6655000E-003   3.0280300E-008
2.7911200E-003   2.7966100E-008
2.9226600E-003   2.6415100E-008
3.0604000E-003   2.4831332E-008
3.2046400E-003   2.2755500E-008
3.3556700E-003   2.1147200E-008
3.5138100E-003   1.9493300E-008
3.6794100E-003   1.7673600E-008
3.8528200E-003   1.6576700E-008
4.0344000E-003   1.5342700E-008
4.2245300E-003   1.4212100E-008
4.4236300E-003   1.3408100E-008
4.6321100E-003   1.2172000E-008
4.8504100E-003   1.1258900E-008
5.0790100E-003   1.0187800E-008
5.3183700E-003   9.5747200E-009
5.5690200E-003   8.7096357E-009
5.8314800E-003   7.9432816E-009
6.1063100E-003   7.1025800E-009
6.3940900E-003   6.6069341E-009
6.6954300E-003   6.0255960E-009
7.0109800E-003   5.4345700E-009
7.3414000E-003   4.9460900E-009
7.6873900E-003   4.5535900E-009
8.0496800E-003   4.1405300E-009
8.4290500E-003   3.6762151E-009
8.8263000E-003   3.3496541E-009
9.2422700E-003   2.9721800E-009
9.6778500E-003   2.7227010E-009
1.0133900E-002   2.4816700E-009
1.0611500E-002   2.1877620E-009
1.1111700E-002   1.9655600E-009
1.1635300E-002   1.7348100E-009
1.2183700E-002   1.5310870E-009
1.2757900E-002   1.3645830E-009
1.3359100E-002   1.1906000E-009
1.3988700E-002   1.0396271E-009
1.4648000E-002   9.1201102E-010
1.5338400E-002   8.1283102E-010
1.6061200E-002   7.1868700E-010
1.6818200E-002   6.2729000E-010
1.7610800E-002   5.6234101E-010
1.8440800E-002   5.0657201E-010
1.9309800E-002   4.5504000E-010
2.0219900E-002   4.0121301E-010
2.1172800E-002   3.5018999E-010
2.2170700E-002   3.0470400E-010
2.3215500E-002   2.6678401E-010
 21
 1   2   3   4
 xy
 100
1.0133900E-003   9.6276500E-008
1.0611500E-003   9.2192400E-008
1.1111700E-003   8.9220000E-008
1.1635300E-003   8.5575900E-008
1.2183700E-003   8.0092300E-008
1.2757900E-003   7.6619500E-008
1.3359100E-003   7.4394400E-008
1.3988700E-003   7.0099700E-008
1.4648000E-003   6.6595500E-008
1.5338400E-003   6.3065600E-008
1.6061200E-003   5.9575400E-008
1.6818200E-003   5.5934600E-008
1.7610800E-003   5.2656073E-008
1.8440800E-003   5.0668188E-008
1.9309800E-003   4.7520416E-008
2.0219900E-003   4.4688800E-008
2.1172800E-003   4.2339035E-008
2.2170700E-003   3.9789800E-008
2.3215500E-003   3.7241797E-008
2.4309700E-003   3.4405200E-008
2.5455300E-003   3.2365900E-008
2.6655000E-003   3.0484400E-008
2.7911200E-003   2.8254100E-008
2.9226600E-003   2.6395100E-008
3.0604000E-003   2.4775700E-008
3.2046400E-003   2.2596700E-008
3.3556700E-003   2.1455400E-008
3.5138100E-003   1.9816400E-008
3.6794100E-003   1.8240900E-008
3.8528200E-003   1.6926200E-008
4.0344000E-003   1.5566844E-008
4.2245300E-003   1.4175200E-008
4.4236300E-003   1.3293000E-008
4.6321100E-003   1.2199751E-008
4.8504100E-003   1.0963700E-008
5.0790100E-003   9.9964100E-009
5.3183700E-003   9.1446068E-009
5.5690200E-003   8.5184801E-009
5.8314800E-003   7.7873700E-009
6.1063100E-003   7.1181590E-009
6.3940900E-003   6.5458000E-009
6.6954300E-003   5.8168000E-009
7.0109800E-003   5.4230100E-009
7.3414000E-003   4.8771300E-009
7.6873900E-003   4.3709400E-009
8.0496800E-003   3.9732400E-009
8.4290500E-003   3.5728480E-009
8.8263000E-003   3.2511100E-009
9.2422700E-003   2.9903919E-009
9.6778500E-003   2.7138800E-009
1.0133900E-002   2.4026600E-009
1.0611500E-002   2.1315270E-009
1.1111700E-002   1.8991160E-009
1.1635300E-002   1.6704800E-009
1.2183700E-002   1.4749471E-009
1.2757900E-002   1.3383890E-009
1.3359100E-002   1.2144740E-009
1.3988700E-002   1.0808250E-009
1.4648000E-002   9.8026198E-010
1.5338400E-002   8.8138602E-010
1.6061200E-002   7.9248302E-010
1.6818200E-002   7.0313999E-010
1.7610800E-002   6.1563299E-010
1.8440800E-002   5.4622801E-010
1.9309800E-002   4.8464699E-010
2.0219900E-002   4.2433199E-010
2.1172800E-002   3.7649400E-010
2.2170700E-002   3.3404801E-010
2.3215500E-002   2.8861399E-010
 22
 1   2   3   4
 xy
 100
1.0133900E-003   9.8373900E-008
1.0611500E-003   9.4039400E-008
1.1111700E-003   9.0170600E-008
1.1635300E-003   8.6347800E-008
1.2183700E-003   8.2127800E-008
1.2757900E-003   7.8649800E-008
1.3359100E-003   7.4507600E-008
1.3988700E-003   7.1156800E-008
1.4648000E-003   6.7251300E-008
1.5338400E-003   6.3925000E-008
1.6061200E-003   6.0649900E-008
1.6818200E-003   5.7532800E-008
1.7610800E-003   5.4061900E-008
1.8440800E-003   5.1072700E-008
1.9309800E-003   4.8171300E-008
2.0219900E-003   4.5252200E-008
2.1172800E-003   4.2643300E-008
2.2170700E-003   4.0113100E-008
2.3215500E-003   3.7543500E-008
2.4309700E-003   3.5591300E-008
2.5455300E-003   3.2959400E-008
2.6655000E-003   3.0608600E-008
2.7911200E-003   2.8615700E-008
2.9226600E-003   2.6853400E-008
3.0604000E-003   2.5005100E-008
3.2046400E-003   2.3158300E-008
3.3556700E-003   2.1503900E-008
3.5138100E-003   1.9830100E-008
3.6794100E-003   1.8361800E-008
3.8528200E-003   1.7088200E-008
4.0344000E-003   1.5705700E-008
4.2245300E-003   1.4507000E-008
4.4236300E-003   1.3412700E-008
4.6321100E-003   1.2296300E-008
4.8504100E-003   1.1249400E-008
5.0790100E-003   1.0552800E-008
5.3183700E-003   9.6407300E-009
5.5690200E-003   8.7910133E-009
5.8314800E-003   8.0024900E-009
6.1063100E-003   7.2901500E-009
6.3940900E-003   6.5188200E-009
6.6954300E-003   6.0060481E-009
7.0109800E-003   5.4814700E-009
7.3414000E-003   4.8548400E-009
7.6873900E-003   4.4852400E-009
8.0496800E-003   4.0026800E-009
8.4290500E-003   3.6275269E-009
8.8263000E-003   3.2795560E-009
9.2422700E-003   2.9224929E-009
9.6778500E-003   2.6420490E-009
1.0133900E-002   2.3513000E-009
1.0611500E-002   2.1547700E-009
1.1111700E-002   1.8939661E-009
1.1635300E-002   1.6898500E-009
1.2183700E-002   1.5038870E-009
1.2757900E-002   1.3381990E-009
1.3359100E-002   1.1830220E-009
1.3988700E-002   1.0808250E-009
1.4648000E-002   9.5456000E-010
1.5338400E-002   8.5386600E-010
1.6061200E-002   7.6182699E-010
1.6818200E-002   6.7799100E-010
1.7610800E-002   6.0338001E-010
1.8440800E-002   5.2664600E-010
1.9309800E-002   4.6156601E-010
2.0219900E-002   4.0804299E-010
2.1172800E-002   3.5670700E-010
2.2170700E-002   3.1889599E-010
2.3215500E-002   2.8191699E-010
 23
 1   2   3   4
 xy
 100
1.0133900E-003   9.7528800E-008
1.0611500E-003   9.3141500E-008
1.1111700E-003   8.8847200E-008
1.1635300E-003   8.5269300E-008
1.2183700E-003   8.1156000E-008
1.2757900E-003   7.7156600E-008
1.3359100E-003   7.3578500E-008
1.3988700E-003   6.9559800E-008
1.4648000E-003   6.6452500E-008
1.5338400E-003   6.2781000E-008
1.6061200E-003   5.9521600E-008
1.6818200E-003   5.6350600E-008
1.7610800E-003   5.3247600E-008
1.8440800E-003   5.0200100E-008
1.9309800E-003   4.7109700E-008
2.0219900E-003   4.4593200E-008
2.1172800E-003   4.1861600E-008
2.2170700E-003   3.9206200E-008
2.3215500E-003   3.6926900E-008
2.4309700E-003   3.4394800E-008
2.5455300E-003   3.2125200E-008
2.6655000E-003   2.9943400E-008
2.7911200E-003   2.8089200E-008
2.9226600E-003   2.6165300E-008
3.0604000E-003   2.4226500E-008
3.2046400E-003   2.2629400E-008
3.3556700E-003   2.0956700E-008
3.5138100E-003   1.9318300E-008
3.6794100E-003   1.7858600E-008
3.8528200E-003   1.6756900E-008
4.0344000E-003   1.5299000E-008
4.2245300E-003   1.4070300E-008
4.4236300E-003   1.2957300E-008
4.6321100E-003   1.2059500E-008
4.8504100E-003   1.0932700E-008
5.0790100E-003   1.0083200E-008
5.3183700E-003   9.2275900E-009
5.5690200E-003   8.4499300E-009
5.8314800E-003   7.6926501E-009
6.1063100E-003   6.9126000E-009
6.3940900E-003   6.3025158E-009
6.6954300E-003   5.7279700E-009
7.0109800E-003   5.1398100E-009
7.3414000E-003   4.6069600E-009
7.6873900E-003   4.2118469E-009
8.0496800E-003   3.7665320E-009
8.4290500E-003   3.4013050E-009
8.8263000E-003   3.0171400E-009
9.2422700E-003   2.7562000E-009
9.6778500E-003   2.4919300E-009
1.0133900E-002   2.2605200E-009
1.0611500E-002   2.0127850E-009
1.1111700E-002   1.8182400E-009
1.1635300E-002   1.6089400E-009
1.2183700E-002   1.4465640E-009
1.2757900E-002   1.2873740E-009
1.3359100E-002   1.1501470E-009
1.3988700E-002   1.0062700E-009
1.4648000E-002   8.7962800E-010
1.5338400E-002   7.9709400E-010
1.6061200E-002   7.0485701E-010
1.6818200E-002   6.2149602E-010
1.7610800E-002   5.4950999E-010
1.8440800E-002   4.8586202E-010
1.9309800E-002   4.3364101E-010
2.0219900E-002   3.7849399E-010
2.1172800E-002   3.3035999E-010
2.2170700E-002   2.9363001E-010
2.3215500E-002   2.5673100E-010
 24
 1   2   3   4
 xy
 100
1.0133900E-003   9.5335500E-008
1.0611500E-003   9.1210200E-008
1.1111700E-003   8.7302400E-008
1.1635300E-003   8.3330900E-008
1.2183700E-003   7.9241000E-008
1.2757900E-003   7.5436100E-008
1.3359100E-003   7.2156600E-008
1.3988700E-003   6.8494500E-008
1.4648000E-003   6.5075800E-008
1.5338400E-003   6.1733300E-008
1.6061200E-003   5.8348400E-008
1.6818200E-003   5.5307500E-008
1.7610800E-003   5.2235900E-008
1.8440800E-003   4.9265500E-008
1.9309800E-003   4.6111200E-008
2.0219900E-003   4.3751800E-008
2.1172800E-003   4.0939400E-008
2.2170700E-003   3.8417100E-008
2.3215500E-003   3.6146900E-008
2.4309700E-003   3.3967100E-008
2.5455300E-003   3.1566200E-008
2.6655000E-003   2.9431800E-008
2.7911200E-003   2.7638400E-008
2.9226600E-003   2.5663800E-008
3.0604000E-003   2.3951500E-008
3.2046400E-003   2.2029700E-008
3.3556700E-003   2.0847700E-008
3.5138100E-003   1.9385155E-008
3.6794100E-003   1.7779400E-008
3.8528200E-003   1.6359094E-008
4.0344000E-003   1.5101100E-008
4.2245300E-003   1.3790100E-008
4.4236300E-003   1.2837100E-008
4.6321100E-003   1.1680800E-008
4.8504100E-003   1.0709800E-008
5.0790100E-003   9.9882400E-009
5.3183700E-003   9.1049500E-009
5.5690200E-003   8.2992100E-009
5.8314800E-003   7.5510700E-009
6.1063100E-003   6.8451160E-009
6.3940900E-003   6.2506300E-009
6.6954300E-003   5.7670800E-009
7.0109800E-003   5.2533800E-009
7.3414000E-003   4.7392000E-009
7.6873900E-003   4.2446700E-009
8.0496800E-003   3.7697700E-009
8.4290500E-003   3.4951700E-009
8.8263000E-003   3.1895300E-009
9.2422700E-003   2.8944300E-009
9.6778500E-003   2.5413429E-009
1.0133900E-002   2.2181530E-009
1.0611500E-002   1.9355100E-009
1.1111700E-002   1.7230070E-009
1.1635300E-002   1.5372060E-009
1.2183700E-002   1.3383890E-009
1.2757900E-002   1.1853100E-009
1.3359100E-002   1.0542000E-009
1.3988700E-002   9.5574904E-010
1.4648000E-002   8.4871300E-010
1.5338400E-002   7.6219098E-010
1.6061200E-002   6.7299200E-010
1.6818200E-002   5.9423200E-010
1.7610800E-002   5.2414200E-010
1.8440800E-002   4.6328399E-010
1.9309800E-002   4.0446399E-010
2.0219900E-002   3.6214300E-010
2.1172800E-002   3.2622199E-010
2.2170700E-002   2.8804401E-010
2.3215500E-002   2.5722899E-010
 25
 1   2   3   4
 xy
 100
1.0133900E-003   9.3355500E-008
1.0611500E-003   9.0132100E-008
1.1111700E-003   8.6382400E-008
1.1635300E-003   8.2108400E-008
1.2183700E-003   7.8684700E-008
1.2757900E-003   7.4763600E-008
1.3359100E-003   7.1032200E-008
1.3988700E-003   6.7783000E-008
1.4648000E-003   6.4021900E-008
1.5338400E-003   6.0456300E-008
1.6061200E-003   5.7327600E-008
1.6818200E-003   5.4117000E-008
1.7610800E-003   5.1032300E-008
1.8440800E-003   4.8216400E-008
1.9309800E-003   4.5943900E-008
2.0219900E-003   4.2755500E-008
2.1172800E-003   4.0871700E-008
2.2170700E-003   3.8640000E-008
2.3215500E-003   3.6270900E-008
2.4309700E-003   3.3758800E-008
2.5455300E-003   3.1156100E-008
2.6655000E-003   2.9363200E-008
2.7911200E-003   2.7592900E-008
2.9226600E-003   2.5746300E-008
3.0604000E-003   2.3426800E-008
3.2046400E-003   2.1899600E-008
3.3556700E-003   2.0449200E-008
3.5138100E-003   1.8811800E-008
3.6794100E-003   1.7361100E-008
3.8528200E-003   1.6102900E-008
4.0344000E-003   1.4882100E-008
4.2245300E-003   1.3589700E-008
4.4236300E-003   1.2730024E-008
4.6321100E-003   1.1678300E-008
4.8504100E-003   1.0790100E-008
5.0790100E-003   1.0005200E-008
5.3183700E-003   9.0944203E-009
5.5690200E-003   8.1653100E-009
5.8314800E-003   7.5250500E-009
6.1063100E-003   6.9804251E-009
6.3940900E-003   6.3495200E-009
6.6954300E-003   5.7321400E-009
7.0109800E-003   5.2869331E-009
7.3414000E-003   4.8375100E-009
7.6873900E-003   4.3787511E-009
8.0496800E-003   4.0775600E-009
8.4290500E-003   3.7483461E-009
8.8263000E-003   3.3887171E-009
9.2422700E-003   3.0075280E-009
9.6778500E-003   2.6420490E-009
1.0133900E-002   2.3513000E-009
1.0611500E-002   2.0925459E-009
1.1111700E-002   1.7973600E-009
1.1635300E-002   1.5634820E-009
1.2183700E-002   1.3914250E-009
1.2757900E-002   1.2383030E-009
1.3359100E-002   1.0808250E-009
1.3988700E-002   9.6188302E-010
1.4648000E-002   8.4522600E-010
1.5338400E-002   7.5014800E-010
1.6061200E-002   6.6871803E-010
1.6818200E-002   5.9732003E-010
1.7610800E-002   5.3012900E-010
1.8440800E-002   4.7049598E-010
1.9309800E-002   4.2212600E-010
2.0219900E-002   3.7507999E-010
2.1172800E-002   3.3129599E-010
2.2170700E-002   2.9627700E-010
2.3215500E-002   2.5846300E-010
 26
 1   2   3   4
 xy
 100
1.0133900E-003   9.5114700E-008
1.0611500E-003   9.1182500E-008
1.1111700E-003   8.7386900E-008
1.1635300E-003   8.3227200E-008
1.2183700E-003   7.9217100E-008
1.2757900E-003   7.5557800E-008
1.3359100E-003   7.1639900E-008
1.3988700E-003   6.8225400E-008
1.4648000E-003   6.4987100E-008
1.5338400E-003   6.1562600E-008
1.6061200E-003   5.8143000E-008
1.6818200E-003   5.5088600E-008
1.7610800E-003   5.2440800E-008
1.8440800E-003   4.9169200E-008
1.9309800E-003   4.6496800E-008
2.0219900E-003   4.3739200E-008
2.1172800E-003   4.1448800E-008
2.2170700E-003   3.8590600E-008
2.3215500E-003   3.6251400E-008
2.4309700E-003   3.3794500E-008
2.5455300E-003   3.1667900E-008
2.6655000E-003   2.9536600E-008
2.7911200E-003   2.7836000E-008
2.9226600E-003   2.5635400E-008
3.0604000E-003   2.3991700E-008
3.2046400E-003   2.2297800E-008
3.3556700E-003   2.0643100E-008
3.5138100E-003   1.9272700E-008
3.6794100E-003   1.7767900E-008
3.8528200E-003   1.6444000E-008
4.0344000E-003   1.5088600E-008
4.2245300E-003   1.4008600E-008
4.4236300E-003   1.2791500E-008
4.6321100E-003   1.1698900E-008
4.8504100E-003   1.0782500E-008
5.0790100E-003   9.8597900E-009
5.3183700E-003   9.0781600E-009
5.5690200E-003   8.1685800E-009
5.8314800E-003   7.5059600E-009
6.1063100E-003   6.8651500E-009
6.3940900E-003   6.1956100E-009
6.6954300E-003   5.6319200E-009
7.0109800E-003   5.1639300E-009
7.3414000E-003   4.7011800E-009
7.6873900E-003   4.1855800E-009
8.0496800E-003   3.8430100E-009
8.4290500E-003   3.5032759E-009
8.8263000E-003   3.1504800E-009
9.2422700E-003   2.8721500E-009
9.6778500E-003   2.5221400E-009
1.0133900E-002   2.2425300E-009
1.0611500E-002   2.0068900E-009
1.1111700E-002   1.8035100E-009
1.1635300E-002   1.6026980E-009
1.2183700E-002   1.4156090E-009
1.2757900E-002   1.2540100E-009
1.3359100E-002   1.1463021E-009
1.3988700E-002   1.0251360E-009
1.4648000E-002   8.9385500E-010
1.5338400E-002   7.8591300E-010
1.6061200E-002   7.0521500E-010
1.6818200E-002   6.0338001E-010
1.7610800E-002   5.2664600E-010
1.8440800E-002   4.5196800E-010
1.9309800E-002   4.0121301E-010
2.0219900E-002   3.5250899E-010
2.1172800E-002   3.1918501E-010
2.2170700E-002   2.7844799E-010
2.3215500E-002   2.4594399E-010
 27
 1   2   3   4
 xy
 100
1.0133900E-003   9.5120000E-008
1.0611500E-003   9.1583500E-008
1.1111700E-003   8.7572000E-008
1.1635300E-003   8.3664600E-008
1.2183700E-003   7.9877300E-008
1.2757900E-003   7.6075300E-008
1.3359100E-003   7.2666400E-008
1.3988700E-003   6.9195300E-008
1.4648000E-003   6.5752300E-008
1.5338400E-003   6.2243800E-008
1.6061200E-003   5.9170100E-008
1.6818200E-003   5.6000500E-008
1.7610800E-003   5.2959000E-008
1.8440800E-003   4.9817500E-008
1.9309800E-003   4.7196700E-008
2.0219900E-003   4.4109300E-008
2.1172800E-003   4.1753400E-008
2.2170700E-003   3.8988700E-008
2.3215500E-003   3.6733800E-008
2.4309700E-003   3.4515000E-008
2.5455300E-003   3.2088300E-008
2.6655000E-003   3.0223500E-008
2.7911200E-003   2.8152100E-008
2.9226600E-003   2.6223600E-008
3.0604000E-003   2.4459700E-008
3.2046400E-003   2.2769600E-008
3.3556700E-003   2.1131500E-008
3.5138100E-003   1.9426300E-008
3.6794100E-003   1.7957400E-008
3.8528200E-003   1.6665700E-008
4.0344000E-003   1.5455400E-008
4.2245300E-003   1.4248000E-008
4.4236300E-003   1.3049500E-008
4.6321100E-003   1.2033300E-008
4.8504100E-003   1.1005900E-008
5.0790100E-003   1.0065200E-008
5.3183700E-003   9.3293900E-009
5.5690200E-003   8.4595800E-009
5.8314800E-003   7.7210100E-009
6.1063100E-003   6.9698000E-009
6.3940900E-003   6.3816300E-009
6.6954300E-003   5.8400600E-009
7.0109800E-003   5.3113500E-009
7.3414000E-003   4.7572400E-009
7.6873900E-003   4.3062400E-009
8.0496800E-003   3.8786400E-009
8.4290500E-003   3.4716869E-009
8.8263000E-003   3.1328000E-009
9.2422700E-003   2.7899800E-009
9.6778500E-003   2.5106000E-009
1.0133900E-002   2.2616760E-009
1.0611500E-002   2.0522779E-009
1.1111700E-002   1.7912840E-009
1.1635300E-002   1.5863100E-009
1.2183700E-002   1.4182000E-009
1.2757900E-002   1.2539501E-009
1.3359100E-002   1.1325409E-009
1.3988700E-002   1.0087600E-009
1.4648000E-002   9.0317898E-010
1.5338400E-002   7.9260500E-010
1.6061200E-002   7.1149100E-010
1.6818200E-002   6.3959799E-010
1.7610800E-002   5.6793598E-010
1.8440800E-002   4.9582899E-010
1.9309800E-002   4.3364101E-010
2.0219900E-002   3.7849399E-010
2.1172800E-002   3.3586900E-010
2.2170700E-002   2.8834701E-010
2.3215500E-002   2.4683400E-010
 28
 1   2   3   4
 xy
 100
1.0133900E-003   9.6099300E-008
1.0611500E-003   9.2072500E-008
1.1111700E-003   8.8243100E-008
1.1635300E-003   8.4173400E-008
1.2183700E-003   8.0344600E-008
1.2757900E-003   7.6684600E-008
1.3359100E-003   7.3325800E-008
1.3988700E-003   6.9470800E-008
1.4648000E-003   6.7195181E-008
1.5338400E-003   6.2887040E-008
1.6061200E-003   5.9687000E-008
1.6818200E-003   5.6894800E-008
1.7610800E-003   5.3353386E-008
1.8440800E-003   5.0443063E-008
1.9309800E-003   4.8016400E-008
2.0219900E-003   4.4089603E-008
2.1172800E-003   4.1684601E-008
2.2170700E-003   3.9113452E-008
2.3215500E-003   3.6964000E-008
2.4309700E-003   3.4632600E-008
2.5455300E-003   3.2567865E-008
2.6655000E-003   3.1127600E-008
2.7911200E-003   2.9160300E-008
2.9226600E-003   2.6916000E-008
3.0604000E-003   2.4739200E-008
3.2046400E-003   2.3260876E-008
3.3556700E-003   2.1504102E-008
3.5138100E-003   2.0061900E-008
3.6794100E-003   1.8378573E-008
3.8528200E-003   1.6990535E-008
4.0344000E-003   1.5884533E-008
4.2245300E-003   1.4726900E-008
4.4236300E-003   1.3514553E-008
4.6321100E-003   1.2318900E-008
4.8504100E-003   1.1255100E-008
5.0790100E-003   1.0371327E-008
5.3183700E-003   9.3753050E-009
5.5690200E-003   8.6149310E-009
5.8314800E-003   7.9070700E-009
6.1063100E-003   7.2431412E-009
6.3940900E-003   6.7143540E-009
6.6954300E-003   6.1174541E-009
7.0109800E-003   5.5334550E-009
7.3414000E-003   5.0167439E-009
7.6873900E-003   4.5216648E-009
8.0496800E-003   4.0513051E-009
8.4290500E-003   3.6404171E-009
8.8263000E-003   3.2716581E-009
9.2422700E-003   2.9627300E-009
9.6778500E-003   2.7467459E-009
1.0133900E-002   2.5516489E-009
1.0611500E-002   2.3589359E-009
1.1111700E-002   2.1336051E-009
1.1635300E-002   1.9360651E-009
1.2183700E-002   1.7424860E-009
1.2757900E-002   1.5751440E-009
1.3359100E-002   1.4079889E-009
1.3988700E-002   1.2626000E-009
1.4648000E-002   1.1377040E-009
1.5338400E-002   9.9999997E-010
1.6061200E-002   8.8995300E-010
1.6818200E-002   7.9201601E-010
1.7610800E-002   6.9129302E-010
1.8440800E-002   6.0338001E-010
1.9309800E-002   5.2664600E-010
2.0219900E-002   4.6372500E-010
2.1172800E-002   4.0531800E-010
2.2170700E-002   3.5706099E-010
2.3215500E-002   3.0565500E-010
 29
 1   2   3   4
 xy
 100
1.0133900E-003   9.3999300E-008
1.0611500E-003   9.0410600E-008
1.1111700E-003   8.6648600E-008
1.1635300E-003   8.2638000E-008
1.2183700E-003   7.9468300E-008
1.2757900E-003   7.5718100E-008
1.3359100E-003   7.2291800E-008
1.3988700E-003   6.8628400E-008
1.4648000E-003   6.5393000E-008
1.5338400E-003   6.2310500E-008
1.6061200E-003   5.9185900E-008
1.6818200E-003   5.6111000E-008
1.7610800E-003   5.2988300E-008
1.8440800E-003   5.0052200E-008
1.9309800E-003   4.7231700E-008
2.0219900E-003   4.4659200E-008
2.1172800E-003   4.1916900E-008
2.2170700E-003   3.9410700E-008
2.3215500E-003   3.7033100E-008
2.4309700E-003   3.4675900E-008
2.5455300E-003   3.2699200E-008
2.6655000E-003   3.0458300E-008
2.7911200E-003   2.8547000E-008
2.9226600E-003   2.6768100E-008
3.0604000E-003   2.4743500E-008
3.2046400E-003   2.3159100E-008
3.3556700E-003   2.1412500E-008
3.5138100E-003   1.9786400E-008
3.6794100E-003   1.8431000E-008
3.8528200E-003   1.7103000E-008
4.0344000E-003   1.5716600E-008
4.2245300E-003   1.4389100E-008
4.4236300E-003   1.3398000E-008
4.6321100E-003   1.2323200E-008
4.8504100E-003   1.1184900E-008
5.0790100E-003   1.0322300E-008
5.3183700E-003   9.3032700E-009
5.5690200E-003   8.6408200E-009
5.8314800E-003   7.8772207E-009
6.1063100E-003   7.1601529E-009
6.3940900E-003   6.4966300E-009
6.6954300E-003   5.9703600E-009
7.0109800E-003   5.4966200E-009
7.3414000E-003   4.9685300E-009
7.6873900E-003   4.4334000E-009
8.0496800E-003   4.0503300E-009
8.4290500E-003   3.5650900E-009
8.8263000E-003   3.2172700E-009
9.2422700E-003   2.8573179E-009
9.6778500E-003   2.5965600E-009
1.0133900E-002   2.3668400E-009
1.0611500E-002   2.1204349E-009
1.1111700E-002   1.9029800E-009
1.1635300E-002   1.6903600E-009
1.2183700E-002   1.4782900E-009
1.2757900E-002   1.3157430E-009
1.3359100E-002   1.1402360E-009
1.3988700E-002   9.7642106E-010
1.4648000E-002   8.3955798E-010
1.5338400E-002   7.4716699E-010
1.6061200E-002   6.5214800E-010
1.6818200E-002   5.6921201E-010
1.7610800E-002   5.1137300E-010
1.8440800E-002   4.4927500E-010
1.9309800E-002   3.9905801E-010
2.0219900E-002   3.4582801E-010
2.1172800E-002   3.0580000E-010
2.2170700E-002   2.6741401E-010
2.3215500E-002   2.3051200E-010
 30
 1   2   3   4
 xy
 100
1.0133900E-003   9.4803200E-008
1.0611500E-003   9.0756600E-008
1.1111700E-003   8.6905500E-008
1.1635300E-003   8.3086200E-008
1.2183700E-003   7.9692100E-008
1.2757900E-003   7.6032800E-008
1.3359100E-003   7.2582500E-008
1.3988700E-003   6.8921600E-008
1.4648000E-003   6.5565900E-008
1.5338400E-003   6.2300500E-008
1.6061200E-003   5.8846200E-008
1.6818200E-003   5.5894800E-008
1.7610800E-003   5.3115400E-008
1.8440800E-003   4.9868200E-008
1.9309800E-003   4.7404600E-008
2.0219900E-003   4.4725900E-008
2.1172800E-003   4.2515200E-008
2.2170700E-003   4.0055400E-008
2.3215500E-003   3.7389300E-008
2.4309700E-003   3.4834600E-008
2.5455300E-003   3.2623900E-008
2.6655000E-003   3.0272600E-008
2.7911200E-003   2.8402900E-008
2.9226600E-003   2.6570200E-008
3.0604000E-003   2.4815100E-008
3.2046400E-003   2.2975700E-008
3.3556700E-003   2.1224700E-008
3.5138100E-003   1.9731700E-008
3.6794100E-003   1.8396800E-008
3.8528200E-003   1.6839100E-008
4.0344000E-003   1.5449200E-008
4.2245300E-003   1.4428200E-008
4.4236300E-003   1.3279100E-008
4.6321100E-003   1.2242800E-008
4.8504100E-003   1.1030800E-008
5.0790100E-003   1.0281304E-008
5.3183700E-003   9.4079278E-009
5.5690200E-003   8.4716300E-009
5.8314800E-003   7.5354372E-009
6.1063100E-003   6.7534700E-009
6.3940900E-003   6.1278000E-009
6.6954300E-003   5.7476939E-009
7.0109800E-003   5.1151781E-009
7.3414000E-003   4.5734190E-009
7.6873900E-003   4.1192100E-009
8.0496800E-003   3.7483461E-009
8.4290500E-003   3.4013050E-009
8.8263000E-003   3.0436200E-009
9.2422700E-003   2.6877900E-009
9.6778500E-003   2.3513000E-009
1.0133900E-002   2.0820500E-009
1.0611500E-002   1.8823429E-009
1.1111700E-002   1.6573311E-009
1.1635300E-002   1.4749471E-009
1.2183700E-002   1.3126330E-009
1.2757900E-002   1.1680730E-009
1.3359100E-002   1.0453870E-009
1.3988700E-002   9.0741498E-010
1.4648000E-002   7.9201601E-010
1.5338400E-002   6.9129302E-010
1.6061200E-002   6.0338001E-010
1.6818200E-002   5.3698002E-010
1.7610800E-002   4.6868998E-010
1.8440800E-002   4.1158299E-010
1.9309800E-002   3.5665300E-010
2.0219900E-002   3.1776801E-010
2.1172800E-002   2.8834701E-010
2.2170700E-002   2.5825500E-010
2.3215500E-002   2.3113000E-010
 31
 1   2   3   4
 xy
 100
1.0133900E-003   9.6001500E-008
1.0611500E-003   9.2369600E-008
1.1111700E-003   8.8710300E-008
1.1635300E-003   8.5001200E-008
1.2183700E-003   8.1462100E-008
1.2757900E-003   7.7618600E-008
1.3359100E-003   7.4295100E-008
1.3988700E-003   7.0510100E-008
1.4648000E-003   6.7206700E-008
1.5338400E-003   6.3891900E-008
1.6061200E-003   6.0471600E-008
1.6818200E-003   5.7384400E-008
1.7610800E-003   5.4445500E-008
1.8440800E-003   5.1538200E-008
1.9309800E-003   4.8632500E-008
2.0219900E-003   4.5789000E-008
2.1172800E-003   4.2964000E-008
2.2170700E-003   4.0560200E-008
2.3215500E-003   3.8296000E-008
2.4309700E-003   3.5958000E-008
2.5455300E-003   3.3693600E-008
2.6655000E-003   3.1555700E-008
2.7911200E-003   2.9550000E-008
2.9226600E-003   2.7328900E-008
3.0604000E-003   2.5682500E-008
3.2046400E-003   2.3778100E-008
3.3556700E-003   2.1948900E-008
3.5138100E-003   2.0284800E-008
3.6794100E-003   1.8870200E-008
3.8528200E-003   1.7482900E-008
4.0344000E-003   1.6197000E-008
4.2245300E-003   1.4969000E-008
4.4236300E-003   1.3728200E-008
4.6321100E-003   1.2579400E-008
4.8504100E-003   1.1490900E-008
5.0790100E-003   1.0595700E-008
5.3183700E-003   9.5841600E-009
5.5690200E-003   8.8751000E-009
5.8314800E-003   8.0045100E-009
6.1063100E-003   7.1933800E-009
6.3940900E-003   6.5713000E-009
6.6954300E-003   5.9946700E-009
7.0109800E-003   5.3732200E-009
7.3414000E-003   4.8466990E-009
7.6873900E-003   4.3500838E-009
8.0496800E-003   3.8907000E-009
8.4290500E-003   3.4963700E-009
8.8263000E-003   3.1452310E-009
9.2422700E-003   2.8217700E-009
9.6778500E-003   2.5337039E-009
1.0133900E-002   2.2988060E-009
1.0611500E-002   2.0562400E-009
1.1111700E-002   1.8319380E-009
1.1635300E-002   1.6254380E-009
1.2183700E-002   1.4133010E-009
1.2757900E-002   1.2280100E-009
1.3359100E-002   1.0808250E-009
1.3988700E-002   9.6808905E-010
1.4648000E-002   8.5445400E-010
1.5338400E-002   7.4716699E-010
1.6061200E-002   6.6312600E-010
1.6818200E-002   5.6999200E-010
1.7610800E-002   5.0006799E-010
1.8440800E-002   4.3729700E-010
1.9309800E-002   3.8240600E-010
2.0219900E-002   3.4196401E-010
2.1172800E-002   2.9797401E-010
2.2170700E-002   2.6172201E-010
2.3215500E-002   2.3237900E-010
 32
 1   2   3   4
 xy
 100
1.0133900E-003   9.7282800E-008
1.0611500E-003   9.3623400E-008
1.1111700E-003   9.0130300E-008
1.1635300E-003   8.6399500E-008
1.2183700E-003   8.2647300E-008
1.2757900E-003   7.9044300E-008
1.3359100E-003   7.5213500E-008
1.3988700E-003   7.1847700E-008
1.4648000E-003   6.8806900E-008
1.5338400E-003   6.5304900E-008
1.6061200E-003   6.1965300E-008
1.6818200E-003   5.8751900E-008
1.7610800E-003   5.5860100E-008
1.8440800E-003   5.2859700E-008
1.9309800E-003   4.9824800E-008
2.0219900E-003   4.6809700E-008
2.1172800E-003   4.4535100E-008
2.2170700E-003   4.1790400E-008
2.3215500E-003   3.9049800E-008
2.4309700E-003   3.6852400E-008
2.5455300E-003   3.4321400E-008
2.6655000E-003   3.2052100E-008
2.7911200E-003   3.0204300E-008
2.9226600E-003   2.7991200E-008
3.0604000E-003   2.6134500E-008
3.2046400E-003   2.4507200E-008
3.3556700E-003   2.2630900E-008
3.5138100E-003   2.0980700E-008
3.6794100E-003   1.9371400E-008
3.8528200E-003   1.7857100E-008
4.0344000E-003   1.6514000E-008
4.2245300E-003   1.5107500E-008
4.4236300E-003   1.4029800E-008
4.6321100E-003   1.2873600E-008
4.8504100E-003   1.1844600E-008
5.0790100E-003   1.0887400E-008
5.3183700E-003   9.8654200E-009
5.5690200E-003   9.0258814E-009
5.8314800E-003   8.2941100E-009
6.1063100E-003   7.4975600E-009
6.3940900E-003   6.7742389E-009
6.6954300E-003   6.1521100E-009
7.0109800E-003   5.6570600E-009
7.3414000E-003   5.0214100E-009
7.6873900E-003   4.4959241E-009
8.0496800E-003   4.0270600E-009
8.4290500E-003   3.6129630E-009
8.8263000E-003   3.2792400E-009
9.2422700E-003   2.9404900E-009
9.6778500E-003   2.6299300E-009
1.0133900E-002   2.3833900E-009
1.0611500E-002   2.1187400E-009
1.1111700E-002   1.9283900E-009
1.1635300E-002   1.7504500E-009
1.2183700E-002   1.5179000E-009
1.2757900E-002   1.3619600E-009
1.3359100E-002   1.2118500E-009
1.3988700E-002   1.0600260E-009
1.4648000E-002   9.4680597E-010
1.5338400E-002   8.2340201E-010
1.6061200E-002   7.3278900E-010
1.6818200E-002   6.5214800E-010
1.7610800E-002   5.9176902E-010
1.8440800E-002   5.2664600E-010
1.9309800E-002   4.7465400E-010
2.0219900E-002   4.1521300E-010
2.1172800E-002   3.6818701E-010
2.2170700E-002   3.2648700E-010
2.3215500E-002   2.8519301E-010
 33
 1   2   3   4
 xy
 100
1.0133900E-003   9.7713400E-008
1.0611500E-003   9.4007800E-008
1.1111700E-003   9.0552600E-008
1.1635300E-003   8.6855900E-008
1.2183700E-003   8.3294200E-008
1.2757900E-003   7.9664800E-008
1.3359100E-003   7.6037800E-008
1.3988700E-003   7.2581900E-008
1.4648000E-003   6.9194100E-008
1.5338400E-003   6.5898600E-008
1.6061200E-003   6.2776000E-008
1.6818200E-003   5.9724900E-008
1.7610800E-003   5.6491500E-008
1.8440800E-003   5.3402500E-008
1.9309800E-003   5.0503500E-008
2.0219900E-003   4.7577400E-008
2.1172800E-003   4.5055200E-008
2.2170700E-003   4.2120600E-008
2.3215500E-003   4.0064800E-008
2.4309700E-003   3.7302900E-008
2.5455300E-003   3.4918200E-008
2.6655000E-003   3.2779700E-008
2.7911200E-003   3.0621700E-008
2.9226600E-003   2.8426500E-008
3.0604000E-003   2.6502000E-008
3.2046400E-003   2.4506200E-008
3.3556700E-003   2.2912200E-008
3.5138100E-003   2.1333600E-008
3.6794100E-003   2.0141965E-008
3.8528200E-003   1.8148476E-008
4.0344000E-003   1.6798100E-008
4.2245300E-003   1.5558100E-008
4.4236300E-003   1.4342200E-008
4.6321100E-003   1.3001800E-008
4.8504100E-003   1.2025800E-008
5.0790100E-003   1.0994500E-008
5.3183700E-003   1.0215000E-008
5.5690200E-003   9.1483400E-009
5.8314800E-003   8.3057268E-009
6.1063100E-003   7.5652300E-009
6.3940900E-003   6.8607300E-009
6.6954300E-003   6.3341421E-009
7.0109800E-003   5.7144800E-009
7.3414000E-003   5.2047600E-009
7.6873900E-003   4.6231500E-009
8.0496800E-003   4.2739998E-009
8.4290500E-003   3.8031700E-009
8.8263000E-003   3.4536100E-009
9.2422700E-003   3.0585200E-009
9.6778500E-003   2.8006411E-009
1.0133900E-002   2.4924389E-009
1.0611500E-002   2.2727000E-009
1.1111700E-002   1.9936600E-009
1.1635300E-002   1.7230070E-009
1.2183700E-002   1.5333950E-009
1.2757900E-002   1.3532300E-009
1.3359100E-002   1.2189100E-009
1.3988700E-002   1.0603760E-009
1.4648000E-002   9.3085600E-010
1.5338400E-002   8.2787199E-010
1.6061200E-002   7.3278900E-010
1.6818200E-002   6.4589500E-010
1.7610800E-002   5.8038102E-010
1.8440800E-002   5.1455800E-010
1.9309800E-002   4.5082499E-010
2.0219900E-002   3.8832400E-010
2.1172800E-002   3.3358200E-010
2.2170700E-002   2.9395300E-010
2.3215500E-002   2.5577299E-010
 34
 1   2   3   4
 xy
 100
1.0133900E-003   9.8372600E-008
1.0611500E-003   9.4609300E-008
1.1111700E-003   9.1198500E-008
1.1635300E-003   8.7260300E-008
1.2183700E-003   8.3526000E-008
1.2757900E-003   8.0385800E-008
1.3359100E-003   7.6774100E-008
1.3988700E-003   7.3130900E-008
1.4648000E-003   6.9965100E-008
1.5338400E-003   6.6414300E-008
1.6061200E-003   6.3103600E-008
1.6818200E-003   6.0099500E-008
1.7610800E-003   5.7109500E-008
1.8440800E-003   5.3894900E-008
1.9309800E-003   5.0969700E-008
2.0219900E-003   4.7868900E-008
2.1172800E-003   4.5182500E-008
2.2170700E-003   4.2610700E-008
2.3215500E-003   4.0225500E-008
2.4309700E-003   3.7832600E-008
2.5455300E-003   3.5588900E-008
2.6655000E-003   3.3148100E-008
2.7911200E-003   3.1043900E-008
2.9226600E-003   2.8839500E-008
3.0604000E-003   2.6956800E-008
3.2046400E-003   2.5075100E-008
3.3556700E-003   2.3365300E-008
3.5138100E-003   2.1723700E-008
3.6794100E-003   1.9730500E-008
3.8528200E-003   1.8373900E-008
4.0344000E-003   1.6961900E-008
4.2245300E-003   1.5710500E-008
4.4236300E-003   1.4235900E-008
4.6321100E-003   1.3144700E-008
4.8504100E-003   1.2200900E-008
5.0790100E-003   1.1165700E-008
5.3183700E-003   1.0074800E-008
5.5690200E-003   9.2896700E-009
5.8314800E-003   8.4318900E-009
6.1063100E-003   7.7592306E-009
6.3940900E-003   6.9634900E-009
6.6954300E-003   6.4364200E-009
7.0109800E-003   5.7959300E-009
7.3414000E-003   5.2416400E-009
7.6873900E-003   4.7742800E-009
8.0496800E-003   4.2622900E-009
8.4290500E-003   3.8580700E-009
8.8263000E-003   3.4923000E-009
9.2422700E-003   3.0921200E-009
9.6778500E-003   2.7678400E-009
1.0133900E-002   2.5413429E-009
1.0611500E-002   2.3060529E-009
1.1111700E-002   2.0925459E-009
1.1635300E-002   1.8988080E-009
1.2183700E-002   1.6702500E-009
1.2757900E-002   1.4735600E-009
1.3359100E-002   1.3104600E-009
1.3988700E-002   1.1457020E-009
1.4648000E-002   9.9999997E-010
1.5338400E-002   8.8995300E-010
1.6061200E-002   7.9201601E-010
1.6818200E-002   6.9129302E-010
1.7610800E-002   6.0984001E-010
1.8440800E-002   5.2664600E-010
1.9309800E-002   4.5967100E-010
2.0219900E-002   4.0121301E-010
2.1172800E-002   3.5555500E-010
2.2170700E-002   3.1269301E-010
2.3215500E-002   2.7148900E-010
 35
 1   2   3   4
 xy
 100
1.0133900E-003   1.0005100E-007
1.0611500E-003   9.6162900E-008
1.1111700E-003   9.2150900E-008
1.1635300E-003   8.7514300E-008
1.2183700E-003   8.3476700E-008
1.2757900E-003   7.9922600E-008
1.3359100E-003   7.6172100E-008
1.3988700E-003   7.3342500E-008
1.4648000E-003   6.9762500E-008
1.5338400E-003   6.6797100E-008
1.6061200E-003   6.3556100E-008
1.6818200E-003   6.0782200E-008
1.7610800E-003   5.7779200E-008
1.8440800E-003   5.5235500E-008
1.9309800E-003   5.1775100E-008
2.0219900E-003   4.8897600E-008
2.1172800E-003   4.5748100E-008
2.2170700E-003   4.2814400E-008
2.3215500E-003   3.9736300E-008
2.4309700E-003   3.7498700E-008
2.5455300E-003   3.5306800E-008
2.6655000E-003   3.3453100E-008
2.7911200E-003   3.1290600E-008
2.9226600E-003   2.9356228E-008
3.0604000E-003   2.7009998E-008
3.2046400E-003   2.4731800E-008
3.3556700E-003   2.2886900E-008
3.5138100E-003   2.1291600E-008
3.6794100E-003   1.9887800E-008
3.8528200E-003   1.8677461E-008
4.0344000E-003   1.7347200E-008
4.2245300E-003   1.5811256E-008
4.4236300E-003   1.4375493E-008
4.6321100E-003   1.3118900E-008
4.8504100E-003   1.2359300E-008
5.0790100E-003   1.1330878E-008
5.3183700E-003   1.0097900E-008
5.5690200E-003   9.3246300E-009
5.8314800E-003   8.4001400E-009
6.1063100E-003   7.5604000E-009
6.3940900E-003   6.9799739E-009
6.6954300E-003   6.2710779E-009
7.0109800E-003   5.6341780E-009
7.3414000E-003   5.0447819E-009
7.6873900E-003   4.5120911E-009
8.0496800E-003   4.0721062E-009
8.4290500E-003   3.6152601E-009
8.8263000E-003   3.2934900E-009
9.2422700E-003   3.0242671E-009
9.6778500E-003   2.7171181E-009
1.0133900E-002   2.4661899E-009
1.0611500E-002   2.2399089E-009
1.1111700E-002   2.0525430E-009
1.1635300E-002   1.8901560E-009
1.2183700E-002   1.7363260E-009
1.2757900E-002   1.5584430E-009
1.3359100E-002   1.4043180E-009
1.3988700E-002   1.2536930E-009
1.4648000E-002   1.1119440E-009
1.5338400E-002   9.9999997E-010
1.6061200E-002   8.8044100E-010
1.6818200E-002   7.9180401E-010
1.7610800E-002   6.9978001E-010
1.8440800E-002   5.9668298E-010
1.9309800E-002   5.1483801E-010
2.0219900E-002   4.3729700E-010
2.1172800E-002   3.7395201E-010
2.2170700E-002   3.1978201E-010
2.3215500E-002   2.6741401E-010
 36
 1   2   3   4
 xy
 100
1.0133900E-003   9.9699000E-008
1.0611500E-003   9.4909900E-008
1.1111700E-003   9.1365800E-008
1.1635300E-003   8.8836500E-008
1.2183700E-003   8.4894800E-008
1.2757900E-003   8.1039500E-008
1.3359100E-003   7.7421500E-008
1.3988700E-003   7.4945800E-008
1.4648000E-003   7.1268000E-008
1.5338400E-003   6.7432900E-008
1.6061200E-003   6.3978200E-008
1.6818200E-003   6.1300200E-008
1.7610800E-003   5.8121100E-008
1.8440800E-003   5.4888900E-008
1.9309800E-003   5.1846000E-008
2.0219900E-003   4.9356500E-008
2.1172800E-003   4.6676900E-008
2.2170700E-003   4.3734700E-008
2.3215500E-003   4.0890300E-008
2.4309700E-003   3.8335900E-008
2.5455300E-003   3.6090500E-008
2.6655000E-003   3.3397000E-008
2.7911200E-003   3.1810100E-008
2.9226600E-003   2.9645400E-008
3.0604000E-003   2.7472100E-008
3.2046400E-003   2.5751600E-008
3.3556700E-003   2.3854400E-008
3.5138100E-003   2.2086500E-008
3.6794100E-003   2.0382300E-008
3.8528200E-003   1.8641200E-008
4.0344000E-003   1.7328600E-008
4.2245300E-003   1.5848933E-008
4.4236300E-003   1.4543700E-008
4.6321100E-003   1.3475400E-008
4.8504100E-003   1.2405800E-008
5.0790100E-003   1.1310200E-008
5.3183700E-003   1.0406100E-008
5.5690200E-003   9.4198800E-009
5.8314800E-003   8.4471500E-009
6.1063100E-003   7.7413500E-009
6.3940900E-003   7.0366899E-009
6.6954300E-003   6.2989400E-009
7.0109800E-003   5.6576200E-009
7.3414000E-003   5.1974398E-009
7.6873900E-003   4.6088702E-009
8.0496800E-003   4.1041600E-009
8.4290500E-003   3.7470040E-009
8.8263000E-003   3.3523211E-009
9.2422700E-003   2.9907000E-009
9.6778500E-003   2.6142600E-009
1.0133900E-002   2.3628500E-009
1.0611500E-002   2.1017481E-009
1.1111700E-002   1.9306980E-009
1.1635300E-002   1.7363260E-009
1.2183700E-002   1.5615230E-009
1.2757900E-002   1.4344390E-009
1.3359100E-002   1.3029940E-009
1.3988700E-002   1.1721020E-009
1.4648000E-002   1.0432560E-009
1.5338400E-002   9.4844399E-010
1.6061200E-002   8.5316798E-010
1.6818200E-002   7.7563100E-010
1.7610800E-002   6.9771500E-010
1.8440800E-002   6.2101702E-010
1.9309800E-002   5.5595900E-010
2.0219900E-002   4.9436899E-010
2.1172800E-002   4.4256501E-010
2.2170700E-002   3.9090201E-010
2.3215500E-002   3.3864500E-010
 37
 1   2   3   4
 xy
 100
1.0133900E-003   9.8705700E-008
1.0611500E-003   9.5086900E-008
1.1111700E-003   9.1556400E-008
1.1635300E-003   8.8113600E-008
1.2183700E-003   8.4332300E-008
1.2757900E-003   8.1147300E-008
1.3359100E-003   7.8004100E-008
1.3988700E-003   7.4741800E-008
1.4648000E-003   7.1270800E-008
1.5338400E-003   6.7856300E-008
1.6061200E-003   6.4440600E-008
1.6818200E-003   6.1267900E-008
1.7610800E-003   5.8345500E-008
1.8440800E-003   5.5293300E-008
1.9309800E-003   5.2250800E-008
2.0219900E-003   4.9742800E-008
2.1172800E-003   4.6790100E-008
2.2170700E-003   4.4284100E-008
2.3215500E-003   4.1685400E-008
2.4309700E-003   3.9173100E-008
2.5455300E-003   3.6266600E-008
2.6655000E-003   3.4231800E-008
2.7911200E-003   3.1783500E-008
2.9226600E-003   2.9808500E-008
3.0604000E-003   2.7825500E-008
3.2046400E-003   2.5868200E-008
3.3556700E-003   2.4104300E-008
3.5138100E-003   2.2446800E-008
3.6794100E-003   2.0628100E-008
3.8528200E-003   1.9281000E-008
4.0344000E-003   1.7688500E-008
4.2245300E-003   1.6223800E-008
4.4236300E-003   1.5144220E-008
4.6321100E-003   1.3744400E-008
4.8504100E-003   1.2794500E-008
5.0790100E-003   1.1803500E-008
5.3183700E-003   1.0890230E-008
5.5690200E-003   9.8523900E-009
5.8314800E-003   8.9237700E-009
6.1063100E-003   7.9516700E-009
6.3940900E-003   7.3147168E-009
6.6954300E-003   6.5299600E-009
7.0109800E-003   6.0256200E-009
7.3414000E-003   5.4892000E-009
7.6873900E-003   4.9693121E-009
8.0496800E-003   4.3979000E-009
8.4290500E-003   3.9585020E-009
8.8263000E-003   3.4856800E-009
9.2422700E-003   3.1442000E-009
9.6778500E-003   2.8465641E-009
1.0133900E-002   2.5440750E-009
1.0611500E-002   2.2230000E-009
1.1111700E-002   2.0144080E-009
1.1635300E-002   1.8116090E-009
1.2183700E-002   1.6204600E-009
1.2757900E-002   1.4388800E-009
1.3359100E-002   1.2766400E-009
1.3988700E-002   1.1435430E-009
1.4648000E-002   1.0226070E-009
1.5338400E-002   9.1432900E-010
1.6061200E-002   7.9967299E-010
1.6818200E-002   7.0533701E-010
1.7610800E-002   6.1151600E-010
1.8440800E-002   5.3923499E-010
1.9309800E-002   4.7785997E-010
2.0219900E-002   4.1817599E-010
2.1172800E-002   3.7026501E-010
2.2170700E-002   3.2374600E-010
2.3215500E-002   2.8307101E-010
 38
 1   2   3   4
 xy
 100
1.0133900E-003   1.0568409E-007
1.0611500E-003   1.0111182E-007
1.1111700E-003   9.6737359E-008
1.1635300E-003   9.2552156E-008
1.2183700E-003   8.7574357E-008
1.2757900E-003   8.3785579E-008
1.3359100E-003   7.9279275E-008
1.3988700E-003   7.5849371E-008
1.4648000E-003   7.2893000E-008
1.5338400E-003   6.9260600E-008
1.6061200E-003   6.5131100E-008
1.6818200E-003   6.1608700E-008
1.7610800E-003   5.8739300E-008
1.8440800E-003   5.6367500E-008
1.9309800E-003   5.4392270E-008
2.0219900E-003   5.1513901E-008
2.1172800E-003   4.8787850E-008
2.2170700E-003   4.5706333E-008
2.3215500E-003   4.2322000E-008
2.4309700E-003   3.9251901E-008
2.5455300E-003   3.6561602E-008
2.6655000E-003   3.3838553E-008
2.7911200E-003   3.0990100E-008
2.9226600E-003   2.9308040E-008
3.0604000E-003   2.7731746E-008
3.2046400E-003   2.6240228E-008
3.3556700E-003   2.4555913E-008
3.5138100E-003   2.2727026E-008
3.6794100E-003   2.0672200E-008
3.8528200E-003   1.9253681E-008
4.0344000E-003   1.7819699E-008
4.2245300E-003   1.6802100E-008
4.4236300E-003   1.5264179E-008
4.6321100E-003   1.3677100E-008
4.8504100E-003   1.2509470E-008
5.0790100E-003   1.1577784E-008
5.3183700E-003   1.0481131E-008
5.5690200E-003   9.2841450E-009
5.8314800E-003   8.3093648E-009
6.1063100E-003   7.4395832E-009
6.3940900E-003   6.6111419E-009
6.6954300E-003   6.0730958E-009
7.0109800E-003   5.5788378E-009
7.3414000E-003   5.0171929E-009
7.6873900E-003   4.5233710E-009
8.0496800E-003   4.0498880E-009
8.4290500E-003   3.5860950E-009
8.8263000E-003   3.0794931E-009
9.2422700E-003   2.7113130E-009
9.6778500E-003   2.4049100E-009
1.0133900E-002   2.1468280E-009
1.0611500E-002   1.9738680E-009
1.1111700E-002   1.7735680E-009
1.1635300E-002   1.6292270E-009
1.2183700E-002   1.4652060E-009
1.2757900E-002   1.3257110E-009
1.3359100E-002   1.2001390E-009
1.3988700E-002   1.0627000E-009
1.4648000E-002   9.5844399E-010
1.5338400E-002   8.5186802E-010
1.6061200E-002   7.6269902E-010
1.6818200E-002   6.7535499E-010
1.7610800E-002   6.0466199E-010
1.8440800E-002   5.2905702E-010
1.9309800E-002   4.6888698E-010
2.0219900E-002   4.1062501E-010
2.1172800E-002   3.6360001E-010
2.2170700E-002   3.1842101E-010
2.3215500E-002   2.8509001E-010
 39
 1   2   3   4
 xy
 100
1.0133900E-003   9.9540800E-008
1.0611500E-003   9.6086400E-008
1.1111700E-003   9.2664400E-008
1.1635300E-003   8.9307100E-008
1.2183700E-003   8.5909100E-008
1.2757900E-003   8.2603800E-008
1.3359100E-003   7.9288900E-008
1.3988700E-003   7.5651000E-008
1.4648000E-003   7.2630300E-008
1.5338400E-003   6.9384800E-008
1.6061200E-003   6.5985300E-008
1.6818200E-003   6.2889400E-008
1.7610800E-003   5.9808800E-008
1.8440800E-003   5.6569700E-008
1.9309800E-003   5.3675100E-008
2.0219900E-003   5.0651000E-008
2.1172800E-003   4.7727400E-008
2.2170700E-003   4.5355700E-008
2.3215500E-003   4.2475000E-008
2.4309700E-003   3.9898200E-008
2.5455300E-003   3.7441300E-008
2.6655000E-003   3.4933600E-008
2.7911200E-003   3.2709800E-008
2.9226600E-003   3.0545600E-008
3.0604000E-003   2.8294500E-008
3.2046400E-003   2.6657181E-008
3.3556700E-003   2.4662585E-008
3.5138100E-003   2.2817233E-008
3.6794100E-003   2.1697200E-008
3.8528200E-003   2.0172601E-008
4.0344000E-003   1.8380700E-008
4.2245300E-003   1.6714200E-008
4.4236300E-003   1.5243100E-008
4.6321100E-003   1.4184200E-008
4.8504100E-003   1.2736900E-008
5.0790100E-003   1.1790900E-008
5.3183700E-003   1.0744800E-008
5.5690200E-003   9.6942600E-009
5.8314800E-003   8.8855200E-009
6.1063100E-003   8.0249900E-009
6.3940900E-003   7.3392000E-009
6.6954300E-003   6.6258600E-009
7.0109800E-003   6.0803300E-009
7.3414000E-003   5.4442500E-009
7.6873900E-003   4.9031610E-009
8.0496800E-003   4.4276500E-009
8.4290500E-003   3.9810719E-009
8.8263000E-003   3.5676391E-009
9.2422700E-003   3.1920900E-009
9.6778500E-003   2.8651199E-009
1.0133900E-002   2.5395801E-009
1.0611500E-002   2.2698600E-009
1.1111700E-002   2.0576100E-009
1.1635300E-002   1.8320200E-009
1.2183700E-002   1.6292270E-009
1.2757900E-002   1.4421860E-009
1.3359100E-002   1.2527350E-009
1.3988700E-002   1.1036040E-009
1.4648000E-002   9.5863095E-010
1.5338400E-002   8.4385399E-010
1.6061200E-002   7.3752800E-010
1.6818200E-002   6.5349300E-010
1.7610800E-002   5.8330500E-010
1.8440800E-002   5.0865301E-010
1.9309800E-002   4.4810100E-010
2.0219900E-002   3.8923700E-010
2.1172800E-002   3.4290101E-010
2.2170700E-002   3.0208000E-010
2.3215500E-002   2.5872801E-010
 40
 1   2   3   4
 xy
 100
1.0133900E-003   9.7744600E-008
1.0611500E-003   9.4428400E-008
1.1111700E-003   9.1285600E-008
1.1635300E-003   8.7932300E-008
1.2183700E-003   8.4505400E-008
1.2757900E-003   8.1175600E-008
1.3359100E-003   7.7908900E-008
1.3988700E-003   7.4837500E-008
1.4648000E-003   7.1541600E-008
1.5338400E-003   6.8500100E-008
1.6061200E-003   6.5475700E-008
1.6818200E-003   6.2618000E-008
1.7610800E-003   5.9334400E-008
1.8440800E-003   5.6053100E-008
1.9309800E-003   5.2882600E-008
2.0219900E-003   5.0197000E-008
2.1172800E-003   4.6879400E-008
2.2170700E-003   4.4312500E-008
2.3215500E-003   4.1822900E-008
2.4309700E-003   3.9464500E-008
2.5455300E-003   3.7252000E-008
2.6655000E-003   3.5081300E-008
2.7911200E-003   3.2491100E-008
2.9226600E-003   3.0467700E-008
3.0604000E-003   2.7986000E-008
3.2046400E-003   2.5788500E-008
3.3556700E-003   2.4327000E-008
3.5138100E-003   2.2620949E-008
3.6794100E-003   2.1087022E-008
3.8528200E-003   1.9500400E-008
4.0344000E-003   1.7927200E-008
4.2245300E-003   1.6166500E-008
4.4236300E-003   1.5139200E-008
4.6321100E-003   1.3874900E-008
4.8504100E-003   1.2625800E-008
5.0790100E-003   1.1582100E-008
5.3183700E-003   1.0556900E-008
5.5690200E-003   9.5147854E-009
5.8314800E-003   8.7663912E-009
6.1063100E-003   8.0668300E-009
6.3940900E-003   7.3549882E-009
6.6954300E-003   6.6610000E-009
7.0109800E-003   5.9886700E-009
7.3414000E-003   5.4254352E-009
7.6873900E-003   4.8830509E-009
8.0496800E-003   4.4466248E-009
8.4290500E-003   3.9706800E-009
8.8263000E-003   3.6020009E-009
9.2422700E-003   3.1910600E-009
9.6778500E-003   2.8503091E-009
1.0133900E-002   2.5573900E-009
1.0611500E-002   2.2313600E-009
1.1111700E-002   2.0142000E-009
1.1635300E-002   1.7945500E-009
1.2183700E-002   1.5732450E-009
1.2757900E-002   1.3796571E-009
1.3359100E-002   1.2083470E-009
1.3988700E-002   1.0765560E-009
1.4648000E-002   9.3886399E-010
1.5338400E-002   8.2757701E-010
1.6061200E-002   7.2131301E-010
1.6818200E-002   6.3726502E-010
1.7610800E-002   5.4766600E-010
1.8440800E-002   4.7502002E-010
1.9309800E-002   4.0848999E-010
2.0219900E-002   3.5496900E-010
2.1172800E-002   3.0846001E-010
2.2170700E-002   2.6804500E-010
2.3215500E-002   2.3021600E-010
 41
 1   2   3   4
 xy
 100
1.0133900E-003   9.6574200E-008
1.0611500E-003   9.3346400E-008
1.1111700E-003   8.9949100E-008
1.1635300E-003   8.6866200E-008
1.2183700E-003   8.3845400E-008
1.2757900E-003   8.0476300E-008
1.3359100E-003   7.7135400E-008
1.3988700E-003   7.3873900E-008
1.4648000E-003   7.0494500E-008
1.5338400E-003   6.7210500E-008
1.6061200E-003   6.3887300E-008
1.6818200E-003   6.0948300E-008
1.7610800E-003   5.7888100E-008
1.8440800E-003   5.5174300E-008
1.9309800E-003   5.2372300E-008
2.0219900E-003   4.9501100E-008
2.1172800E-003   4.6679700E-008
2.2170700E-003   4.4420400E-008
2.3215500E-003   4.1789000E-008
2.4309700E-003   3.9191700E-008
2.5455300E-003   3.6610900E-008
2.6655000E-003   3.4349400E-008
2.7911200E-003   3.2059700E-008
2.9226600E-003   2.9805700E-008
3.0604000E-003   2.7708200E-008
3.2046400E-003   2.6317100E-008
3.3556700E-003   2.4381800E-008
3.5138100E-003   2.2547300E-008
3.6794100E-003   2.0961200E-008
3.8528200E-003   1.9297300E-008
4.0344000E-003   1.7797000E-008
4.2245300E-003   1.6592000E-008
4.4236300E-003   1.5158600E-008
4.6321100E-003   1.4040042E-008
4.8504100E-003   1.2617000E-008
5.0790100E-003   1.1550800E-008
5.3183700E-003   1.0496696E-008
5.5690200E-003   9.4120498E-009
5.8314800E-003   8.5575800E-009
6.1063100E-003   8.1291600E-009
6.3940900E-003   7.2920100E-009
6.6954300E-003   6.6229680E-009
7.0109800E-003   5.9777200E-009
7.3414000E-003   5.3898779E-009
7.6873900E-003   4.8448500E-009
8.0496800E-003   4.4048300E-009
8.4290500E-003   3.9484100E-009
8.8263000E-003   3.5044709E-009
9.2422700E-003   3.1523191E-009
9.6778500E-003   2.8202400E-009
1.0133900E-002   2.5118860E-009
1.0611500E-002   2.2797890E-009
1.1111700E-002   2.0501800E-009
1.1635300E-002   1.8698000E-009
1.2183700E-002   1.6636140E-009
1.2757900E-002   1.5098970E-009
1.3359100E-002   1.3530700E-009
1.3988700E-002   1.2216770E-009
1.4648000E-002   1.0765560E-009
1.5338400E-002   9.6887998E-010
1.6061200E-002   8.6465402E-010
1.6818200E-002   7.6839302E-010
1.7610800E-002   6.7711697E-010
1.8440800E-002   5.9668298E-010
1.9309800E-002   5.2580401E-010
2.0219900E-002   4.6334400E-010
2.1172800E-002   4.1284701E-010
2.2170700E-002   3.6132200E-010
2.3215500E-002   3.1241901E-010
