 39
 Wed Sep 04 11:11:24 2019
 1
 1   2   3   4
 xy
 100
1.0133900E-003   7.2164482E-008
1.0611500E-003   6.9848298E-008
1.1111700E-003   6.6265700E-008
1.1635300E-003   6.4028811E-008
1.2183700E-003   6.0771800E-008
1.2757900E-003   5.8694180E-008
1.3359100E-003   5.5607600E-008
1.3988700E-003   5.3390000E-008
1.4648000E-003   5.0787200E-008
1.5338400E-003   4.8595200E-008
1.6061200E-003   4.5904400E-008
1.6818200E-003   4.4083100E-008
1.7610800E-003   4.2289700E-008
1.8440800E-003   4.0114909E-008
1.9309800E-003   3.7556500E-008
2.0219900E-003   3.5488400E-008
2.1172800E-003   3.3799000E-008
2.2170700E-003   3.1903800E-008
2.3215500E-003   2.9802800E-008
2.4309700E-003   2.8051400E-008
2.5455300E-003   2.6826100E-008
2.6655000E-003   2.4703300E-008
2.7911200E-003   2.3038581E-008
2.9226600E-003   2.1496800E-008
3.0604000E-003   2.0163600E-008
3.2046400E-003   1.8943046E-008
3.3556700E-003   1.7797800E-008
3.5138100E-003   1.6862100E-008
3.6794100E-003   1.5498400E-008
3.8528200E-003   1.4442500E-008
4.0344000E-003   1.3522306E-008
4.2245300E-003   1.2581600E-008
4.4236300E-003   1.1800400E-008
4.6321100E-003   1.0998218E-008
4.8504100E-003   1.0227700E-008
5.0790100E-003   9.5055200E-009
5.3183700E-003   8.7528349E-009
5.5690200E-003   8.0764000E-009
5.8314800E-003   7.4351050E-009
6.1063100E-003   6.8160082E-009
6.3940900E-003   6.2520400E-009
6.6954300E-003   5.9248000E-009
7.0109800E-003   5.4837681E-009
7.3414000E-003   5.0530200E-009
7.6873900E-003   4.6080619E-009
8.0496800E-003   4.3019299E-009
8.4290500E-003   3.8749900E-009
8.8263000E-003   3.5829300E-009
9.2422700E-003   3.2894190E-009
9.6778500E-003   2.9870850E-009
1.0133900E-002   2.7905000E-009
1.0611500E-002   2.6052029E-009
1.1111700E-002   2.3888791E-009
1.1635300E-002   2.1760169E-009
1.2183700E-002   1.9967400E-009
1.2757900E-002   1.8295780E-009
1.3359100E-002   1.6512840E-009
1.3988700E-002   1.4687590E-009
1.4648000E-002   1.3245900E-009
1.5338400E-002   1.1977460E-009
1.6061200E-002   1.0901310E-009
1.6818200E-002   9.7673902E-010
1.7610800E-002   8.7290702E-010
1.8440800E-002   7.5988799E-010
1.9309800E-002   6.7024702E-010
2.0219900E-002   5.9118099E-010
2.1172800E-002   5.1332399E-010
2.2170700E-002   4.4572099E-010
2.3215500E-002   3.8099601E-010
 2
 1   2   3   4
 xy
 100
1.0133900E-003   7.5778900E-008
1.0611500E-003   7.1524397E-008
1.1111700E-003   6.8193900E-008
1.1635300E-003   6.5132800E-008
1.2183700E-003   6.1587400E-008
1.2757900E-003   5.9450166E-008
1.3359100E-003   5.7211500E-008
1.3988700E-003   5.5467698E-008
1.4648000E-003   5.2431100E-008
1.5338400E-003   5.0569607E-008
1.6061200E-003   4.7233000E-008
1.6818200E-003   4.4615900E-008
1.7610800E-003   4.2767000E-008
1.8440800E-003   4.0600558E-008
1.9309800E-003   3.8350200E-008
2.0219900E-003   3.6317300E-008
2.1172800E-003   3.4011600E-008
2.2170700E-003   3.1685700E-008
2.3215500E-003   3.0356900E-008
2.4309700E-003   2.8651700E-008
2.5455300E-003   2.6551800E-008
2.6655000E-003   2.5138500E-008
2.7911200E-003   2.3859769E-008
2.9226600E-003   2.2005665E-008
3.0604000E-003   2.0531543E-008
3.2046400E-003   1.9321500E-008
3.3556700E-003   1.7872930E-008
3.5138100E-003   1.6748600E-008
3.6794100E-003   1.5739419E-008
3.8528200E-003   1.4769300E-008
4.0344000E-003   1.3567500E-008
4.2245300E-003   1.2783505E-008
4.4236300E-003   1.1960500E-008
4.6321100E-003   1.1131100E-008
4.8504100E-003   1.0466512E-008
5.0790100E-003   9.4807400E-009
5.3183700E-003   8.9226742E-009
5.5690200E-003   8.2100900E-009
5.8314800E-003   7.5971000E-009
6.1063100E-003   6.9035200E-009
6.3940900E-003   6.4062300E-009
6.6954300E-003   5.8978000E-009
7.0109800E-003   5.4273000E-009
7.3414000E-003   4.9557189E-009
7.6873900E-003   4.5648200E-009
8.0496800E-003   4.1994500E-009
8.4290500E-003   3.8237500E-009
8.8263000E-003   3.4912600E-009
9.2422700E-003   3.1577130E-009
9.6778500E-003   2.8469100E-009
1.0133900E-002   2.5727900E-009
1.0611500E-002   2.2969200E-009
1.1111700E-002   2.1054100E-009
1.1635300E-002   1.8461000E-009
1.2183700E-002   1.6512840E-009
1.2757900E-002   1.4733870E-009
1.3359100E-002   1.3146551E-009
1.3988700E-002   1.1730240E-009
1.4648000E-002   1.0466510E-009
1.5338400E-002   9.1284302E-010
1.6061200E-002   8.1450002E-010
1.6818200E-002   7.1037098E-010
1.7610800E-002   6.1955402E-010
1.8440800E-002   5.4034799E-010
1.9309800E-002   4.7552000E-010
2.0219900E-002   4.1101900E-010
2.1172800E-002   3.5961201E-010
2.2170700E-002   3.1304601E-010
2.3215500E-002   2.6937899E-010
 3
 1   2   3   4
 xy
 100
1.0133900E-003   7.3977800E-008
1.0611500E-003   7.0247900E-008
1.1111700E-003   6.7447600E-008
1.1635300E-003   6.4570200E-008
1.2183700E-003   6.1294600E-008
1.2757900E-003   5.9450166E-008
1.3359100E-003   5.6309300E-008
1.3988700E-003   5.4443900E-008
1.4648000E-003   5.2187600E-008
1.5338400E-003   4.9993600E-008
1.6061200E-003   4.7730445E-008
1.6818200E-003   4.5050683E-008
1.7610800E-003   4.2570500E-008
1.8440800E-003   4.0318700E-008
1.9309800E-003   3.8669300E-008
2.0219900E-003   3.6048300E-008
2.1172800E-003   3.3746666E-008
2.2170700E-003   3.1735200E-008
2.3215500E-003   3.0413155E-008
2.4309700E-003   2.8429800E-008
2.5455300E-003   2.7094009E-008
2.6655000E-003   2.5218200E-008
2.7911200E-003   2.3832000E-008
2.9226600E-003   2.2125300E-008
3.0604000E-003   2.0783900E-008
3.2046400E-003   1.9776100E-008
3.3556700E-003   1.8290828E-008
3.5138100E-003   1.7065556E-008
3.6794100E-003   1.5939300E-008
3.8528200E-003   1.4765200E-008
4.0344000E-003   1.3692900E-008
4.2245300E-003   1.2429200E-008
4.4236300E-003   1.1520745E-008
4.6321100E-003   1.0629600E-008
4.8504100E-003   1.0002900E-008
5.0790100E-003   9.1433252E-009
5.3183700E-003   8.4328118E-009
5.5690200E-003   7.7775111E-009
5.8314800E-003   7.1731332E-009
6.1063100E-003   6.6926171E-009
6.3940900E-003   6.1033200E-009
6.6954300E-003   5.6274758E-009
7.0109800E-003   5.0715920E-009
7.3414000E-003   4.6064499E-009
7.6873900E-003   4.2047300E-009
8.0496800E-003   3.8878669E-009
8.4290500E-003   3.5330800E-009
8.8263000E-003   3.1985301E-009
9.2422700E-003   2.9123319E-009
9.6778500E-003   2.6246509E-009
1.0133900E-002   2.3382090E-009
1.0611500E-002   2.1065600E-009
1.1111700E-002   1.8692100E-009
1.1635300E-002   1.6543700E-009
1.2183700E-002   1.5071900E-009
1.2757900E-002   1.3463100E-009
1.3359100E-002   1.2046200E-009
1.3988700E-002   1.0954790E-009
1.4648000E-002   9.9999997E-010
1.5338400E-002   8.9226698E-010
1.6061200E-002   7.9614099E-010
1.6818200E-002   7.1112299E-010
1.7610800E-002   6.3175800E-010
1.8440800E-002   5.5280802E-010
1.9309800E-002   4.9325299E-010
2.0219900E-002   4.4276499E-010
2.1172800E-002   3.9444401E-010
2.2170700E-002   3.5139600E-010
2.3215500E-002   3.1304601E-010
 4
 1   2   3   4
 xy
 100
1.0133900E-003   7.9364007E-008
1.0611500E-003   7.5778900E-008
1.1111700E-003   7.1524397E-008
1.1635300E-003   6.7508758E-008
1.2183700E-003   6.4459186E-008
1.2757900E-003   6.0977300E-008
1.3359100E-003   5.8091882E-008
1.3988700E-003   5.4974500E-008
1.4648000E-003   5.2353538E-008
1.5338400E-003   5.0569607E-008
1.6061200E-003   4.7233400E-008
1.6818200E-003   4.5050683E-008
1.7610800E-003   4.3015611E-008
1.8440800E-003   4.1005900E-008
1.9309800E-003   3.8139500E-008
2.0219900E-003   3.5973500E-008
2.1172800E-003   3.4031900E-008
2.2170700E-003   3.2159100E-008
2.3215500E-003   3.0462700E-008
2.4309700E-003   2.9039304E-008
2.5455300E-003   2.7369000E-008
2.6655000E-003   2.5131800E-008
2.7911200E-003   2.3859769E-008
2.9226600E-003   2.2005665E-008
3.0604000E-003   2.0552800E-008
3.2046400E-003   1.9135000E-008
3.3556700E-003   1.7961000E-008
3.5138100E-003   1.6790500E-008
3.6794100E-003   1.5691800E-008
3.8528200E-003   1.4653600E-008
4.0344000E-003   1.3481500E-008
4.2245300E-003   1.2465000E-008
4.4236300E-003   1.1388374E-008
4.6321100E-003   1.0503402E-008
4.8504100E-003   9.7068800E-009
5.0790100E-003   9.0734300E-009
5.3183700E-003   8.4280300E-009
5.5690200E-003   7.5998150E-009
5.8314800E-003   6.9596200E-009
6.1063100E-003   6.5386200E-009
6.3940900E-003   6.0681400E-009
6.6954300E-003   5.5671400E-009
7.0109800E-003   5.1305400E-009
7.3414000E-003   4.6690200E-009
7.6873900E-003   4.3419300E-009
8.0496800E-003   3.9787720E-009
8.4290500E-003   3.6010200E-009
8.8263000E-003   3.1985301E-009
9.2422700E-003   2.9461831E-009
9.6778500E-003   2.7170000E-009
1.0133900E-002   2.5060880E-009
1.0611500E-002   2.3245379E-009
1.1111700E-002   2.1219380E-009
1.1635300E-002   1.8886800E-009
1.2183700E-002   1.6893620E-009
1.2757900E-002   1.5421220E-009
1.3359100E-002   1.4036400E-009
1.3988700E-002   1.2527570E-009
1.4648000E-002   1.1207399E-009
1.5338400E-002   9.8281505E-010
1.6061200E-002   8.7393700E-010
1.6818200E-002   7.6065598E-010
1.7610800E-002   6.4845701E-010
1.8440800E-002   5.5789101E-010
1.9309800E-002   4.7455401E-010
2.0219900E-002   4.0835799E-010
2.1172800E-002   3.5039199E-010
2.2170700E-002   2.9870800E-010
2.3215500E-002   2.5721000E-010
 5
 1   2   3   4
 xy
 100
1.0133900E-003   7.6304000E-008
1.0611500E-003   7.3495800E-008
1.1111700E-003   7.2145400E-008
1.1635300E-003   6.8387100E-008
1.2183700E-003   6.4953700E-008
1.2757900E-003   6.2876700E-008
1.3359100E-003   5.9450166E-008
1.3988700E-003   5.5812000E-008
1.4648000E-003   5.3577654E-008
1.5338400E-003   5.0708000E-008
1.6061200E-003   4.9111400E-008
1.6818200E-003   4.6104045E-008
1.7610800E-003   4.3803500E-008
1.8440800E-003   4.1813700E-008
1.9309800E-003   3.8766512E-008
2.0219900E-003   3.6571900E-008
2.1172800E-003   3.4937138E-008
2.2170700E-003   3.2969000E-008
2.3215500E-003   3.1124266E-008
2.4309700E-003   2.9376835E-008
2.5455300E-003   2.7480900E-008
2.6655000E-003   2.6142600E-008
2.7911200E-003   2.4809800E-008
2.9226600E-003   2.3314634E-008
3.0604000E-003   2.1567500E-008
3.2046400E-003   2.0135900E-008
3.3556700E-003   1.8730300E-008
3.5138100E-003   1.7548500E-008
3.6794100E-003   1.6294655E-008
3.8528200E-003   1.5335400E-008
4.0344000E-003   1.4349545E-008
4.2245300E-003   1.3136000E-008
4.4236300E-003   1.2138200E-008
4.6321100E-003   1.1149000E-008
4.8504100E-003   1.0278400E-008
5.0790100E-003   9.4658708E-009
5.3183700E-003   8.8019600E-009
5.5690200E-003   8.1127200E-009
5.8314800E-003   7.3442000E-009
6.1063100E-003   6.7870829E-009
6.3940900E-003   6.2522900E-009
6.6954300E-003   5.7859708E-009
7.0109800E-003   5.4172400E-009
7.3414000E-003   4.8913700E-009
7.6873900E-003   4.4011319E-009
8.0496800E-003   4.0250181E-009
8.4290500E-003   3.6371800E-009
8.8263000E-003   3.2727000E-009
9.2422700E-003   2.9564700E-009
9.6778500E-003   2.7125000E-009
1.0133900E-002   2.4206930E-009
1.0611500E-002   2.1336300E-009
1.1111700E-002   1.9369959E-009
1.1635300E-002   1.7433290E-009
1.2183700E-002   1.5784960E-009
1.2757900E-002   1.4260000E-009
1.3359100E-002   1.2820490E-009
1.3988700E-002   1.1417400E-009
1.4648000E-002   1.0293120E-009
1.5338400E-002   9.2763602E-010
1.6061200E-002   8.3600399E-010
1.6818200E-002   7.6217999E-010
1.7610800E-002   6.7900002E-010
1.8440800E-002   6.0489702E-010
1.9309800E-002   5.3888100E-010
2.0219900E-002   4.8565002E-010
2.1172800E-002   4.3264900E-010
2.2170700E-002   3.8543199E-010
2.3215500E-002   3.4735800E-010
 6
 1   2   3   4
 xy
 100
1.0133900E-003   8.0286476E-008
1.0611500E-003   7.6659703E-008
1.1111700E-003   7.3196759E-008
1.1635300E-003   6.9253200E-008
1.2183700E-003   6.6733094E-008
1.2757900E-003   6.3718566E-008
1.3359100E-003   6.0149200E-008
1.3988700E-003   5.8243900E-008
1.4648000E-003   5.4845800E-008
1.5338400E-003   5.2353538E-008
1.6061200E-003   4.9519500E-008
1.6818200E-003   4.7326600E-008
1.7610800E-003   4.5050683E-008
1.8440800E-003   4.2906700E-008
1.9309800E-003   4.0600558E-008
2.0219900E-003   3.8321094E-008
2.1172800E-003   3.6099900E-008
2.2170700E-003   3.3358926E-008
2.3215500E-003   3.1446900E-008
2.4309700E-003   2.9376835E-008
2.5455300E-003   2.7471600E-008
2.6655000E-003   2.6029600E-008
2.7911200E-003   2.4417650E-008
2.9226600E-003   2.2897700E-008
3.0604000E-003   2.2227100E-008
3.2046400E-003   2.0980200E-008
3.3556700E-003   1.9816627E-008
3.5138100E-003   1.8506604E-008
3.6794100E-003   1.7464577E-008
3.8528200E-003   1.6140643E-008
4.0344000E-003   1.5421223E-008
4.2245300E-003   1.4401769E-008
4.4236300E-003   1.3543909E-008
4.6321100E-003   1.2560586E-008
4.8504100E-003   1.1520745E-008
5.0790100E-003   1.0466512E-008
5.3183700E-003   9.5758956E-009
5.5690200E-003   8.6299847E-009
5.8314800E-003   7.7775111E-009
6.1063100E-003   6.8491022E-009
6.3940900E-003   6.2425100E-009
6.6954300E-003   5.7859708E-009
7.0109800E-003   5.2816822E-009
7.3414000E-003   4.8357100E-009
7.6873900E-003   4.4011319E-009
8.0496800E-003   4.1101851E-009
8.4290500E-003   3.7553889E-009
8.8263000E-003   3.3859200E-009
9.2422700E-003   3.1214320E-009
9.6778500E-003   2.8130951E-009
1.0133900E-002   2.5352169E-009
1.0611500E-002   2.3113429E-009
1.1111700E-002   2.0830280E-009
1.1635300E-002   1.8556960E-009
1.2183700E-002   1.6154040E-009
1.2757900E-002   1.4558330E-009
1.3359100E-002   1.2969510E-009
1.3988700E-002   1.1721020E-009
1.4648000E-002   1.0314700E-009
1.5338400E-002   9.3841801E-010
1.6061200E-002   8.5316798E-010
1.6818200E-002   7.7819601E-010
1.7610800E-002   7.1112299E-010
1.8440800E-002   6.3351502E-010
1.9309800E-002   5.7361499E-010
2.0219900E-002   5.0921001E-010
2.1172800E-002   4.5838400E-010
2.2170700E-002   4.0835799E-010
2.3215500E-002   3.6379200E-010
 7
 1   2   3   4
 xy
 100
1.0133900E-003   7.6679100E-008
1.0611500E-003   7.3872700E-008
1.1111700E-003   7.0803700E-008
1.1635300E-003   6.8644900E-008
1.2183700E-003   6.6097300E-008
1.2757900E-003   6.3394200E-008
1.3359100E-003   6.0626400E-008
1.3988700E-003   5.7729000E-008
1.4648000E-003   5.5667600E-008
1.5338400E-003   5.2932900E-008
1.6061200E-003   5.0744400E-008
1.6818200E-003   4.8474400E-008
1.7610800E-003   4.5502100E-008
1.8440800E-003   4.3208500E-008
1.9309800E-003   4.0263600E-008
2.0219900E-003   3.7745600E-008
2.1172800E-003   3.5800500E-008
2.2170700E-003   3.4087100E-008
2.3215500E-003   3.2544900E-008
2.4309700E-003   3.0614284E-008
2.5455300E-003   2.8612009E-008
2.6655000E-003   2.6975400E-008
2.7911200E-003   2.5123600E-008
2.9226600E-003   2.3529100E-008
3.0604000E-003   2.2005665E-008
3.2046400E-003   2.0259600E-008
3.3556700E-003   1.9283600E-008
3.5138100E-003   1.8080671E-008
3.6794100E-003   1.6484053E-008
3.8528200E-003   1.5379813E-008
4.0344000E-003   1.4021695E-008
4.2245300E-003   1.3016400E-008
4.4236300E-003   1.2206036E-008
4.6321100E-003   1.1207402E-008
4.8504100E-003   1.0503402E-008
5.0790100E-003   9.7745998E-009
5.3183700E-003   8.9344230E-009
5.5690200E-003   8.1450002E-009
5.8314800E-003   7.4351050E-009
6.1063100E-003   6.8491022E-009
6.3940900E-003   6.3384080E-009
6.6954300E-003   5.9622169E-009
7.0109800E-003   5.4357221E-009
7.3414000E-003   5.0133209E-009
7.6873900E-003   4.6064499E-009
8.0496800E-003   4.2154422E-009
8.4290500E-003   3.8384722E-009
8.8263000E-003   3.4635641E-009
9.2422700E-003   3.1264360E-009
9.6778500E-003   2.7896170E-009
1.0133900E-002   2.5646840E-009
1.0611500E-002   2.3245379E-009
1.1111700E-002   2.1219380E-009
1.1635300E-002   1.9369959E-009
1.2183700E-002   1.7681731E-009
1.2757900E-002   1.6452000E-009
1.3359100E-002   1.5074600E-009
1.3988700E-002   1.3759860E-009
1.4648000E-002   1.2277470E-009
1.5338400E-002   1.0954790E-009
1.6061200E-002   9.7152297E-010
1.6818200E-002   8.7402700E-010
1.7610800E-002   7.8783002E-010
1.8440800E-002   7.0860301E-010
1.9309800E-002   6.4413302E-010
2.0219900E-002   5.7935701E-010
2.1172800E-002   5.2664600E-010
2.2170700E-002   4.7368398E-010
2.3215500E-002   4.2155701E-010
 8
 1   2   3   4
 xy
 100
1.0133900E-003   8.3113300E-008
1.0611500E-003   7.9666700E-008
1.1111700E-003   7.5595800E-008
1.1635300E-003   7.2366000E-008
1.2183700E-003   6.9300800E-008
1.2757900E-003   6.5641300E-008
1.3359100E-003   6.3427700E-008
1.3988700E-003   6.0424100E-008
1.4648000E-003   5.8101600E-008
1.5338400E-003   5.4846900E-008
1.6061200E-003   5.2656500E-008
1.6818200E-003   5.0649500E-008
1.7610800E-003   4.7788300E-008
1.8440800E-003   4.5170800E-008
1.9309800E-003   4.3015611E-008
2.0219900E-003   3.9421100E-008
2.1172800E-003   3.6780300E-008
2.2170700E-003   3.4937138E-008
2.3215500E-003   3.2574900E-008
2.4309700E-003   3.0413155E-008
2.5455300E-003   2.8824000E-008
2.6655000E-003   2.7648100E-008
2.7911200E-003   2.6142300E-008
2.9226600E-003   2.4143000E-008
3.0604000E-003   2.2520195E-008
3.2046400E-003   2.0770187E-008
3.3556700E-003   1.9604071E-008
3.5138100E-003   1.8290828E-008
3.6794100E-003   1.7038000E-008
3.8528200E-003   1.5583400E-008
4.0344000E-003   1.4516334E-008
4.2245300E-003   1.3146553E-008
4.4236300E-003   1.2206036E-008
4.6321100E-003   1.1388374E-008
4.8504100E-003   1.0503402E-008
5.0790100E-003   9.5542809E-009
5.3183700E-003   8.9226742E-009
5.5690200E-003   8.0668400E-009
5.8314800E-003   7.5124946E-009
6.1063100E-003   6.8491022E-009
6.3940900E-003   6.3384080E-009
6.6954300E-003   5.7116700E-009
7.0109800E-003   5.2816822E-009
7.3414000E-003   4.7126729E-009
7.6873900E-003   4.3019299E-009
8.0496800E-003   3.8384722E-009
8.4290500E-003   3.5039220E-009
8.8263000E-003   3.1264360E-009
9.2422700E-003   2.8539451E-009
9.6778500E-003   2.6052029E-009
1.0133900E-002   2.3781410E-009
1.0611500E-002   2.1736140E-009
1.1111700E-002   1.9694100E-009
1.1635300E-002   1.7759170E-009
1.2183700E-002   1.6310640E-009
1.2757900E-002   1.4664990E-009
1.3359100E-002   1.3241930E-009
1.3988700E-002   1.1968750E-009
1.4648000E-002   1.0817980E-009
1.5338400E-002   9.7778596E-010
1.6061200E-002   8.6414298E-010
1.6818200E-002   7.8105700E-010
1.7610800E-002   6.9807599E-010
1.8440800E-002   6.2390998E-010
1.9309800E-002   5.5762400E-010
2.0219900E-002   4.8972099E-010
2.1172800E-002   4.3067200E-010
2.2170700E-002   3.8061701E-010
2.3215500E-002   3.4017900E-010
 9
 1   2   3   4
 xy
 100
1.0133900E-003   7.9774000E-008
1.0611500E-003   7.6924400E-008
1.1111700E-003   7.3704700E-008
1.1635300E-003   7.1906800E-008
1.2183700E-003   6.9128700E-008
1.2757900E-003   6.6005600E-008
1.3359100E-003   6.3303200E-008
1.3988700E-003   6.0692900E-008
1.4648000E-003   5.8027300E-008
1.5338400E-003   5.5178300E-008
1.6061200E-003   5.2593276E-008
1.6818200E-003   4.9447400E-008
1.7610800E-003   4.6459515E-008
1.8440800E-003   4.4177700E-008
1.9309800E-003   4.1506400E-008
2.0219900E-003   3.9231530E-008
2.1172800E-003   3.6559900E-008
2.2170700E-003   3.4806400E-008
2.3215500E-003   3.2948200E-008
2.4309700E-003   3.1497000E-008
2.5455300E-003   2.9596219E-008
2.6655000E-003   2.7660528E-008
2.7911200E-003   2.6016500E-008
2.9226600E-003   2.4112900E-008
3.0604000E-003   2.2580480E-008
3.2046400E-003   2.1103642E-008
3.3556700E-003   1.9857100E-008
3.5138100E-003   1.8433418E-008
3.6794100E-003   1.7034687E-008
3.8528200E-003   1.5735500E-008
4.0344000E-003   1.4384499E-008
4.2245300E-003   1.3443705E-008
4.4236300E-003   1.2564442E-008
4.6321100E-003   1.1611050E-008
4.8504100E-003   1.0851648E-008
5.0790100E-003   9.9999999E-009
5.3183700E-003   9.2522600E-009
5.5690200E-003   8.6611687E-009
5.8314800E-003   8.0039566E-009
6.1063100E-003   7.2675181E-009
6.3940900E-003   6.6417400E-009
6.6954300E-003   6.1073600E-009
7.0109800E-003   5.6555551E-009
7.3414000E-003   5.2150471E-009
7.6873900E-003   4.7126729E-009
8.0496800E-003   4.2213600E-009
8.4290500E-003   3.7675900E-009
8.8263000E-003   3.3979091E-009
9.2422700E-003   3.0393600E-009
9.6778500E-003   2.7427640E-009
1.0133900E-002   2.4503539E-009
1.0611500E-002   2.1708690E-009
1.1111700E-002   1.9282400E-009
1.1635300E-002   1.7316100E-009
1.2183700E-002   1.5421220E-009
1.2757900E-002   1.3789070E-009
1.3359100E-002   1.2044350E-009
1.3988700E-002   1.0520390E-009
1.4648000E-002   9.2934299E-010
1.5338400E-002   8.1450002E-010
1.6061200E-002   7.2675199E-010
1.6818200E-002   6.4789601E-010
1.7610800E-002   5.6509603E-010
1.8440800E-002   4.9325299E-010
1.9309800E-002   4.3176801E-010
2.0219900E-002   3.7713699E-010
2.1172800E-002   3.2207401E-010
2.2170700E-002   2.7505101E-010
2.3215500E-002   2.3225900E-010
 10
 1   2   3   4
 xy
 100
1.0133900E-003   8.1634305E-008
1.0611500E-003   7.8034894E-008
1.1111700E-003   7.4594190E-008
1.1635300E-003   7.0331200E-008
1.2183700E-003   6.7218500E-008
1.2757900E-003   6.3965700E-008
1.3359100E-003   6.0933400E-008
1.3988700E-003   5.8869432E-008
1.4648000E-003   5.6911752E-008
1.5338400E-003   5.4229600E-008
1.6061200E-003   5.2003703E-008
1.6818200E-003   4.8810000E-008
1.7610800E-003   4.6459515E-008
1.8440800E-003   4.3996500E-008
1.9309800E-003   4.1976964E-008
2.0219900E-003   3.9265600E-008
2.1172800E-003   3.7295800E-008
2.2170700E-003   3.5446359E-008
2.3215500E-003   3.3254200E-008
2.4309700E-003   3.0783400E-008
2.5455300E-003   2.9051000E-008
2.6655000E-003   2.7350453E-008
2.7911200E-003   2.5820800E-008
2.9226600E-003   2.3813700E-008
3.0604000E-003   2.2315900E-008
3.2046400E-003   2.1270500E-008
3.3556700E-003   1.9938100E-008
3.5138100E-003   1.8511600E-008
3.6794100E-003   1.7227810E-008
3.8528200E-003   1.5920563E-008
4.0344000E-003   1.4979000E-008
4.2245300E-003   1.3758500E-008
4.4236300E-003   1.2760400E-008
4.6321100E-003   1.1718700E-008
4.8504100E-003   1.0962900E-008
5.0790100E-003   1.0028223E-008
5.3183700E-003   9.2487200E-009
5.5690200E-003   8.4680734E-009
5.8314800E-003   7.7807100E-009
6.1063100E-003   7.0939100E-009
6.3940900E-003   6.5339751E-009
6.6954300E-003   5.9737900E-009
7.0109800E-003   5.4364300E-009
7.3414000E-003   5.0347300E-009
7.6873900E-003   4.6579700E-009
8.0496800E-003   4.2095438E-009
8.4290500E-003   3.8465142E-009
8.8263000E-003   3.5147920E-009
9.2422700E-003   3.1708400E-009
9.6778500E-003   2.8371110E-009
1.0133900E-002   2.5892300E-009
1.0611500E-002   2.3060500E-009
1.1111700E-002   2.0741100E-009
1.1635300E-002   1.8607400E-009
1.2183700E-002   1.6893620E-009
1.2757900E-002   1.5421220E-009
1.3359100E-002   1.3759860E-009
1.3988700E-002   1.2318990E-009
1.4648000E-002   1.0954790E-009
1.5338400E-002   9.8323205E-010
1.6061200E-002   8.7215601E-010
1.6818200E-002   7.7819601E-010
1.7610800E-002   6.9323602E-010
1.8440800E-002   6.0552202E-010
1.9309800E-002   5.4096599E-010
2.0219900E-002   4.6868000E-010
2.1172800E-002   4.1273099E-010
2.2170700E-002   3.6673800E-010
2.3215500E-002   3.2207401E-010
 11
 1   2   3   4
 xy
 100
1.0133900E-003   7.4925000E-008
1.0611500E-003   7.3143500E-008
1.1111700E-003   7.1061700E-008
1.1635300E-003   6.7676600E-008
1.2183700E-003   6.5245000E-008
1.2757900E-003   6.3045200E-008
1.3359100E-003   5.9723300E-008
1.3988700E-003   5.7819900E-008
1.4648000E-003   5.5023300E-008
1.5338400E-003   5.2266800E-008
1.6061200E-003   5.0274341E-008
1.6818200E-003   4.7593600E-008
1.7610800E-003   4.5141300E-008
1.8440800E-003   4.2507400E-008
1.9309800E-003   4.0350900E-008
2.0219900E-003   3.7926903E-008
2.1172800E-003   3.6254633E-008
2.2170700E-003   3.3665500E-008
2.3215500E-003   3.1425300E-008
2.4309700E-003   2.9707000E-008
2.5455300E-003   2.8291266E-008
2.6655000E-003   2.6723400E-008
2.7911200E-003   2.5061300E-008
2.9226600E-003   2.3095380E-008
3.0604000E-003   2.1584865E-008
3.2046400E-003   2.0173143E-008
3.3556700E-003   1.8701700E-008
3.5138100E-003   1.7579700E-008
3.6794100E-003   1.6101055E-008
3.8528200E-003   1.4879304E-008
4.0344000E-003   1.3750259E-008
4.2245300E-003   1.2697600E-008
4.4236300E-003   1.1875814E-008
4.6321100E-003   1.1099097E-008
4.8504100E-003   1.0141915E-008
5.0790100E-003   9.3723438E-009
5.3183700E-003   8.6611687E-009
5.5690200E-003   8.0003900E-009
5.8314800E-003   7.3318000E-009
6.1063100E-003   6.6341030E-009
6.3940900E-003   6.1066312E-009
6.6954300E-003   5.6432592E-009
7.0109800E-003   5.2150471E-009
7.3414000E-003   4.8121400E-009
7.6873900E-003   4.3495600E-009
8.0496800E-003   4.0175419E-009
8.4290500E-003   3.7519530E-009
8.8263000E-003   3.4364320E-009
9.2422700E-003   3.1400751E-009
9.6778500E-003   2.8783000E-009
1.0133900E-002   2.6052029E-009
1.0611500E-002   2.3781410E-009
1.1111700E-002   2.1403130E-009
1.1635300E-002   1.9369959E-009
1.2183700E-002   1.7472300E-009
1.2757900E-002   1.5965490E-009
1.3359100E-002   1.4263390E-009
1.3988700E-002   1.2887220E-009
1.4648000E-002   1.1643820E-009
1.5338400E-002   1.0520390E-009
1.6061200E-002   9.3987995E-010
1.6818200E-002   8.4919699E-010
1.7610800E-002   7.5015799E-010
1.8440800E-002   6.6266997E-010
1.9309800E-002   5.8538502E-010
2.0219900E-002   5.1711402E-010
2.1172800E-002   4.5680501E-010
2.2170700E-002   3.9900599E-010
2.3215500E-002   3.4851999E-010
 12
 1   2   3   4
 xy
 100
1.0133900E-003   8.3077900E-008
1.0611500E-003   8.0347100E-008
1.1111700E-003   7.7322900E-008
1.1635300E-003   7.4065900E-008
1.2183700E-003   7.1544700E-008
1.2757900E-003   6.8411300E-008
1.3359100E-003   6.5200700E-008
1.3988700E-003   6.2660600E-008
1.4648000E-003   5.9895700E-008
1.5338400E-003   5.6797800E-008
1.6061200E-003   5.4078700E-008
1.6818200E-003   5.1584500E-008
1.7610800E-003   4.9107000E-008
1.8440800E-003   4.6594400E-008
1.9309800E-003   4.3792800E-008
2.0219900E-003   4.1131500E-008
2.1172800E-003   3.9037100E-008
2.2170700E-003   3.6735000E-008
2.3215500E-003   3.5228000E-008
2.4309700E-003   3.3503625E-008
2.5455300E-003   3.1000900E-008
2.6655000E-003   2.8683000E-008
2.7911200E-003   2.7147800E-008
2.9226600E-003   2.5438500E-008
3.0604000E-003   2.3779200E-008
3.2046400E-003   2.2035200E-008
3.3556700E-003   2.0775900E-008
3.5138100E-003   1.9283672E-008
3.6794100E-003   1.7840800E-008
3.8528200E-003   1.6532600E-008
4.0344000E-003   1.5527100E-008
4.2245300E-003   1.4170700E-008
4.4236300E-003   1.3106500E-008
4.6321100E-003   1.2079900E-008
4.8504100E-003   1.1035200E-008
5.0790100E-003   1.0197300E-008
5.3183700E-003   9.4786001E-009
5.5690200E-003   8.8586676E-009
5.8314800E-003   8.1145600E-009
6.1063100E-003   7.3182900E-009
6.3940900E-003   6.6829680E-009
6.6954300E-003   6.0381762E-009
7.0109800E-003   5.4555951E-009
7.3414000E-003   4.9960700E-009
7.6873900E-003   4.6137000E-009
8.0496800E-003   4.2120700E-009
8.4290500E-003   3.7607579E-009
8.8263000E-003   3.3979091E-009
9.2422700E-003   3.0647100E-009
9.6778500E-003   2.8196000E-009
1.0133900E-002   2.5712100E-009
1.0611500E-002   2.3423139E-009
1.1111700E-002   2.0741100E-009
1.1635300E-002   1.8506600E-009
1.2183700E-002   1.6872400E-009
1.2757900E-002   1.5073630E-009
1.3359100E-002   1.3330520E-009
1.3988700E-002   1.1854300E-009
1.4648000E-002   1.0597300E-009
1.5338400E-002   9.3389296E-010
1.6061200E-002   8.3960300E-010
1.6818200E-002   7.5866302E-010
1.7610800E-002   6.8821200E-010
1.8440800E-002   6.1932898E-010
1.9309800E-002   5.4709898E-010
2.0219900E-002   4.8213500E-010
2.1172800E-002   4.2692799E-010
2.2170700E-002   3.7713699E-010
2.3215500E-002   3.2941799E-010
 13
 1   2   3   4
 xy
 100
1.0133900E-003   8.2134800E-008
1.0611500E-003   7.9072800E-008
1.1111700E-003   7.6237000E-008
1.1635300E-003   7.3274800E-008
1.2183700E-003   7.0144300E-008
1.2757900E-003   6.7697900E-008
1.3359100E-003   6.4308600E-008
1.3988700E-003   6.1428000E-008
1.4648000E-003   5.9365700E-008
1.5338400E-003   5.6106200E-008
1.6061200E-003   5.4115500E-008
1.6818200E-003   5.0961900E-008
1.7610800E-003   4.8185000E-008
1.8440800E-003   4.5938702E-008
1.9309800E-003   4.3281300E-008
2.0219900E-003   4.1357700E-008
2.1172800E-003   3.9007900E-008
2.2170700E-003   3.6483400E-008
2.3215500E-003   3.4684600E-008
2.4309700E-003   3.3128046E-008
2.5455300E-003   3.0674400E-008
2.6655000E-003   2.9264443E-008
2.7911200E-003   2.6782700E-008
2.9226600E-003   2.4997100E-008
3.0604000E-003   2.3310700E-008
3.2046400E-003   2.2042200E-008
3.3556700E-003   2.0421400E-008
3.5138100E-003   1.9067500E-008
3.6794100E-003   1.7730000E-008
3.8528200E-003   1.6356200E-008
4.0344000E-003   1.5047993E-008
4.2245300E-003   1.3993200E-008
4.4236300E-003   1.2899000E-008
4.6321100E-003   1.2205000E-008
4.8504100E-003   1.1224929E-008
5.0790100E-003   1.0373179E-008
5.3183700E-003   9.5860599E-009
5.5690200E-003   8.7988100E-009
5.8314800E-003   8.1450002E-009
6.1063100E-003   7.6065572E-009
6.3940900E-003   7.1037092E-009
6.6954300E-003   6.4845702E-009
7.0109800E-003   5.9704872E-009
7.3414000E-003   5.4487700E-009
7.6873900E-003   4.9325251E-009
8.0496800E-003   4.5026209E-009
8.4290500E-003   4.0175419E-009
8.8263000E-003   3.5847221E-009
9.2422700E-003   3.2179600E-009
9.6778500E-003   2.9347040E-009
1.0133900E-002   2.6332200E-009
1.0611500E-002   2.4089500E-009
1.1111700E-002   2.1403130E-009
1.1635300E-002   1.8933359E-009
1.2183700E-002   1.6893620E-009
1.2757900E-002   1.5059900E-009
1.3359100E-002   1.3449710E-009
1.3988700E-002   1.1909330E-009
1.4648000E-002   1.0466510E-009
1.5338400E-002   9.1284302E-010
1.6061200E-002   8.0265500E-010
1.6818200E-002   7.0904399E-010
1.7610800E-002   6.0558902E-010
1.8440800E-002   5.2507300E-010
1.9309800E-002   4.5026199E-010
2.0219900E-002   3.8248800E-010
2.1172800E-002   3.3477501E-010
2.2170700E-002   2.9100000E-010
2.3215500E-002   2.5706101E-010
 14
 1   2   3   4
 xy
 100
1.0133900E-003   8.2177700E-008
1.0611500E-003   7.8907500E-008
1.1111700E-003   7.6067100E-008
1.1635300E-003   7.3433700E-008
1.2183700E-003   7.0459400E-008
1.2757900E-003   6.7426800E-008
1.3359100E-003   6.4520400E-008
1.3988700E-003   6.1571700E-008
1.4648000E-003   5.8834400E-008
1.5338400E-003   5.6045600E-008
1.6061200E-003   5.3773800E-008
1.6818200E-003   5.1284400E-008
1.7610800E-003   4.8295800E-008
1.8440800E-003   4.5578100E-008
1.9309800E-003   4.3416200E-008
2.0219900E-003   4.1178700E-008
2.1172800E-003   3.8863200E-008
2.2170700E-003   3.7195300E-008
2.3215500E-003   3.4687900E-008
2.4309700E-003   3.2738700E-008
2.5455300E-003   3.0421900E-008
2.6655000E-003   2.8334200E-008
2.7911200E-003   2.6528000E-008
2.9226600E-003   2.5119000E-008
3.0604000E-003   2.3639300E-008
3.2046400E-003   2.2316500E-008
3.3556700E-003   2.0685900E-008
3.5138100E-003   1.9031800E-008
3.6794100E-003   1.7485800E-008
3.8528200E-003   1.6420900E-008
4.0344000E-003   1.4959500E-008
4.2245300E-003   1.3906148E-008
4.4236300E-003   1.2706887E-008
4.6321100E-003   1.2010452E-008
4.8504100E-003   1.1079900E-008
5.0790100E-003   1.0141915E-008
5.3183700E-003   9.3723438E-009
5.5690200E-003   8.4680734E-009
5.8314800E-003   7.7053500E-009
6.1063100E-003   6.8353589E-009
6.3940900E-003   6.1758629E-009
6.6954300E-003   5.5989100E-009
7.0109800E-003   5.1297900E-009
7.3414000E-003   4.7118842E-009
7.6873900E-003   4.2572679E-009
8.0496800E-003   3.8465142E-009
8.4290500E-003   3.4084500E-009
8.8263000E-003   3.0793800E-009
9.2422700E-003   2.8053071E-009
9.6778500E-003   2.5062290E-009
1.0133900E-002   2.2139370E-009
1.0611500E-002   1.9816631E-009
1.1111700E-002   1.7472300E-009
1.1635300E-002   1.5421220E-009
1.2183700E-002   1.3330520E-009
1.2757900E-002   1.1773940E-009
1.3359100E-002   1.0109460E-009
1.3988700E-002   8.9802998E-010
1.4648000E-002   7.6798101E-010
1.5338400E-002   6.6973399E-010
1.6061200E-002   5.8405603E-010
1.6818200E-002   4.9991800E-010
1.7610800E-002   4.3557799E-010
1.8440800E-002   3.7985501E-010
1.9309800E-002   3.3126099E-010
2.0219900E-002   2.9458799E-010
2.1172800E-002   2.6197500E-010
2.2170700E-002   2.3297200E-010
2.3215500E-002   2.0718000E-010
 15
 1   2   3   4
 xy
 100
1.0133900E-003   8.0043400E-008
1.0611500E-003   7.7485200E-008
1.1111700E-003   7.4804000E-008
1.1635300E-003   7.1793000E-008
1.2183700E-003   6.9042000E-008
1.2757900E-003   6.6479900E-008
1.3359100E-003   6.3559000E-008
1.3988700E-003   6.0603600E-008
1.4648000E-003   5.8161700E-008
1.5338400E-003   5.5371900E-008
1.6061200E-003   5.3015100E-008
1.6818200E-003   5.0237500E-008
1.7610800E-003   4.8104700E-008
1.8440800E-003   4.5553200E-008
1.9309800E-003   4.3164400E-008
2.0219900E-003   4.1203300E-008
2.1172800E-003   3.8502400E-008
2.2170700E-003   3.6593100E-008
2.3215500E-003   3.4581500E-008
2.4309700E-003   3.2686500E-008
2.5455300E-003   3.1014000E-008
2.6655000E-003   2.9257400E-008
2.7911200E-003   2.7509700E-008
2.9226600E-003   2.5646900E-008
3.0604000E-003   2.3837100E-008
3.2046400E-003   2.2280800E-008
3.3556700E-003   2.0633149E-008
3.5138100E-003   1.9159900E-008
3.6794100E-003   1.7887600E-008
3.8528200E-003   1.6777900E-008
4.0344000E-003   1.5674400E-008
4.2245300E-003   1.4326400E-008
4.4236300E-003   1.3293000E-008
4.6321100E-003   1.2146617E-008
4.8504100E-003   1.1237600E-008
5.0790100E-003   1.0490781E-008
5.3183700E-003   9.5860599E-009
5.5690200E-003   8.6611687E-009
5.8314800E-003   7.9142328E-009
6.1063100E-003   7.3167000E-009
6.3940900E-003   6.6341030E-009
6.6954300E-003   6.0558931E-009
7.0109800E-003   5.4034772E-009
7.3414000E-003   4.8739661E-009
7.6873900E-003   4.5041282E-009
8.0496800E-003   4.1101851E-009
8.4290500E-003   3.8755700E-009
8.8263000E-003   3.6196600E-009
9.2422700E-003   3.2880800E-009
9.6778500E-003   3.0016230E-009
1.0133900E-002   2.7267391E-009
1.0611500E-002   2.4980300E-009
1.1111700E-002   2.2209290E-009
1.1635300E-002   2.0003299E-009
1.2183700E-002   1.7870720E-009
1.2757900E-002   1.6140640E-009
1.3359100E-002   1.3862700E-009
1.3988700E-002   1.2157200E-009
1.4648000E-002   1.0707870E-009
1.5338400E-002   9.5687500E-010
1.6061200E-002   8.6072700E-010
1.6818200E-002   7.6065598E-010
1.7610800E-002   6.7018302E-010
1.8440800E-002   5.9193900E-010
1.9309800E-002   5.2816801E-010
2.0219900E-002   4.6388000E-010
2.1172800E-002   4.0810400E-010
2.2170700E-002   3.5847200E-010
2.3215500E-002   3.1489400E-010
 16
 1   2   3   4
 xy
 100
1.0133900E-003   7.6180600E-008
1.0611500E-003   7.3258300E-008
1.1111700E-003   7.1191000E-008
1.1635300E-003   6.8558900E-008
1.2183700E-003   6.6090100E-008
1.2757900E-003   6.4240400E-008
1.3359100E-003   6.1032300E-008
1.3988700E-003   5.8729200E-008
1.4648000E-003   5.5870300E-008
1.5338400E-003   5.4003600E-008
1.6061200E-003   5.1326400E-008
1.6818200E-003   4.9335900E-008
1.7610800E-003   4.6562500E-008
1.8440800E-003   4.4882200E-008
1.9309800E-003   4.2113900E-008
2.0219900E-003   3.9873600E-008
2.1172800E-003   3.8273300E-008
2.2170700E-003   3.6522900E-008
2.3215500E-003   3.4335100E-008
2.4309700E-003   3.2580800E-008
2.5455300E-003   3.0460800E-008
2.6655000E-003   2.8552800E-008
2.7911200E-003   2.6956800E-008
2.9226600E-003   2.5453000E-008
3.0604000E-003   2.3889825E-008
3.2046400E-003   2.2077060E-008
3.3556700E-003   2.0698800E-008
3.5138100E-003   1.9540100E-008
3.6794100E-003   1.8111200E-008
3.8528200E-003   1.7020900E-008
4.0344000E-003   1.5871500E-008
4.2245300E-003   1.4558700E-008
4.4236300E-003   1.3422300E-008
4.6321100E-003   1.2560586E-008
4.8504100E-003   1.1447800E-008
5.0790100E-003   1.0710000E-008
5.3183700E-003   9.8961900E-009
5.5690200E-003   9.1633927E-009
5.8314800E-003   8.4238900E-009
6.1063100E-003   7.5746500E-009
6.3940900E-003   6.9912240E-009
6.6954300E-003   6.3976600E-009
7.0109800E-003   5.9059100E-009
7.3414000E-003   5.2824900E-009
7.6873900E-003   4.8193289E-009
8.0496800E-003   4.4037112E-009
8.4290500E-003   3.9490800E-009
8.8263000E-003   3.5957100E-009
9.2422700E-003   3.2849130E-009
9.6778500E-003   3.0016230E-009
1.0133900E-002   2.6956100E-009
1.0611500E-002   2.4339600E-009
1.1111700E-002   2.2139370E-009
1.1635300E-002   2.0003299E-009
1.2183700E-002   1.8275100E-009
1.2757900E-002   1.6514680E-009
1.3359100E-002   1.4754030E-009
1.3988700E-002   1.3266000E-009
1.4648000E-002   1.1730240E-009
1.5338400E-002   1.0432900E-009
1.6061200E-002   9.4215400E-010
1.6818200E-002   8.4919699E-010
1.7610800E-002   7.6726397E-010
1.8440800E-002   6.9644601E-010
1.9309800E-002   6.2635103E-010
2.0219900E-002   5.5957500E-010
2.1172800E-002   4.9991800E-010
2.2170700E-002   4.5168400E-010
2.3215500E-002   4.0810400E-010
 17
 1   2   3   4
 xy
 100
1.0133900E-003   8.3608000E-008
1.0611500E-003   8.0568500E-008
1.1111700E-003   7.7403200E-008
1.1635300E-003   7.4191500E-008
1.2183700E-003   7.1205900E-008
1.2757900E-003   6.8321500E-008
1.3359100E-003   6.5271800E-008
1.3988700E-003   6.1869000E-008
1.4648000E-003   5.9637700E-008
1.5338400E-003   5.6778100E-008
1.6061200E-003   5.3881100E-008
1.6818200E-003   5.1273100E-008
1.7610800E-003   4.8600400E-008
1.8440800E-003   4.6019600E-008
1.9309800E-003   4.3589000E-008
2.0219900E-003   4.0951300E-008
2.1172800E-003   3.9081700E-008
2.2170700E-003   3.6593700E-008
2.3215500E-003   3.4313500E-008
2.4309700E-003   3.2405100E-008
2.5455300E-003   3.0325100E-008
2.6655000E-003   2.8612009E-008
2.7911200E-003   2.6973300E-008
2.9226600E-003   2.5095500E-008
3.0604000E-003   2.3357215E-008
3.2046400E-003   2.1991900E-008
3.3556700E-003   2.0168800E-008
3.5138100E-003   1.8757400E-008
3.6794100E-003   1.7328200E-008
3.8528200E-003   1.6214600E-008
4.0344000E-003   1.5020000E-008
4.2245300E-003   1.3932700E-008
4.4236300E-003   1.3143985E-008
4.6321100E-003   1.2035500E-008
4.8504100E-003   1.1019600E-008
5.0790100E-003   1.0256895E-008
5.3183700E-003   9.3380400E-009
5.5690200E-003   8.4449400E-009
5.8314800E-003   7.7535700E-009
6.1063100E-003   7.0027800E-009
6.3940900E-003   6.3883041E-009
6.6954300E-003   5.8066800E-009
7.0109800E-003   5.3339648E-009
7.3414000E-003   4.8626000E-009
7.6873900E-003   4.4037112E-009
8.0496800E-003   3.9788279E-009
8.4290500E-003   3.5949390E-009
8.8263000E-003   3.2808300E-009
9.2422700E-003   3.0124700E-009
9.6778500E-003   2.7267391E-009
1.0133900E-002   2.4056500E-009
1.0611500E-002   2.1708690E-009
1.1111700E-002   1.9774000E-009
1.1635300E-002   1.7472300E-009
1.2183700E-002   1.5776830E-009
1.2757900E-002   1.3789070E-009
1.3359100E-002   1.2180900E-009
1.3988700E-002   1.0882280E-009
1.4648000E-002   9.7220998E-010
1.5338400E-002   8.3026502E-010
1.6061200E-002   7.2675199E-010
1.6818200E-002   6.4845701E-010
1.7610800E-002   5.8538502E-010
1.8440800E-002   5.2297700E-010
1.9309800E-002   4.7126703E-010
2.0219900E-002   4.2049600E-010
2.1172800E-002   3.7294000E-010
2.2170700E-002   3.2260700E-010
2.3215500E-002   2.7539900E-010
 18
 1   2   3   4
 xy
 100
1.0133900E-003   7.8195900E-008
1.0611500E-003   7.5025100E-008
1.1111700E-003   7.2231000E-008
1.1635300E-003   6.9922200E-008
1.2183700E-003   6.7433600E-008
1.2757900E-003   6.5220500E-008
1.3359100E-003   6.2331200E-008
1.3988700E-003   5.9422800E-008
1.4648000E-003   5.7052000E-008
1.5338400E-003   5.4364500E-008
1.6061200E-003   5.1509700E-008
1.6818200E-003   4.8940600E-008
1.7610800E-003   4.6984600E-008
1.8440800E-003   4.4664600E-008
1.9309800E-003   4.2568200E-008
2.0219900E-003   4.0348400E-008
2.1172800E-003   3.7766700E-008
2.2170700E-003   3.5900300E-008
2.3215500E-003   3.4237100E-008
2.4309700E-003   3.2374000E-008
2.5455300E-003   3.0391300E-008
2.6655000E-003   2.8075700E-008
2.7911200E-003   2.6407800E-008
2.9226600E-003   2.4711600E-008
3.0604000E-003   2.3359200E-008
3.2046400E-003   2.2209289E-008
3.3556700E-003   2.0549900E-008
3.5138100E-003   1.8942400E-008
3.6794100E-003   1.7620653E-008
3.8528200E-003   1.6283597E-008
4.0344000E-003   1.5218594E-008
4.2245300E-003   1.3906148E-008
4.4236300E-003   1.2978200E-008
4.6321100E-003   1.1615500E-008
4.8504100E-003   1.0810100E-008
5.0790100E-003   1.0114900E-008
5.3183700E-003   9.1633927E-009
5.5690200E-003   8.3731448E-009
5.8314800E-003   7.7282500E-009
6.1063100E-003   7.0056600E-009
6.3940900E-003   6.4845702E-009
6.6954300E-003   5.8702400E-009
7.0109800E-003   5.3841100E-009
7.3414000E-003   4.9325251E-009
7.6873900E-003   4.6064499E-009
8.0496800E-003   4.3019299E-009
8.4290500E-003   3.8716900E-009
8.8263000E-003   3.5039220E-009
9.2422700E-003   3.1985301E-009
9.6778500E-003   2.8539451E-009
1.0133900E-002   2.5464819E-009
1.0611500E-002   2.2644211E-009
1.1111700E-002   1.9825500E-009
1.1635300E-002   1.7681731E-009
1.2183700E-002   1.5421220E-009
1.2757900E-002   1.3481650E-009
1.3359100E-002   1.1730240E-009
1.3988700E-002   1.0087100E-009
1.4648000E-002   8.9226698E-010
1.5338400E-002   7.7699900E-010
1.6061200E-002   6.8173600E-010
1.6818200E-002   5.9223698E-010
1.7610800E-002   5.1448801E-010
1.8440800E-002   4.4694601E-010
1.9309800E-002   3.9453299E-010
2.0219900E-002   3.4075001E-010
2.1172800E-002   3.0442199E-010
2.2170700E-002   2.6263600E-010
2.3215500E-002   2.2461701E-010
 19
 1   2   3   4
 xy
 100
1.0133900E-003   7.7884700E-008
1.0611500E-003   7.4707800E-008
1.1111700E-003   7.1888900E-008
1.1635300E-003   6.9696100E-008
1.2183700E-003   6.7034200E-008
1.2757900E-003   6.4308400E-008
1.3359100E-003   6.1316100E-008
1.3988700E-003   5.8752000E-008
1.4648000E-003   5.6607400E-008
1.5338400E-003   5.3756900E-008
1.6061200E-003   5.1690500E-008
1.6818200E-003   4.8719000E-008
1.7610800E-003   4.6613400E-008
1.8440800E-003   4.4583700E-008
1.9309800E-003   4.1949800E-008
2.0219900E-003   3.9567400E-008
2.1172800E-003   3.7562000E-008
2.2170700E-003   3.5584800E-008
2.3215500E-003   3.3765100E-008
2.4309700E-003   3.1750200E-008
2.5455300E-003   2.9962100E-008
2.6655000E-003   2.8291266E-008
2.7911200E-003   2.6440924E-008
2.9226600E-003   2.4711400E-008
3.0604000E-003   2.2846100E-008
3.2046400E-003   2.1755200E-008
3.3556700E-003   2.0276400E-008
3.5138100E-003   1.8908000E-008
3.6794100E-003   1.7620653E-008
3.8528200E-003   1.6359500E-008
4.0344000E-003   1.4884900E-008
4.2245300E-003   1.3954300E-008
4.4236300E-003   1.3098400E-008
4.6321100E-003   1.2279100E-008
4.8504100E-003   1.1478300E-008
5.0790100E-003   1.0466512E-008
5.3183700E-003   9.5860599E-009
5.5690200E-003   8.8738900E-009
5.8314800E-003   8.1690600E-009
6.1063100E-003   7.3136990E-009
6.3940900E-003   6.6829680E-009
6.6954300E-003   6.0558931E-009
7.0109800E-003   5.4288700E-009
7.3414000E-003   4.8872500E-009
7.6873900E-003   4.4986100E-009
8.0496800E-003   4.0617200E-009
8.4290500E-003   3.7186001E-009
8.8263000E-003   3.3979091E-009
9.2422700E-003   3.1264360E-009
9.6778500E-003   2.8053071E-009
1.0133900E-002   2.5222600E-009
1.0611500E-002   2.2721429E-009
1.1111700E-002   2.0273589E-009
1.1635300E-002   1.8506600E-009
1.2183700E-002   1.6701910E-009
1.2757900E-002   1.4896500E-009
1.3359100E-002   1.3146551E-009
1.3988700E-002   1.1730240E-009
1.4648000E-002   1.0413400E-009
1.5338400E-002   9.2934299E-010
1.6061200E-002   8.1175500E-010
1.6818200E-002   7.1708300E-010
1.7610800E-002   6.2635103E-010
1.8440800E-002   5.4096599E-010
1.9309800E-002   4.6198401E-010
2.0219900E-002   3.9453299E-010
2.1172800E-002   3.3693001E-010
2.2170700E-002   2.8539399E-010
2.3215500E-002   2.3781399E-010
 20
 1   2   3   4
 xy
 100
1.0133900E-003   7.7108900E-008
1.0611500E-003   7.4436600E-008
1.1111700E-003   7.1806700E-008
1.1635300E-003   6.9047000E-008
1.2183700E-003   6.6414100E-008
1.2757900E-003   6.3852200E-008
1.3359100E-003   6.0834600E-008
1.3988700E-003   5.8345400E-008
1.4648000E-003   5.6122000E-008
1.5338400E-003   5.3692500E-008
1.6061200E-003   5.0763400E-008
1.6818200E-003   4.8606200E-008
1.7610800E-003   4.5710400E-008
1.8440800E-003   4.4045700E-008
1.9309800E-003   4.1692300E-008
2.0219900E-003   3.9370400E-008
2.1172800E-003   3.7301100E-008
2.2170700E-003   3.5081000E-008
2.3215500E-003   3.3302300E-008
2.4309700E-003   3.1539400E-008
2.5455300E-003   2.9722200E-008
2.6655000E-003   2.7846600E-008
2.7911200E-003   2.5934900E-008
2.9226600E-003   2.4183600E-008
3.0604000E-003   2.2864700E-008
3.2046400E-003   2.1342897E-008
3.3556700E-003   1.9893700E-008
3.5138100E-003   1.8609600E-008
3.6794100E-003   1.7216300E-008
3.8528200E-003   1.5977400E-008
4.0344000E-003   1.4917000E-008
4.2245300E-003   1.3632400E-008
4.4236300E-003   1.2730400E-008
4.6321100E-003   1.1848300E-008
4.8504100E-003   1.0950800E-008
5.0790100E-003   1.0000100E-008
5.3183700E-003   9.1633927E-009
5.5690200E-003   8.4642600E-009
5.8314800E-003   7.6572900E-009
6.1063100E-003   6.9624000E-009
6.3940900E-003   6.5038600E-009
6.6954300E-003   5.9415100E-009
7.0109800E-003   5.4855900E-009
7.3414000E-003   4.9802600E-009
7.6873900E-003   4.4518400E-009
8.0496800E-003   3.9464900E-009
8.4290500E-003   3.5546399E-009
8.8263000E-003   3.1808200E-009
9.2422700E-003   2.8731900E-009
9.6778500E-003   2.6098700E-009
1.0133900E-002   2.3423139E-009
1.0611500E-002   2.1013000E-009
1.1111700E-002   1.9151760E-009
1.1635300E-002   1.7105229E-009
1.2183700E-002   1.5369600E-009
1.2757900E-002   1.3789070E-009
1.3359100E-002   1.2277470E-009
1.3988700E-002   1.0760280E-009
1.4648000E-002   9.4506203E-010
1.5338400E-002   8.3223400E-010
1.6061200E-002   7.4351098E-010
1.6818200E-002   6.6130800E-010
1.7610800E-002   5.9193900E-010
1.8440800E-002   5.3395100E-010
1.9309800E-002   4.8275500E-010
2.0219900E-002   4.3176801E-010
2.1172800E-002   3.8384701E-010
2.2170700E-002   3.3698300E-010
2.3215500E-002   2.8539399E-010
 21
 1   2   3   4
 xy
 100
1.0133900E-003   7.5598000E-008
1.0611500E-003   7.2755300E-008
1.1111700E-003   6.9859200E-008
1.1635300E-003   6.7823100E-008
1.2183700E-003   6.5302600E-008
1.2757900E-003   6.2385400E-008
1.3359100E-003   5.9707300E-008
1.3988700E-003   5.7011600E-008
1.4648000E-003   5.5067700E-008
1.5338400E-003   5.2850900E-008
1.6061200E-003   5.1005500E-008
1.6818200E-003   4.8504400E-008
1.7610800E-003   4.5727000E-008
1.8440800E-003   4.3661500E-008
1.9309800E-003   4.1184200E-008
2.0219900E-003   3.9231530E-008
2.1172800E-003   3.6776800E-008
2.2170700E-003   3.4787300E-008
2.3215500E-003   3.3213600E-008
2.4309700E-003   3.1195900E-008
2.5455300E-003   2.9461900E-008
2.6655000E-003   2.7757200E-008
2.7911200E-003   2.5734400E-008
2.9226600E-003   2.4184800E-008
3.0604000E-003   2.2105700E-008
3.2046400E-003   2.0944400E-008
3.3556700E-003   1.9913800E-008
3.5138100E-003   1.8380900E-008
3.6794100E-003   1.7189400E-008
3.8528200E-003   1.5703600E-008
4.0344000E-003   1.4547578E-008
4.2245300E-003   1.3468100E-008
4.4236300E-003   1.2645600E-008
4.6321100E-003   1.2010452E-008
4.8504100E-003   1.1029100E-008
5.0790100E-003   1.0230597E-008
5.3183700E-003   9.5860599E-009
5.5690200E-003   8.7039300E-009
5.8314800E-003   7.9358600E-009
6.1063100E-003   7.2675181E-009
6.3940900E-003   6.5339751E-009
6.6954300E-003   5.9193939E-009
7.0109800E-003   5.4034772E-009
7.3414000E-003   4.9292228E-009
7.6873900E-003   4.4219700E-009
8.0496800E-003   4.0239372E-009
8.4290500E-003   3.6156400E-009
8.8263000E-003   3.2331500E-009
9.2422700E-003   2.9018050E-009
9.6778500E-003   2.6015000E-009
1.0133900E-002   2.3160560E-009
1.0611500E-002   2.0741100E-009
1.1111700E-002   1.8933359E-009
1.1635300E-002   1.7082760E-009
1.2183700E-002   1.5421220E-009
1.2757900E-002   1.3789070E-009
1.3359100E-002   1.2318990E-009
1.3988700E-002   1.1005900E-009
1.4648000E-002   1.0027200E-009
1.5338400E-002   8.9226698E-010
1.6061200E-002   7.9614099E-010
1.6818200E-002   6.9435901E-010
1.7610800E-002   6.0552202E-010
1.8440800E-002   5.2890597E-010
1.9309800E-002   4.5026199E-010
2.0219900E-002   3.9011000E-010
2.1172800E-002   3.3693001E-010
2.2170700E-002   2.8773700E-010
2.3215500E-002   2.4572699E-010
 22
 1   2   3   4
 xy
 100
1.0133900E-003   7.6145900E-008
1.0611500E-003   7.3390100E-008
1.1111700E-003   7.1011100E-008
1.1635300E-003   6.8223500E-008
1.2183700E-003   6.5475400E-008
1.2757900E-003   6.2907400E-008
1.3359100E-003   6.0453200E-008
1.3988700E-003   5.8037600E-008
1.4648000E-003   5.5471300E-008
1.5338400E-003   5.3379900E-008
1.6061200E-003   5.0949400E-008
1.6818200E-003   4.8406200E-008
1.7610800E-003   4.5993800E-008
1.8440800E-003   4.3807400E-008
1.9309800E-003   4.1587300E-008
2.0219900E-003   3.8866400E-008
2.1172800E-003   3.7081800E-008
2.2170700E-003   3.5110900E-008
2.3215500E-003   3.3080200E-008
2.4309700E-003   3.1236500E-008
2.5455300E-003   2.9884700E-008
2.6655000E-003   2.8461200E-008
2.7911200E-003   2.6740688E-008
2.9226600E-003   2.5006200E-008
3.0604000E-003   2.3357215E-008
3.2046400E-003   2.1540300E-008
3.3556700E-003   1.9968900E-008
3.5138100E-003   1.8586300E-008
3.6794100E-003   1.7514500E-008
3.8528200E-003   1.6143200E-008
4.0344000E-003   1.5163400E-008
4.2245300E-003   1.4163200E-008
4.4236300E-003   1.3112500E-008
4.6321100E-003   1.2200900E-008
4.8504100E-003   1.1352188E-008
5.0790100E-003   1.0373179E-008
5.3183700E-003   9.3884900E-009
5.5690200E-003   8.6611687E-009
5.8314800E-003   7.8388900E-009
6.1063100E-003   7.2289300E-009
6.3940900E-003   6.3883041E-009
6.6954300E-003   5.7859708E-009
7.0109800E-003   5.2324400E-009
7.3414000E-003   4.7653042E-009
7.6873900E-003   4.4011319E-009
8.0496800E-003   4.1101851E-009
8.4290500E-003   3.6673840E-009
8.8263000E-003   3.2849130E-009
9.2422700E-003   3.0016230E-009
9.6778500E-003   2.7267391E-009
1.0133900E-002   2.4890840E-009
1.0611500E-002   2.2209290E-009
1.1111700E-002   2.0273589E-009
1.1635300E-002   1.8506600E-009
1.2183700E-002   1.6893620E-009
1.2757900E-002   1.5421220E-009
1.3359100E-002   1.4077149E-009
1.3988700E-002   1.2560590E-009
1.4648000E-002   1.1256610E-009
1.5338400E-002   9.9999997E-010
1.6061200E-002   8.9226698E-010
1.6818200E-002   7.7819601E-010
1.7610800E-002   6.9435901E-010
1.8440800E-002   6.1955402E-010
1.9309800E-002   5.5330202E-010
2.0219900E-002   4.8329302E-010
2.1172800E-002   4.1741000E-010
2.2170700E-002   3.5646699E-010
2.3215500E-002   3.0559699E-010
 23
 1   2   3   4
 xy
 100
1.0133900E-003   7.5318900E-008
1.0611500E-003   7.2455700E-008
1.1111700E-003   6.9673400E-008
1.1635300E-003   6.7394300E-008
1.2183700E-003   6.4986400E-008
1.2757900E-003   6.2396100E-008
1.3359100E-003   5.9893400E-008
1.3988700E-003   5.7394300E-008
1.4648000E-003   5.4792100E-008
1.5338400E-003   5.2236900E-008
1.6061200E-003   4.9945000E-008
1.6818200E-003   4.7654100E-008
1.7610800E-003   4.5608600E-008
1.8440800E-003   4.3329900E-008
1.9309800E-003   4.1374700E-008
2.0219900E-003   3.9452300E-008
2.1172800E-003   3.7149900E-008
2.2170700E-003   3.5269600E-008
2.3215500E-003   3.3551300E-008
2.4309700E-003   3.1595800E-008
2.5455300E-003   2.9389400E-008
2.6655000E-003   2.7688500E-008
2.7911200E-003   2.6011000E-008
2.9226600E-003   2.4793200E-008
3.0604000E-003   2.3150200E-008
3.2046400E-003   2.1466600E-008
3.3556700E-003   2.0022800E-008
3.5138100E-003   1.8838100E-008
3.6794100E-003   1.7678000E-008
3.8528200E-003   1.6400700E-008
4.0344000E-003   1.5164000E-008
4.2245300E-003   1.4053300E-008
4.4236300E-003   1.3072200E-008
4.6321100E-003   1.2153700E-008
4.8504100E-003   1.1206800E-008
5.0790100E-003   1.0322100E-008
5.3183700E-003   9.2760500E-009
5.5690200E-003   8.4931600E-009
5.8314800E-003   7.8628700E-009
6.1063100E-003   7.2276600E-009
6.3940900E-003   6.6650500E-009
6.6954300E-003   5.9899000E-009
7.0109800E-003   5.5633500E-009
7.3414000E-003   5.0416231E-009
7.6873900E-003   4.4755900E-009
8.0496800E-003   4.1106800E-009
8.4290500E-003   3.7391600E-009
8.8263000E-003   3.3979091E-009
9.2422700E-003   3.0741600E-009
9.6778500E-003   2.7896170E-009
1.0133900E-002   2.5726000E-009
1.0611500E-002   2.3160560E-009
1.1111700E-002   2.0814800E-009
1.1635300E-002   1.8428600E-009
1.2183700E-002   1.6533800E-009
1.2757900E-002   1.4754030E-009
1.3359100E-002   1.3181080E-009
1.3988700E-002   1.1684000E-009
1.4648000E-002   1.0285840E-009
1.5338400E-002   8.9891500E-010
1.6061200E-002   7.9614099E-010
1.6818200E-002   7.1037098E-010
1.7610800E-002   6.3384098E-010
1.8440800E-002   5.5330202E-010
1.9309800E-002   4.8329302E-010
2.0219900E-002   4.2049600E-010
2.1172800E-002   3.6472800E-010
2.2170700E-002   3.1684599E-010
2.3215500E-002   2.6677599E-010
 24
 1   2   3   4
 xy
 100
1.0133900E-003   7.5860800E-008
1.0611500E-003   7.3416800E-008
1.1111700E-003   7.0879200E-008
1.1635300E-003   6.8000000E-008
1.2183700E-003   6.5863100E-008
1.2757900E-003   6.3148200E-008
1.3359100E-003   6.0410400E-008
1.3988700E-003   5.8490000E-008
1.4648000E-003   5.5578100E-008
1.5338400E-003   5.2939400E-008
1.6061200E-003   5.0862100E-008
1.6818200E-003   4.8724200E-008
1.7610800E-003   4.6309700E-008
1.8440800E-003   4.4011500E-008
1.9309800E-003   4.1960600E-008
2.0219900E-003   4.0091000E-008
2.1172800E-003   3.8094100E-008
2.2170700E-003   3.6068500E-008
2.3215500E-003   3.3539500E-008
2.4309700E-003   3.1934500E-008
2.5455300E-003   3.0153500E-008
2.6655000E-003   2.8545800E-008
2.7911200E-003   2.6682700E-008
2.9226600E-003   2.5136100E-008
3.0604000E-003   2.3740000E-008
3.2046400E-003   2.1866100E-008
3.3556700E-003   2.0430700E-008
3.5138100E-003   1.9255700E-008
3.6794100E-003   1.7954300E-008
3.8528200E-003   1.6596000E-008
4.0344000E-003   1.5547300E-008
4.2245300E-003   1.4384499E-008
4.4236300E-003   1.3365600E-008
4.6321100E-003   1.2290800E-008
4.8504100E-003   1.1470500E-008
5.0790100E-003   1.0660100E-008
5.3183700E-003   9.8256700E-009
5.5690200E-003   9.0353700E-009
5.8314800E-003   8.1364500E-009
6.1063100E-003   7.4237200E-009
6.3940900E-003   6.8641900E-009
6.6954300E-003   6.3166898E-009
7.0109800E-003   5.6555551E-009
7.3414000E-003   5.2150471E-009
7.6873900E-003   4.7653042E-009
8.0496800E-003   4.3517600E-009
8.4290500E-003   3.9821900E-009
8.8263000E-003   3.6383400E-009
9.2422700E-003   3.2819900E-009
9.6778500E-003   2.9018050E-009
1.0133900E-002   2.6074300E-009
1.0611500E-002   2.3495200E-009
1.1111700E-002   2.1403130E-009
1.1635300E-002   1.9121309E-009
1.2183700E-002   1.7082760E-009
1.2757900E-002   1.5421220E-009
1.3359100E-002   1.3634490E-009
1.3988700E-002   1.2044350E-009
1.4648000E-002   1.0565600E-009
1.5338400E-002   9.3389296E-010
1.6061200E-002   8.3328200E-010
1.6818200E-002   7.5539200E-010
1.7610800E-002   6.7018302E-010
1.8440800E-002   5.9873401E-010
1.9309800E-002   5.3490201E-010
2.0219900E-002   4.8329302E-010
2.1172800E-002   4.3176801E-010
2.2170700E-002   3.8573700E-010
2.3215500E-002   3.4461300E-010
 25
 1   2   3   4
 xy
 100
1.0133900E-003   8.0667100E-008
1.0611500E-003   7.7552100E-008
1.1111700E-003   7.4555700E-008
1.1635300E-003   7.1774100E-008
1.2183700E-003   6.9134000E-008
1.2757900E-003   6.6529100E-008
1.3359100E-003   6.3515200E-008
1.3988700E-003   6.0549600E-008
1.4648000E-003   5.7787400E-008
1.5338400E-003   5.5293000E-008
1.6061200E-003   5.2800800E-008
1.6818200E-003   5.0486000E-008
1.7610800E-003   4.7812300E-008
1.8440800E-003   4.5149800E-008
1.9309800E-003   4.3216100E-008
2.0219900E-003   4.0926900E-008
2.1172800E-003   3.8725600E-008
2.2170700E-003   3.6293100E-008
2.3215500E-003   3.4554600E-008
2.4309700E-003   3.2331600E-008
2.5455300E-003   3.0595200E-008
2.6655000E-003   2.8602800E-008
2.7911200E-003   2.6667200E-008
2.9226600E-003   2.5063311E-008
3.0604000E-003   2.3608600E-008
3.2046400E-003   2.2019700E-008
3.3556700E-003   2.0466300E-008
3.5138100E-003   1.9258600E-008
3.6794100E-003   1.7782794E-008
3.8528200E-003   1.6391100E-008
4.0344000E-003   1.5123000E-008
4.2245300E-003   1.3998300E-008
4.4236300E-003   1.3052000E-008
4.6321100E-003   1.1938200E-008
4.8504100E-003   1.1054600E-008
5.0790100E-003   1.0090800E-008
5.3183700E-003   9.2375600E-009
5.5690200E-003   8.3805800E-009
5.8314800E-003   7.8955200E-009
6.1063100E-003   7.1791000E-009
6.3940900E-003   6.5193000E-009
6.6954300E-003   6.0558931E-009
7.0109800E-003   5.5280789E-009
7.3414000E-003   5.0341140E-009
7.6873900E-003   4.5065698E-009
8.0496800E-003   4.0808300E-009
8.4290500E-003   3.7224700E-009
8.8263000E-003   3.4172800E-009
9.2422700E-003   3.1264360E-009
9.6778500E-003   2.7898600E-009
1.0133900E-002   2.4890840E-009
1.0611500E-002   2.2436830E-009
1.1111700E-002   1.9864470E-009
1.1635300E-002   1.7681731E-009
1.2183700E-002   1.5801100E-009
1.2757900E-002   1.3975900E-009
1.3359100E-002   1.2560590E-009
1.3988700E-002   1.1207399E-009
1.4648000E-002   9.9999997E-010
1.5338400E-002   8.9520602E-010
1.6061200E-002   7.8411100E-010
1.6818200E-002   6.9435901E-010
1.7610800E-002   6.1955402E-010
1.8440800E-002   5.4034799E-010
1.9309800E-002   4.7126703E-010
2.0219900E-002   4.1246301E-010
2.1172800E-002   3.5039199E-010
2.2170700E-002   2.9870800E-010
2.3215500E-002   2.4890801E-010
 26
 1   2   3   4
 xy
 100
1.0133900E-003   7.8778700E-008
1.0611500E-003   7.6105700E-008
1.1111700E-003   7.3174800E-008
1.1635300E-003   7.0759100E-008
1.2183700E-003   6.8141600E-008
1.2757900E-003   6.5602500E-008
1.3359100E-003   6.3272600E-008
1.3988700E-003   6.1008100E-008
1.4648000E-003   5.8366600E-008
1.5338400E-003   5.5496000E-008
1.6061200E-003   5.3009700E-008
1.6818200E-003   5.0528200E-008
1.7610800E-003   4.7996800E-008
1.8440800E-003   4.5900900E-008
1.9309800E-003   4.3934100E-008
2.0219900E-003   4.1523500E-008
2.1172800E-003   3.8914200E-008
2.2170700E-003   3.7076800E-008
2.3215500E-003   3.5106200E-008
2.4309700E-003   3.2950600E-008
2.5455300E-003   3.1190300E-008
2.6655000E-003   2.9239000E-008
2.7911200E-003   2.7644900E-008
2.9226600E-003   2.5789000E-008
3.0604000E-003   2.4175700E-008
3.2046400E-003   2.2635400E-008
3.3556700E-003   2.1169100E-008
3.5138100E-003   1.9855000E-008
3.6794100E-003   1.8347700E-008
3.8528200E-003   1.6975300E-008
4.0344000E-003   1.5744011E-008
4.2245300E-003   1.4562100E-008
4.4236300E-003   1.3356000E-008
4.6321100E-003   1.2385200E-008
4.8504100E-003   1.1427700E-008
5.0790100E-003   1.0542600E-008
5.3183700E-003   9.6733501E-009
5.5690200E-003   8.9089800E-009
5.8314800E-003   8.1784300E-009
6.1063100E-003   7.3263500E-009
6.3940900E-003   6.6391941E-009
6.6954300E-003   6.0404500E-009
7.0109800E-003   5.5787500E-009
7.3414000E-003   5.0406400E-009
7.6873900E-003   4.6074602E-009
8.0496800E-003   4.1035300E-009
8.4290500E-003   3.6923911E-009
8.8263000E-003   3.2722880E-009
9.2422700E-003   2.9590610E-009
9.6778500E-003   2.6198070E-009
1.0133900E-002   2.3452671E-009
1.0611500E-002   2.1440100E-009
1.1111700E-002   1.9083400E-009
1.1635300E-002   1.7283180E-009
1.2183700E-002   1.5073630E-009
1.2757900E-002   1.3555500E-009
1.3359100E-002   1.2000740E-009
1.3988700E-002   1.0466510E-009
1.4648000E-002   9.1524699E-010
1.5338400E-002   8.0139401E-010
1.6061200E-002   6.8633899E-010
1.6818200E-002   6.0157102E-010
1.7610800E-002   5.3083299E-010
1.8440800E-002   4.6841198E-010
1.9309800E-002   4.0691900E-010
2.0219900E-002   3.5717801E-010
2.1172800E-002   3.1622799E-010
2.2170700E-002   2.7958899E-010
2.3215500E-002   2.4437699E-010
 27
 1   2   3   4
 xy
 100
1.0133900E-003   7.6837300E-008
1.0611500E-003   7.4574800E-008
1.1111700E-003   7.2171600E-008
1.1635300E-003   6.9531600E-008
1.2183700E-003   6.7145300E-008
1.2757900E-003   6.4750400E-008
1.3359100E-003   6.2262400E-008
1.3988700E-003   5.9721300E-008
1.4648000E-003   5.7383700E-008
1.5338400E-003   5.4959600E-008
1.6061200E-003   5.2633000E-008
1.6818200E-003   5.0343100E-008
1.7610800E-003   4.8087100E-008
1.8440800E-003   4.5806200E-008
1.9309800E-003   4.3682700E-008
2.0219900E-003   4.1426800E-008
2.1172800E-003   3.9462800E-008
2.2170700E-003   3.7343800E-008
2.3215500E-003   3.5305400E-008
2.4309700E-003   3.3199900E-008
2.5455300E-003   3.1429500E-008
2.6655000E-003   2.9596800E-008
2.7911200E-003   2.8001500E-008
2.9226600E-003   2.6784566E-008
3.0604000E-003   2.5063311E-008
3.2046400E-003   2.3065900E-008
3.3556700E-003   2.1585900E-008
3.5138100E-003   2.0070000E-008
3.6794100E-003   1.8644400E-008
3.8528200E-003   1.7273700E-008
4.0344000E-003   1.6018100E-008
4.2245300E-003   1.4922400E-008
4.4236300E-003   1.3721100E-008
4.6321100E-003   1.2656300E-008
4.8504100E-003   1.1637800E-008
5.0790100E-003   1.0686762E-008
5.3183700E-003   9.8705100E-009
5.5690200E-003   9.0149500E-009
5.8314800E-003   8.1944400E-009
6.1063100E-003   7.4607900E-009
6.3940900E-003   6.7878272E-009
6.6954300E-003   6.2490000E-009
7.0109800E-003   5.7493050E-009
7.3414000E-003   5.2620361E-009
7.6873900E-003   4.8350500E-009
8.0496800E-003   4.4142900E-009
8.4290500E-003   3.9994200E-009
8.8263000E-003   3.5521300E-009
9.2422700E-003   3.2047800E-009
9.6778500E-003   2.9197560E-009
1.0133900E-002   2.5875300E-009
1.0611500E-002   2.3458700E-009
1.1111700E-002   2.1374551E-009
1.1635300E-002   1.9209021E-009
1.2183700E-002   1.7262890E-009
1.2757900E-002   1.5699160E-009
1.3359100E-002   1.4277070E-009
1.3988700E-002   1.2529630E-009
1.4648000E-002   1.1127350E-009
1.5338400E-002   9.9999997E-010
1.6061200E-002   8.8808300E-010
1.6818200E-002   7.7938600E-010
1.7610800E-002   6.9216000E-010
1.8440800E-002   6.1469502E-010
1.9309800E-002   5.3945898E-010
2.0219900E-002   4.7343202E-010
2.1172800E-002   4.1058401E-010
2.2170700E-002   3.5607900E-010
2.3215500E-002   3.0516600E-010
 28
 1   2   3   4
 xy
 100
1.0133900E-003   8.0969300E-008
1.0611500E-003   7.8640300E-008
1.1111700E-003   7.6147700E-008
1.1635300E-003   7.3713800E-008
1.2183700E-003   7.1074400E-008
1.2757900E-003   6.8513100E-008
1.3359100E-003   6.5853400E-008
1.3988700E-003   6.3416000E-008
1.4648000E-003   6.1016600E-008
1.5338400E-003   5.8156400E-008
1.6061200E-003   5.5636800E-008
1.6818200E-003   5.3280400E-008
1.7610800E-003   5.1004600E-008
1.8440800E-003   4.8395600E-008
1.9309800E-003   4.6052800E-008
2.0219900E-003   4.3521600E-008
2.1172800E-003   4.1202300E-008
2.2170700E-003   3.9154700E-008
2.3215500E-003   3.7127700E-008
2.4309700E-003   3.5017700E-008
2.5455300E-003   3.2738200E-008
2.6655000E-003   3.1090300E-008
2.7911200E-003   2.9234700E-008
2.9226600E-003   2.7442000E-008
3.0604000E-003   2.5768700E-008
3.2046400E-003   2.3921300E-008
3.3556700E-003   2.2347200E-008
3.5138100E-003   2.0825100E-008
3.6794100E-003   1.9365700E-008
3.8528200E-003   1.8143600E-008
4.0344000E-003   1.6557900E-008
4.2245300E-003   1.5480400E-008
4.4236300E-003   1.4437000E-008
4.6321100E-003   1.3372530E-008
4.8504100E-003   1.2244700E-008
5.0790100E-003   1.1403000E-008
5.3183700E-003   1.0471000E-008
5.5690200E-003   9.6121700E-009
5.8314800E-003   8.7285400E-009
6.1063100E-003   7.8517700E-009
6.3940900E-003   7.1510349E-009
6.6954300E-003   6.5166000E-009
7.0109800E-003   6.0443600E-009
7.3414000E-003   5.4188300E-009
7.6873900E-003   4.9450959E-009
8.0496800E-003   4.4572500E-009
8.4290500E-003   4.1023200E-009
8.8263000E-003   3.7732400E-009
9.2422700E-003   3.3335900E-009
9.6778500E-003   2.9888400E-009
1.0133900E-002   2.6972500E-009
1.0611500E-002   2.4182161E-009
1.1111700E-002   2.1708690E-009
1.1635300E-002   1.9369959E-009
1.2183700E-002   1.7292749E-009
1.2757900E-002   1.5292060E-009
1.3359100E-002   1.3449710E-009
1.3988700E-002   1.1907500E-009
1.4648000E-002   1.0574790E-009
1.5338400E-002   9.2474001E-010
1.6061200E-002   8.0555900E-010
1.6818200E-002   6.9162900E-010
1.7610800E-002   5.9140300E-010
1.8440800E-002   5.0663300E-010
1.9309800E-002   4.3818800E-010
2.0219900E-002   3.7519499E-010
2.1172800E-002   3.1684599E-010
2.2170700E-002   2.7097999E-010
2.3215500E-002   2.3175301E-010
 29
 1   2   3   4
 xy
 100
1.0133900E-003   8.0715300E-008
1.0611500E-003   7.8121700E-008
1.1111700E-003   7.5770600E-008
1.1635300E-003   7.3596100E-008
1.2183700E-003   7.1051600E-008
1.2757900E-003   6.8519100E-008
1.3359100E-003   6.5991500E-008
1.3988700E-003   6.3662800E-008
1.4648000E-003   6.1268900E-008
1.5338400E-003   5.8584100E-008
1.6061200E-003   5.6077100E-008
1.6818200E-003   5.3643400E-008
1.7610800E-003   5.1079500E-008
1.8440800E-003   4.8554600E-008
1.9309800E-003   4.6449900E-008
2.0219900E-003   4.4077000E-008
2.1172800E-003   4.1928700E-008
2.2170700E-003   3.9827800E-008
2.3215500E-003   3.7630700E-008
2.4309700E-003   3.5638300E-008
2.5455300E-003   3.3459500E-008
2.6655000E-003   3.1640100E-008
2.7911200E-003   2.9573700E-008
2.9226600E-003   2.7906300E-008
3.0604000E-003   2.6073900E-008
3.2046400E-003   2.4301900E-008
3.3556700E-003   2.2771000E-008
3.5138100E-003   2.1272200E-008
3.6794100E-003   1.9895200E-008
3.8528200E-003   1.8324800E-008
4.0344000E-003   1.6987600E-008
4.2245300E-003   1.5813541E-008
4.4236300E-003   1.4652500E-008
4.6321100E-003   1.3560900E-008
4.8504100E-003   1.2400600E-008
5.0790100E-003   1.1564500E-008
5.3183700E-003   1.0567800E-008
5.5690200E-003   9.6620300E-009
5.8314800E-003   8.9234600E-009
6.1063100E-003   7.9334600E-009
6.3940900E-003   7.3372300E-009
6.6954300E-003   6.6830900E-009
7.0109800E-003   5.9931300E-009
7.3414000E-003   5.4941400E-009
7.6873900E-003   4.9249000E-009
8.0496800E-003   4.4520179E-009
8.4290500E-003   4.0439700E-009
8.8263000E-003   3.6283500E-009
9.2422700E-003   3.2175100E-009
9.6778500E-003   2.8539451E-009
1.0133900E-002   2.5277000E-009
1.0611500E-002   2.2429600E-009
1.1111700E-002   1.9997279E-009
1.1635300E-002   1.8083460E-009
1.2183700E-002   1.5991291E-009
1.2757900E-002   1.4622900E-009
1.3359100E-002   1.2975300E-009
1.3988700E-002   1.1601550E-009
1.4648000E-002   1.0326500E-009
1.5338400E-002   9.0698900E-010
1.6061200E-002   8.1440700E-010
1.6818200E-002   7.2320200E-010
1.7610800E-002   6.3384098E-010
1.8440800E-002   5.6509603E-010
1.9309800E-002   5.0462701E-010
2.0219900E-002   4.5026199E-010
2.1172800E-002   4.0060499E-010
2.2170700E-002   3.5906900E-010
2.3215500E-002   3.1684599E-010
 30
 1   2   3   4
 xy
 100
1.0133900E-003   8.1520200E-008
1.0611500E-003   7.9517700E-008
1.1111700E-003   7.7087700E-008
1.1635300E-003   7.4726000E-008
1.2183700E-003   7.2121700E-008
1.2757900E-003   6.9397300E-008
1.3359100E-003   6.7104300E-008
1.3988700E-003   6.4563100E-008
1.4648000E-003   6.2058000E-008
1.5338400E-003   5.9330700E-008
1.6061200E-003   5.7089600E-008
1.6818200E-003   5.4255700E-008
1.7610800E-003   5.1807000E-008
1.8440800E-003   4.9662400E-008
1.9309800E-003   4.7249500E-008
2.0219900E-003   4.4606800E-008
2.1172800E-003   4.2835600E-008
2.2170700E-003   4.0499500E-008
2.3215500E-003   3.8329000E-008
2.4309700E-003   3.6312500E-008
2.5455300E-003   3.4308200E-008
2.6655000E-003   3.2543100E-008
2.7911200E-003   3.0344200E-008
2.9226600E-003   2.8358000E-008
3.0604000E-003   2.6395900E-008
3.2046400E-003   2.4501800E-008
3.3556700E-003   2.2973100E-008
3.5138100E-003   2.1393800E-008
3.6794100E-003   1.9984800E-008
3.8528200E-003   1.8552100E-008
4.0344000E-003   1.7054500E-008
4.2245300E-003   1.5951200E-008
4.4236300E-003   1.4639600E-008
4.6321100E-003   1.3506100E-008
4.8504100E-003   1.2362300E-008
5.0790100E-003   1.1308319E-008
5.3183700E-003   1.0341014E-008
5.5690200E-003   9.5373400E-009
5.8314800E-003   8.7983400E-009
6.1063100E-003   7.9111500E-009
6.3940900E-003   7.2314150E-009
6.6954300E-003   6.5393411E-009
7.0109800E-003   5.9759200E-009
7.3414000E-003   5.4076641E-009
7.6873900E-003   4.8624800E-009
8.0496800E-003   4.4718318E-009
8.4290500E-003   4.0710600E-009
8.8263000E-003   3.6306800E-009
9.2422700E-003   3.2866900E-009
9.6778500E-003   2.9571530E-009
1.0133900E-002   2.7286700E-009
1.0611500E-002   2.4329800E-009
1.1111700E-002   2.1685400E-009
1.1635300E-002   1.9369959E-009
1.2183700E-002   1.7283180E-009
1.2757900E-002   1.5463950E-009
1.3359100E-002   1.3828551E-009
1.3988700E-002   1.2092730E-009
1.4648000E-002   1.0707870E-009
1.5338400E-002   9.5542796E-010
1.6061200E-002   8.5249702E-010
1.6818200E-002   7.6470702E-010
1.7610800E-002   6.6340999E-010
1.8440800E-002   5.7859700E-010
1.9309800E-002   5.0568899E-010
2.0219900E-002   4.4221299E-010
2.1172800E-002   3.8670400E-010
2.2170700E-002   3.3816300E-010
2.3215500E-002   2.8917799E-010
 31
 1   2   3   4
 xy
 100
1.0133900E-003   8.1037500E-008
1.0611500E-003   7.9576300E-008
1.1111700E-003   7.7307700E-008
1.1635300E-003   7.4666300E-008
1.2183700E-003   7.2103000E-008
1.2757900E-003   6.9248500E-008
1.3359100E-003   6.6702300E-008
1.3988700E-003   6.4116900E-008
1.4648000E-003   6.2071800E-008
1.5338400E-003   5.9579100E-008
1.6061200E-003   5.7061300E-008
1.6818200E-003   5.4719200E-008
1.7610800E-003   5.2328000E-008
1.8440800E-003   4.9862300E-008
1.9309800E-003   4.7268700E-008
2.0219900E-003   4.4888500E-008
2.1172800E-003   4.2843900E-008
2.2170700E-003   4.0926300E-008
2.3215500E-003   3.8453000E-008
2.4309700E-003   3.6235400E-008
2.5455300E-003   3.4589800E-008
2.6655000E-003   3.2489900E-008
2.7911200E-003   3.0555400E-008
2.9226600E-003   2.8421700E-008
3.0604000E-003   2.6780000E-008
3.2046400E-003   2.5280300E-008
3.3556700E-003   2.3463600E-008
3.5138100E-003   2.2029100E-008
3.6794100E-003   2.0435100E-008
3.8528200E-003   1.8925400E-008
4.0344000E-003   1.7583400E-008
4.2245300E-003   1.6171038E-008
4.4236300E-003   1.5033700E-008
4.6321100E-003   1.3828552E-008
4.8504100E-003   1.2874400E-008
5.0790100E-003   1.1844500E-008
5.3183700E-003   1.1058324E-008
5.5690200E-003   9.9999999E-009
5.8314800E-003   9.1853600E-009
6.1063100E-003   8.4781600E-009
6.3940900E-003   7.8199482E-009
6.6954300E-003   7.1045400E-009
7.0109800E-003   6.4441600E-009
7.3414000E-003   5.9135008E-009
7.6873900E-003   5.4076641E-009
8.0496800E-003   4.8718500E-009
8.4290500E-003   4.4072900E-009
8.8263000E-003   3.9491900E-009
9.2422700E-003   3.5489400E-009
9.6778500E-003   3.2170859E-009
1.0133900E-002   2.9019280E-009
1.0611500E-002   2.6103600E-009
1.1111700E-002   2.3612079E-009
1.1635300E-002   2.0764400E-009
1.2183700E-002   1.8700130E-009
1.2757900E-002   1.6910460E-009
1.3359100E-002   1.5122080E-009
1.3988700E-002   1.3449710E-009
1.4648000E-002   1.2000740E-009
1.5338400E-002   1.0813860E-009
1.6061200E-002   9.7789299E-010
1.6818200E-002   8.9226698E-010
1.7610800E-002   7.9614099E-010
1.8440800E-002   6.9929501E-010
1.9309800E-002   6.1955402E-010
2.0219900E-002   5.5299099E-010
2.1172800E-002   4.8901300E-010
2.2170700E-002   4.4221299E-010
2.3215500E-002   3.9989101E-010
 32
 1   2   3   4
 xy
 100
1.0133900E-003   8.0154100E-008
1.0611500E-003   7.7474800E-008
1.1111700E-003   7.5138300E-008
1.1635300E-003   7.2826900E-008
1.2183700E-003   7.0784100E-008
1.2757900E-003   6.8301900E-008
1.3359100E-003   6.5537400E-008
1.3988700E-003   6.3147900E-008
1.4648000E-003   6.0840600E-008
1.5338400E-003   5.8608200E-008
1.6061200E-003   5.6398400E-008
1.6818200E-003   5.3697500E-008
1.7610800E-003   5.1251100E-008
1.8440800E-003   4.9040400E-008
1.9309800E-003   4.6829500E-008
2.0219900E-003   4.4511800E-008
2.1172800E-003   4.2355900E-008
2.2170700E-003   4.0489000E-008
2.3215500E-003   3.7850700E-008
2.4309700E-003   3.6466400E-008
2.5455300E-003   3.4262000E-008
2.6655000E-003   3.1980300E-008
2.7911200E-003   2.9935600E-008
2.9226600E-003   2.8070600E-008
3.0604000E-003   2.6444180E-008
3.2046400E-003   2.4858400E-008
3.3556700E-003   2.3124784E-008
3.5138100E-003   2.1843200E-008
3.6794100E-003   1.9992900E-008
3.8528200E-003   1.8746400E-008
4.0344000E-003   1.7519600E-008
4.2245300E-003   1.6083600E-008
4.4236300E-003   1.5032200E-008
4.6321100E-003   1.3761800E-008
4.8504100E-003   1.2641100E-008
5.0790100E-003   1.1610500E-008
5.3183700E-003   1.0702500E-008
5.5690200E-003   9.8049600E-009
5.8314800E-003   8.8430472E-009
6.1063100E-003   8.0426000E-009
6.3940900E-003   7.3049200E-009
6.6954300E-003   6.7858600E-009
7.0109800E-003   6.1306100E-009
7.3414000E-003   5.5870700E-009
7.6873900E-003   5.0659200E-009
8.0496800E-003   4.5729260E-009
8.4290500E-003   4.1171910E-009
8.8263000E-003   3.6903101E-009
9.2422700E-003   3.3076890E-009
9.6778500E-003   2.9242830E-009
1.0133900E-002   2.5572140E-009
1.0611500E-002   2.2209290E-009
1.1111700E-002   1.9582400E-009
1.1635300E-002   1.7653300E-009
1.2183700E-002   1.5421220E-009
1.2757900E-002   1.3828551E-009
1.3359100E-002   1.2545039E-009
1.3988700E-002   1.1244340E-009
1.4648000E-002   1.0078490E-009
1.5338400E-002   9.0335300E-010
1.6061200E-002   7.9967299E-010
1.6818200E-002   7.1447998E-010
1.7610800E-002   6.3236899E-010
1.8440800E-002   5.5632798E-010
1.9309800E-002   4.9090998E-010
2.0219900E-002   4.3318399E-010
2.1172800E-002   3.8224601E-010
2.2170700E-002   3.3729800E-010
2.3215500E-002   2.9763500E-010
 33
 1   2   3   4
 xy
 100
1.0133900E-003   8.0945500E-008
1.0611500E-003   7.8857500E-008
1.1111700E-003   7.6488900E-008
1.1635300E-003   7.3677600E-008
1.2183700E-003   7.0947100E-008
1.2757900E-003   6.8562400E-008
1.3359100E-003   6.6494400E-008
1.3988700E-003   6.3719600E-008
1.4648000E-003   6.1105400E-008
1.5338400E-003   5.8895900E-008
1.6061200E-003   5.6471200E-008
1.6818200E-003   5.4211100E-008
1.7610800E-003   5.1688900E-008
1.8440800E-003   4.9226400E-008
1.9309800E-003   4.6943100E-008
2.0219900E-003   4.4504400E-008
2.1172800E-003   4.2500600E-008
2.2170700E-003   4.0191600E-008
2.3215500E-003   3.7847000E-008
2.4309700E-003   3.5729400E-008
2.5455300E-003   3.3863300E-008
2.6655000E-003   3.1808500E-008
2.7911200E-003   3.0073000E-008
2.9226600E-003   2.8110000E-008
3.0604000E-003   2.6321400E-008
3.2046400E-003   2.4580500E-008
3.3556700E-003   2.3045900E-008
3.5138100E-003   2.1229000E-008
3.6794100E-003   1.9711100E-008
3.8528200E-003   1.8365200E-008
4.0344000E-003   1.7027000E-008
4.2245300E-003   1.5813541E-008
4.4236300E-003   1.4482500E-008
4.6321100E-003   1.3372530E-008
4.8504100E-003   1.2235200E-008
5.0790100E-003   1.1289800E-008
5.3183700E-003   1.0341014E-008
5.5690200E-003   9.6702317E-009
5.8314800E-003   8.7295900E-009
6.1063100E-003   7.9349800E-009
6.3940900E-003   7.2868300E-009
6.6954300E-003   6.6128449E-009
7.0109800E-003   5.8848000E-009
7.3414000E-003   5.3818600E-009
7.6873900E-003   4.7999400E-009
8.0496800E-003   4.3019299E-009
8.4290500E-003   3.8446900E-009
8.8263000E-003   3.5092300E-009
9.2422700E-003   3.2322500E-009
9.6778500E-003   2.8596350E-009
1.0133900E-002   2.5491900E-009
1.0611500E-002   2.2172300E-009
1.1111700E-002   1.9774999E-009
1.1635300E-002   1.7225000E-009
1.2183700E-002   1.5174100E-009
1.2757900E-002   1.3940100E-009
1.3359100E-002   1.2277470E-009
1.3988700E-002   1.0954790E-009
1.4648000E-002   9.6473600E-010
1.5338400E-002   8.5249702E-010
1.6061200E-002   7.4351098E-010
1.6818200E-002   6.5393402E-010
1.7610800E-002   5.7184901E-010
1.8440800E-002   4.9450999E-010
1.9309800E-002   4.3243600E-010
2.0219900E-002   3.7395201E-010
2.1172800E-002   3.3068701E-010
2.2170700E-002   2.8539399E-010
2.3215500E-002   2.4890801E-010
 34
 1   2   3   4
 xy
 100
1.0133900E-003   8.2645800E-008
1.0611500E-003   8.0025600E-008
1.1111700E-003   7.7759400E-008
1.1635300E-003   7.5470000E-008
1.2183700E-003   7.2999800E-008
1.2757900E-003   7.0316100E-008
1.3359100E-003   6.7792900E-008
1.3988700E-003   6.5317600E-008
1.4648000E-003   6.2858500E-008
1.5338400E-003   6.0407600E-008
1.6061200E-003   5.7970900E-008
1.6818200E-003   5.5700900E-008
1.7610800E-003   5.2983100E-008
1.8440800E-003   5.0553200E-008
1.9309800E-003   4.8089000E-008
2.0219900E-003   4.5285400E-008
2.1172800E-003   4.3299300E-008
2.2170700E-003   4.1817611E-008
2.3215500E-003   3.8897700E-008
2.4309700E-003   3.6619400E-008
2.5455300E-003   3.4810000E-008
2.6655000E-003   3.2792900E-008
2.7911200E-003   3.1056300E-008
2.9226600E-003   2.8672300E-008
3.0604000E-003   2.7042002E-008
3.2046400E-003   2.5572135E-008
3.3556700E-003   2.3483100E-008
3.5138100E-003   2.2020600E-008
3.6794100E-003   2.0413600E-008
3.8528200E-003   1.8785300E-008
4.0344000E-003   1.7317200E-008
4.2245300E-003   1.6081000E-008
4.4236300E-003   1.4793100E-008
4.6321100E-003   1.3674842E-008
4.8504100E-003   1.2578100E-008
5.0790100E-003   1.1655100E-008
5.3183700E-003   1.0693656E-008
5.5690200E-003   9.7557800E-009
5.8314800E-003   8.7447543E-009
6.1063100E-003   7.9466300E-009
6.3940900E-003   7.1773500E-009
6.6954300E-003   6.6809200E-009
7.0109800E-003   6.1312000E-009
7.3414000E-003   5.5591700E-009
7.6873900E-003   5.0006812E-009
8.0496800E-003   4.5220960E-009
8.4290500E-003   3.9989110E-009
8.8263000E-003   3.5689100E-009
9.2422700E-003   3.2454000E-009
9.6778500E-003   3.0033911E-009
1.0133900E-002   2.7150400E-009
1.0611500E-002   2.3989800E-009
1.1111700E-002   2.1708690E-009
1.1635300E-002   1.9485860E-009
1.2183700E-002   1.7459600E-009
1.2757900E-002   1.5763900E-009
1.3359100E-002   1.4077149E-009
1.3988700E-002   1.2363500E-009
1.4648000E-002   1.0954790E-009
1.5338400E-002   9.8888497E-010
1.6061200E-002   8.7887098E-010
1.6818200E-002   7.8077000E-010
1.7610800E-002   6.8619699E-010
1.8440800E-002   6.1527899E-010
1.9309800E-002   5.4095800E-010
2.0219900E-002   4.7008097E-010
2.1172800E-002   4.0848999E-010
2.2170700E-002   3.5496900E-010
2.3215500E-002   3.0846001E-010
 35
 1   2   3   4
 xy
 100
1.0133900E-003   8.0412000E-008
1.0611500E-003   7.8279900E-008
1.1111700E-003   7.6314900E-008
1.1635300E-003   7.4229700E-008
1.2183700E-003   7.1774400E-008
1.2757900E-003   6.9490400E-008
1.3359100E-003   6.7220500E-008
1.3988700E-003   6.4772400E-008
1.4648000E-003   6.2209200E-008
1.5338400E-003   5.9980800E-008
1.6061200E-003   5.7374000E-008
1.6818200E-003   5.5066700E-008
1.7610800E-003   5.2534100E-008
1.8440800E-003   5.0404100E-008
1.9309800E-003   4.7879100E-008
2.0219900E-003   4.5752700E-008
2.1172800E-003   4.3480400E-008
2.2170700E-003   4.1524600E-008
2.3215500E-003   3.9336500E-008
2.4309700E-003   3.7260600E-008
2.5455300E-003   3.5263000E-008
2.6655000E-003   3.2941100E-008
2.7911200E-003   3.1114500E-008
2.9226600E-003   2.8919700E-008
3.0604000E-003   2.7363800E-008
3.2046400E-003   2.5708900E-008
3.3556700E-003   2.4076400E-008
3.5138100E-003   2.2359200E-008
3.6794100E-003   2.0937762E-008
3.8528200E-003   1.9425496E-008
4.0344000E-003   1.8216507E-008
4.2245300E-003   1.6588200E-008
4.4236300E-003   1.5347100E-008
4.6321100E-003   1.4122100E-008
4.8504100E-003   1.3070105E-008
5.0790100E-003   1.1900600E-008
5.3183700E-003   1.0908400E-008
5.5690200E-003   9.8934736E-009
5.8314800E-003   8.9624100E-009
6.1063100E-003   8.1358500E-009
6.3940900E-003   7.4473700E-009
6.6954300E-003   6.9182800E-009
7.0109800E-003   6.2326800E-009
7.3414000E-003   5.6687641E-009
7.6873900E-003   5.1828500E-009
8.0496800E-003   4.7760600E-009
8.4290500E-003   4.3371990E-009
8.8263000E-003   3.9386632E-009
9.2422700E-003   3.5039220E-009
9.6778500E-003   3.1390400E-009
1.0133900E-002   2.7267391E-009
1.0611500E-002   2.3876100E-009
1.1111700E-002   2.1219380E-009
1.1635300E-002   1.9212421E-009
1.2183700E-002   1.7082760E-009
1.2757900E-002   1.5347810E-009
1.3359100E-002   1.3449710E-009
1.3988700E-002   1.1869120E-009
1.4648000E-002   1.0497500E-009
1.5338400E-002   9.1284302E-010
1.6061200E-002   7.9859303E-010
1.6818200E-002   6.8740003E-010
1.7610800E-002   5.9193900E-010
1.8440800E-002   5.1026800E-010
1.9309800E-002   4.4011300E-010
2.0219900E-002   3.7519499E-010
2.1172800E-002   3.1264399E-010
2.2170700E-002   2.5872500E-010
2.3215500E-002   2.0741101E-010
 36
 1   2   3   4
 xy
 100
1.0133900E-003   7.9194200E-008
1.0611500E-003   7.6992700E-008
1.1111700E-003   7.4921900E-008
1.1635300E-003   7.2670100E-008
1.2183700E-003   7.0214200E-008
1.2757900E-003   6.8131400E-008
1.3359100E-003   6.6031300E-008
1.3988700E-003   6.3503100E-008
1.4648000E-003   6.1369200E-008
1.5338400E-003   5.9155600E-008
1.6061200E-003   5.7047900E-008
1.6818200E-003   5.4450100E-008
1.7610800E-003   5.2052200E-008
1.8440800E-003   4.9972200E-008
1.9309800E-003   4.7506100E-008
2.0219900E-003   4.5459500E-008
2.1172800E-003   4.3258600E-008
2.2170700E-003   4.0953700E-008
2.3215500E-003   3.8718800E-008
2.4309700E-003   3.6646900E-008
2.5455300E-003   3.4848400E-008
2.6655000E-003   3.3119400E-008
2.7911200E-003   3.0855100E-008
2.9226600E-003   2.8769300E-008
3.0604000E-003   2.6773700E-008
3.2046400E-003   2.5128000E-008
3.3556700E-003   2.3696400E-008
3.5138100E-003   2.2072900E-008
3.6794100E-003   2.0520500E-008
3.8528200E-003   1.9341100E-008
4.0344000E-003   1.8022455E-008
4.2245300E-003   1.6496600E-008
4.4236300E-003   1.5221500E-008
4.6321100E-003   1.4071900E-008
4.8504100E-003   1.2976400E-008
5.0790100E-003   1.1940900E-008
5.3183700E-003   1.0894550E-008
5.5690200E-003   9.9137900E-009
5.8314800E-003   9.0811234E-009
6.1063100E-003   8.3354728E-009
6.3940900E-003   7.5695450E-009
6.6954300E-003   6.8922600E-009
7.0109800E-003   6.2022300E-009
7.3414000E-003   5.6687641E-009
7.6873900E-003   5.0930362E-009
8.0496800E-003   4.5845900E-009
8.4290500E-003   4.1268100E-009
8.8263000E-003   3.7333008E-009
9.2422700E-003   3.3477461E-009
9.6778500E-003   2.9870850E-009
1.0133900E-002   2.6785949E-009
1.0611500E-002   2.3806200E-009
1.1111700E-002   2.1391069E-009
1.1635300E-002   1.9369959E-009
1.2183700E-002   1.7283180E-009
1.2757900E-002   1.5776830E-009
1.3359100E-002   1.4087610E-009
1.3988700E-002   1.2256660E-009
1.4648000E-002   1.0894550E-009
1.5338400E-002   9.7880803E-010
1.6061200E-002   8.6076302E-010
1.6818200E-002   7.6065598E-010
1.7610800E-002   6.7408601E-010
1.8440800E-002   5.9210298E-010
1.9309800E-002   5.2225702E-010
2.0219900E-002   4.6329701E-010
2.1172800E-002   4.0527301E-010
2.2170700E-002   3.5058600E-010
2.3215500E-002   3.0273700E-010
 37
 1   2   3   4
 xy
 100
1.0133900E-003   8.0053200E-008
1.0611500E-003   7.7702800E-008
1.1111700E-003   7.5496200E-008
1.1635300E-003   7.3295900E-008
1.2183700E-003   7.1126900E-008
1.2757900E-003   6.9057000E-008
1.3359100E-003   6.6418500E-008
1.3988700E-003   6.4187100E-008
1.4648000E-003   6.1880100E-008
1.5338400E-003   5.9578600E-008
1.6061200E-003   5.7562500E-008
1.6818200E-003   5.4976600E-008
1.7610800E-003   5.2634300E-008
1.8440800E-003   4.9949200E-008
1.9309800E-003   4.7703900E-008
2.0219900E-003   4.5503600E-008
2.1172800E-003   4.3342900E-008
2.2170700E-003   4.1390300E-008
2.3215500E-003   3.9059800E-008
2.4309700E-003   3.6801200E-008
2.5455300E-003   3.4845400E-008
2.6655000E-003   3.2686300E-008
2.7911200E-003   3.0822600E-008
2.9226600E-003   2.9072600E-008
3.0604000E-003   2.7268400E-008
3.2046400E-003   2.5367000E-008
3.3556700E-003   2.3912400E-008
3.5138100E-003   2.2120000E-008
3.6794100E-003   2.0654700E-008
3.8528200E-003   1.9088500E-008
4.0344000E-003   1.7664400E-008
4.2245300E-003   1.6410400E-008
4.4236300E-003   1.5062300E-008
4.6321100E-003   1.4219200E-008
4.8504100E-003   1.2883100E-008
5.0790100E-003   1.1790800E-008
5.3183700E-003   1.0745200E-008
5.5690200E-003   9.9299200E-009
5.8314800E-003   8.9541000E-009
6.1063100E-003   8.0953400E-009
6.3940900E-003   7.3087500E-009
6.6954300E-003   6.7262700E-009
7.0109800E-003   6.0558931E-009
7.3414000E-003   5.4517900E-009
7.6873900E-003   4.9940998E-009
8.0496800E-003   4.4529300E-009
8.4290500E-003   4.0175419E-009
8.8263000E-003   3.6124100E-009
9.2422700E-003   3.2241400E-009
9.6778500E-003   2.9758400E-009
1.0133900E-002   2.6864111E-009
1.0611500E-002   2.3608671E-009
1.1111700E-002   2.1247800E-009
1.1635300E-002   1.9054100E-009
1.2183700E-002   1.7093030E-009
1.2757900E-002   1.5103000E-009
1.3359100E-002   1.3449710E-009
1.3988700E-002   1.2216770E-009
1.4648000E-002   1.0598530E-009
1.5338400E-002   9.4637700E-010
1.6061200E-002   8.4413300E-010
1.6818200E-002   7.4777801E-010
1.7610800E-002   6.6742100E-010
1.8440800E-002   5.9618600E-010
1.9309800E-002   5.2194600E-010
2.0219900E-002   4.5610900E-010
2.1172800E-002   3.9708001E-010
2.2170700E-002   3.5349801E-010
2.3215500E-002   3.0667299E-010
 38
 1   2   3   4
 xy
 100
1.0133900E-003   7.7287100E-008
1.0611500E-003   7.5171400E-008
1.1111700E-003   7.3193800E-008
1.1635300E-003   7.1382000E-008
1.2183700E-003   6.8935600E-008
1.2757900E-003   6.6834000E-008
1.3359100E-003   6.4840300E-008
1.3988700E-003   6.2441600E-008
1.4648000E-003   6.0368400E-008
1.5338400E-003   5.7927400E-008
1.6061200E-003   5.5820000E-008
1.6818200E-003   5.3881300E-008
1.7610800E-003   5.1592300E-008
1.8440800E-003   4.9349900E-008
1.9309800E-003   4.7076400E-008
2.0219900E-003   4.4658900E-008
2.1172800E-003   4.2525700E-008
2.2170700E-003   4.0665100E-008
2.3215500E-003   3.8463900E-008
2.4309700E-003   3.6356200E-008
2.5455300E-003   3.4516200E-008
2.6655000E-003   3.2722500E-008
2.7911200E-003   3.0603300E-008
2.9226600E-003   2.8761400E-008
3.0604000E-003   2.7174900E-008
3.2046400E-003   2.5592609E-008
3.3556700E-003   2.4224130E-008
3.5138100E-003   2.2195800E-008
3.6794100E-003   2.0778600E-008
3.8528200E-003   1.9323700E-008
4.0344000E-003   1.7847200E-008
4.2245300E-003   1.6329600E-008
4.4236300E-003   1.5013600E-008
4.6321100E-003   1.3762300E-008
4.8504100E-003   1.2665586E-008
5.0790100E-003   1.1722600E-008
5.3183700E-003   1.0516200E-008
5.5690200E-003   9.7806100E-009
5.8314800E-003   8.9363800E-009
6.1063100E-003   8.3328224E-009
6.3940900E-003   7.4102400E-009
6.6954300E-003   6.6341030E-009
7.0109800E-003   6.0513200E-009
7.3414000E-003   5.4335478E-009
7.6873900E-003   4.9476000E-009
8.0496800E-003   4.5075228E-009
8.4290500E-003   4.1101851E-009
8.8263000E-003   3.6673840E-009
9.2422700E-003   3.2772769E-009
9.6778500E-003   2.9218900E-009
1.0133900E-002   2.5811600E-009
1.0611500E-002   2.3245379E-009
1.1111700E-002   2.0175600E-009
1.1635300E-002   1.7207000E-009
1.2183700E-002   1.5183930E-009
1.2757900E-002   1.3146551E-009
1.3359100E-002   1.1465840E-009
1.3988700E-002   9.9999997E-010
1.4648000E-002   8.7215601E-010
1.5338400E-002   7.6814199E-010
1.6061200E-002   6.6023500E-010
1.6818200E-002   5.7721400E-010
1.7610800E-002   5.0084700E-010
1.8440800E-002   4.4011300E-010
1.9309800E-002   3.8384701E-010
2.0219900E-002   3.2722899E-010
2.1172800E-002   2.8539399E-010
2.2170700E-002   2.4706100E-010
2.3215500E-002   2.0741101E-010
 39
 1   2   3   4
 xy
 100
1.0133900E-003   7.6461400E-008
1.0611500E-003   7.4519100E-008
1.1111700E-003   7.3154400E-008
1.1635300E-003   7.1141600E-008
1.2183700E-003   6.8548400E-008
1.2757900E-003   6.6128400E-008
1.3359100E-003   6.4151900E-008
1.3988700E-003   6.2153700E-008
1.4648000E-003   5.9591000E-008
1.5338400E-003   5.7615700E-008
1.6061200E-003   5.5384700E-008
1.6818200E-003   5.3234000E-008
1.7610800E-003   5.1274300E-008
1.8440800E-003   4.8821700E-008
1.9309800E-003   4.6506300E-008
2.0219900E-003   4.4426900E-008
2.1172800E-003   4.2184500E-008
2.2170700E-003   4.0486500E-008
2.3215500E-003   3.8065500E-008
2.4309700E-003   3.6546600E-008
2.5455300E-003   3.4200700E-008
2.6655000E-003   3.2319800E-008
2.7911200E-003   3.0396300E-008
2.9226600E-003   2.8617600E-008
3.0604000E-003   2.7221300E-008
3.2046400E-003   2.5174000E-008
3.3556700E-003   2.3375900E-008
3.5138100E-003   2.1746700E-008
3.6794100E-003   2.0373000E-008
3.8528200E-003   1.8911500E-008
4.0344000E-003   1.7344400E-008
4.2245300E-003   1.6143400E-008
4.4236300E-003   1.5081000E-008
4.6321100E-003   1.3697600E-008
4.8504100E-003   1.2881700E-008
5.0790100E-003   1.1857297E-008
5.3183700E-003   1.0885200E-008
5.5690200E-003   9.8364890E-009
5.8314800E-003   8.9316300E-009
6.1063100E-003   8.1210300E-009
6.3940900E-003   7.4355200E-009
6.6954300E-003   6.8689500E-009
7.0109800E-003   6.2047200E-009
7.3414000E-003   5.6555551E-009
7.6873900E-003   5.0462678E-009
8.0496800E-003   4.5584800E-009
8.4290500E-003   4.1192700E-009
8.8263000E-003   3.6914800E-009
9.2422700E-003   3.3477461E-009
9.6778500E-003   3.0559659E-009
1.0133900E-002   2.7267391E-009
1.0611500E-002   2.4357620E-009
1.1111700E-002   2.1708690E-009
1.1635300E-002   1.8832700E-009
1.2183700E-002   1.6579460E-009
1.2757900E-002   1.4709000E-009
1.3359100E-002   1.3162300E-009
1.3988700E-002   1.1730240E-009
1.4648000E-002   1.0335220E-009
1.5338400E-002   8.9226698E-010
1.6061200E-002   7.8521400E-010
1.6818200E-002   6.8066802E-010
1.7610800E-002   5.9193900E-010
1.8440800E-002   5.1825700E-010
1.9309800E-002   4.5026199E-010
2.0219900E-002   3.9723300E-010
2.1172800E-002   3.4852200E-010
2.2170700E-002   3.0513100E-010
2.3215500E-002   2.6161401E-010
