 41
 Wed Sep 04 11:11:26 2019
 1
 1   2   3   4
 xy
 100
1.0133900E-003   4.8457700E-008
1.0611500E-003   4.7963400E-008
1.1111700E-003   4.8369200E-008
1.1635300E-003   4.7403507E-008
1.2183700E-003   4.5798146E-008
1.2757900E-003   4.5275197E-008
1.3359100E-003   4.2959600E-008
1.3988700E-003   4.1777998E-008
1.4648000E-003   4.0038800E-008
1.5338400E-003   3.8311300E-008
1.6061200E-003   3.7064600E-008
1.6818200E-003   3.5386800E-008
1.7610800E-003   3.4251200E-008
1.8440800E-003   3.3168900E-008
1.9309800E-003   3.2080003E-008
2.0219900E-003   3.0351900E-008
2.1172800E-003   2.8813800E-008
2.2170700E-003   2.7394000E-008
2.3215500E-003   2.6569500E-008
2.4309700E-003   2.5417229E-008
2.5455300E-003   2.4073882E-008
2.6655000E-003   2.2730474E-008
2.7911200E-003   2.1487300E-008
2.9226600E-003   2.0372200E-008
3.0604000E-003   1.9144821E-008
3.2046400E-003   1.7907400E-008
3.3556700E-003   1.7012542E-008
3.5138100E-003   1.6105808E-008
3.6794100E-003   1.4955000E-008
3.8528200E-003   1.3985300E-008
4.0344000E-003   1.3249348E-008
4.2245300E-003   1.2367141E-008
4.4236300E-003   1.1495600E-008
4.6321100E-003   1.0732891E-008
4.8504100E-003   9.8826130E-009
5.0790100E-003   9.1732200E-009
5.3183700E-003   8.5491700E-009
5.5690200E-003   7.8288500E-009
5.8314800E-003   7.3761619E-009
6.1063100E-003   6.8619300E-009
6.3940900E-003   6.4603549E-009
6.6954300E-003   6.0334100E-009
7.0109800E-003   5.5992482E-009
7.3414000E-003   5.1014339E-009
7.6873900E-003   4.5544800E-009
8.0496800E-003   4.2503912E-009
8.4290500E-003   3.8330210E-009
8.8263000E-003   3.4566341E-009
9.2422700E-003   3.1556800E-009
9.6778500E-003   2.9330300E-009
1.0133900E-002   2.6848970E-009
1.0611500E-002   2.4113069E-009
1.1111700E-002   2.1800250E-009
1.1635300E-002   1.9372219E-009
1.2183700E-002   1.7155920E-009
1.2757900E-002   1.5528380E-009
1.3359100E-002   1.3693640E-009
1.3988700E-002   1.2386900E-009
1.4648000E-002   1.0988940E-009
1.5338400E-002   9.9999997E-010
1.6061200E-002   8.9581498E-010
1.6818200E-002   7.8997098E-010
1.7610800E-002   6.9663197E-010
1.8440800E-002   6.0474198E-010
1.9309800E-002   5.3328902E-010
2.0219900E-002   4.7027798E-010
2.1172800E-002   4.1300999E-010
2.2170700E-002   3.6000999E-010
2.3215500E-002   3.1747299E-010
 2
 1   2   3   4
 xy
 100
1.0133900E-003   5.2486481E-008
1.0611500E-003   5.1916150E-008
1.1111700E-003   5.0785022E-008
1.1635300E-003   4.8621992E-008
1.2183700E-003   4.7403507E-008
1.2757900E-003   4.5536851E-008
1.3359100E-003   4.4247148E-008
1.3988700E-003   4.2733575E-008
1.4648000E-003   4.0762085E-008
1.5338400E-003   3.8907900E-008
1.6061200E-003   3.7204800E-008
1.6818200E-003   3.5918300E-008
1.7610800E-003   3.4315600E-008
1.8440800E-003   3.3367000E-008
1.9309800E-003   3.1453300E-008
2.0219900E-003   3.0351700E-008
2.1172800E-003   2.8647400E-008
2.2170700E-003   2.7599900E-008
2.3215500E-003   2.6491200E-008
2.4309700E-003   2.5362700E-008
2.5455300E-003   2.3652200E-008
2.6655000E-003   2.2558000E-008
2.7911200E-003   2.1491500E-008
2.9226600E-003   2.0264373E-008
3.0604000E-003   1.8996200E-008
3.2046400E-003   1.7939000E-008
3.3556700E-003   1.7005300E-008
3.5138100E-003   1.5969100E-008
3.6794100E-003   1.4999300E-008
3.8528200E-003   1.4181000E-008
4.0344000E-003   1.3227200E-008
4.2245300E-003   1.2405100E-008
4.4236300E-003   1.1438700E-008
4.6321100E-003   1.0739600E-008
4.8504100E-003   9.9652200E-009
5.0790100E-003   9.2807069E-009
5.3183700E-003   8.7459700E-009
5.5690200E-003   8.0205300E-009
5.8314800E-003   7.4788600E-009
6.1063100E-003   6.9645449E-009
6.3940900E-003   6.5008119E-009
6.6954300E-003   5.9301728E-009
7.0109800E-003   5.4759761E-009
7.3414000E-003   5.1014339E-009
7.6873900E-003   4.7525099E-009
8.0496800E-003   4.3948281E-009
8.4290500E-003   4.0712438E-009
8.8263000E-003   3.6899670E-009
9.2422700E-003   3.3443981E-009
9.6778500E-003   3.0342491E-009
1.0133900E-002   2.7790110E-009
1.0611500E-002   2.5118860E-009
1.1111700E-002   2.2568329E-009
1.1635300E-002   2.0454780E-009
1.2183700E-002   1.8539160E-009
1.2757900E-002   1.6596800E-009
1.3359100E-002   1.4857000E-009
1.3988700E-002   1.3212850E-009
1.4648000E-002   1.1797630E-009
1.5338400E-002   1.0483659E-009
1.6061200E-002   9.3144603E-010
1.6818200E-002   8.2784402E-010
1.7610800E-002   7.3243400E-010
1.8440800E-002   6.4949202E-010
1.9309800E-002   5.6349397E-010
2.0219900E-002   4.8888299E-010
2.1172800E-002   4.2733600E-010
2.2170700E-002   3.7203299E-010
2.3215500E-002   3.2277300E-010
 3
 1   2   3   4
 xy
 100
1.0133900E-003   5.0639300E-008
1.0611500E-003   4.9535300E-008
1.1111700E-003   4.8442200E-008
1.1635300E-003   4.7428900E-008
1.2183700E-003   4.5858200E-008
1.2757900E-003   4.4793300E-008
1.3359100E-003   4.4079500E-008
1.3988700E-003   4.3115975E-008
1.4648000E-003   4.1272273E-008
1.5338400E-003   3.9833600E-008
1.6061200E-003   3.7742800E-008
1.6818200E-003   3.6248200E-008
1.7610800E-003   3.5024000E-008
1.8440800E-003   3.3392800E-008
1.9309800E-003   3.2211800E-008
2.0219900E-003   3.0454300E-008
2.1172800E-003   2.9082600E-008
2.2170700E-003   2.7850939E-008
2.3215500E-003   2.6432500E-008
2.4309700E-003   2.5278500E-008
2.5455300E-003   2.4263200E-008
2.6655000E-003   2.3219800E-008
2.7911200E-003   2.1771300E-008
2.9226600E-003   2.0736048E-008
3.0604000E-003   1.9387700E-008
3.2046400E-003   1.8188064E-008
3.3556700E-003   1.7169900E-008
3.5138100E-003   1.5993300E-008
3.6794100E-003   1.4966800E-008
3.8528200E-003   1.3942300E-008
4.0344000E-003   1.3169200E-008
4.2245300E-003   1.2366000E-008
4.4236300E-003   1.1435400E-008
4.6321100E-003   1.0883621E-008
4.8504100E-003   1.0082279E-008
5.0790100E-003   9.3399377E-009
5.3183700E-003   8.6442200E-009
5.5690200E-003   7.9903186E-009
5.8314800E-003   7.4764100E-009
6.1063100E-003   6.8036230E-009
6.3940900E-003   6.2341972E-009
6.6954300E-003   5.8386278E-009
7.0109800E-003   5.3499671E-009
7.3414000E-003   4.8660831E-009
7.6873900E-003   4.4585700E-009
8.0496800E-003   4.1246260E-009
8.4290500E-003   3.7621400E-009
8.8263000E-003   3.4182821E-009
9.2422700E-003   3.0342491E-009
9.6778500E-003   2.6963061E-009
1.0133900E-002   2.4532600E-009
1.0611500E-002   2.1800250E-009
1.1111700E-002   1.9238500E-009
1.1635300E-002   1.7214620E-009
1.2183700E-002   1.5297320E-009
1.2757900E-002   1.3593560E-009
1.3359100E-002   1.2079560E-009
1.3988700E-002   1.0483659E-009
1.4648000E-002   9.2132502E-010
1.5338400E-002   8.1699297E-010
1.6061200E-002   7.4048101E-010
1.6818200E-002   6.5370898E-010
1.7610800E-002   5.8090199E-010
1.8440800E-002   5.1620302E-010
1.9309800E-002   4.5870999E-010
2.0219900E-002   4.0824599E-010
2.1172800E-002   3.6222200E-010
2.2170700E-002   3.2187900E-010
2.3215500E-002   2.7996200E-010
 4
 1   2   3   4
 xy
 100
1.0133900E-003   5.0725400E-008
1.0611500E-003   4.9056000E-008
1.1111700E-003   4.7426000E-008
1.1635300E-003   4.6639100E-008
1.2183700E-003   4.6121500E-008
1.2757900E-003   4.4974200E-008
1.3359100E-003   4.3273300E-008
1.3988700E-003   4.2011300E-008
1.4648000E-003   4.0897400E-008
1.5338400E-003   3.8744900E-008
1.6061200E-003   3.7657800E-008
1.6818200E-003   3.6478600E-008
1.7610800E-003   3.5043400E-008
1.8440800E-003   3.4005500E-008
1.9309800E-003   3.2011100E-008
2.0219900E-003   3.1066293E-008
2.1172800E-003   2.9414714E-008
2.2170700E-003   2.7730500E-008
2.3215500E-003   2.6370300E-008
2.4309700E-003   2.5241200E-008
2.5455300E-003   2.4255000E-008
2.6655000E-003   2.2919600E-008
2.7911200E-003   2.1769800E-008
2.9226600E-003   2.0680500E-008
3.0604000E-003   1.9308900E-008
3.2046400E-003   1.8561800E-008
3.3556700E-003   1.7507000E-008
3.5138100E-003   1.6665824E-008
3.6794100E-003   1.5509500E-008
3.8528200E-003   1.4420500E-008
4.0344000E-003   1.3442800E-008
4.2245300E-003   1.2760800E-008
4.4236300E-003   1.1789700E-008
4.6321100E-003   1.1064900E-008
4.8504100E-003   1.0312300E-008
5.0790100E-003   9.4525600E-009
5.3183700E-003   8.9868800E-009
5.5690200E-003   8.3109100E-009
5.8314800E-003   7.8419609E-009
6.1063100E-003   7.1856330E-009
6.3940900E-003   6.5344100E-009
6.6954300E-003   6.0184848E-009
7.0109800E-003   5.5610400E-009
7.3414000E-003   5.1014339E-009
7.6873900E-003   4.6589999E-009
8.0496800E-003   4.2231938E-009
8.4290500E-003   3.8491592E-009
8.8263000E-003   3.4749050E-009
9.2422700E-003   3.1713250E-009
9.6778500E-003   2.8613809E-009
1.0133900E-002   2.5523950E-009
1.0611500E-002   2.3029409E-009
1.1111700E-002   2.0309181E-009
1.1635300E-002   1.8478500E-009
1.2183700E-002   1.6420429E-009
1.2757900E-002   1.4591590E-009
1.3359100E-002   1.3306670E-009
1.3988700E-002   1.1797630E-009
1.4648000E-002   1.0680500E-009
1.5338400E-002   9.5532005E-010
1.6061200E-002   8.5216001E-010
1.6818200E-002   7.6887602E-010
1.7610800E-002   6.8584899E-010
1.8440800E-002   6.1178701E-010
1.9309800E-002   5.3339300E-010
2.0219900E-002   4.7579402E-010
2.1172800E-002   4.1482601E-010
2.2170700E-002   3.5756101E-010
2.3215500E-002   3.1532599E-010
 5
 1   2   3   4
 xy
 100
1.0133900E-003   5.1120400E-008
1.0611500E-003   5.0041300E-008
1.1111700E-003   4.9409500E-008
1.1635300E-003   4.8016600E-008
1.2183700E-003   4.6507500E-008
1.2757900E-003   4.5234200E-008
1.3359100E-003   4.4421000E-008
1.3988700E-003   4.2685600E-008
1.4648000E-003   4.1105400E-008
1.5338400E-003   3.9682800E-008
1.6061200E-003   3.8350900E-008
1.6818200E-003   3.6531700E-008
1.7610800E-003   3.5594900E-008
1.8440800E-003   3.4181400E-008
1.9309800E-003   3.2606900E-008
2.0219900E-003   3.1536100E-008
2.1172800E-003   2.9978736E-008
2.2170700E-003   2.8593800E-008
2.3215500E-003   2.7164839E-008
2.4309700E-003   2.5966700E-008
2.5455300E-003   2.4389800E-008
2.6655000E-003   2.3303423E-008
2.7911200E-003   2.1905800E-008
2.9226600E-003   2.0676800E-008
3.0604000E-003   1.9694600E-008
3.2046400E-003   1.8435800E-008
3.3556700E-003   1.7503300E-008
3.5138100E-003   1.6325000E-008
3.6794100E-003   1.5323700E-008
3.8528200E-003   1.4462000E-008
4.0344000E-003   1.3523200E-008
4.2245300E-003   1.2736300E-008
4.4236300E-003   1.1853400E-008
4.6321100E-003   1.1066117E-008
4.8504100E-003   1.0312700E-008
5.0790100E-003   9.5721100E-009
5.3183700E-003   9.0245800E-009
5.5690200E-003   8.3718600E-009
5.8314800E-003   7.8517400E-009
6.1063100E-003   7.2989099E-009
6.3940900E-003   6.6866419E-009
6.6954300E-003   6.2613879E-009
7.0109800E-003   5.7993179E-009
7.3414000E-003   5.2460700E-009
7.6873900E-003   4.8660831E-009
8.0496800E-003   4.5332560E-009
8.4290500E-003   4.1298418E-009
8.8263000E-003   3.7422021E-009
9.2422700E-003   3.3348551E-009
9.6778500E-003   2.9733509E-009
1.0133900E-002   2.6649170E-009
1.0611500E-002   2.3853439E-009
1.1111700E-002   2.1291440E-009
1.1635300E-002   1.8858630E-009
1.2183700E-002   1.6885400E-009
1.2757900E-002   1.5244580E-009
1.3359100E-002   1.3593560E-009
1.3988700E-002   1.2067930E-009
1.4648000E-002   1.0604990E-009
1.5338400E-002   9.3160302E-010
1.6061200E-002   8.0852303E-010
1.6818200E-002   7.0170397E-010
1.7610800E-002   6.2355099E-010
1.8440800E-002   5.5410199E-010
1.9309800E-002   4.8269599E-010
2.0219900E-002   4.2328699E-010
2.1172800E-002   3.7275899E-010
2.2170700E-002   3.1996500E-010
2.3215500E-002   2.8117700E-010
 6
 1   2   3   4
 xy
 100
1.0133900E-003   5.1803600E-008
1.0611500E-003   5.1147400E-008
1.1111700E-003   4.9908100E-008
1.1635300E-003   4.8537200E-008
1.2183700E-003   4.7805300E-008
1.2757900E-003   4.6791600E-008
1.3359100E-003   4.4906700E-008
1.3988700E-003   4.3426528E-008
1.4648000E-003   4.2285900E-008
1.5338400E-003   4.0864700E-008
1.6061200E-003   3.9055500E-008
1.6818200E-003   3.7776700E-008
1.7610800E-003   3.6294800E-008
1.8440800E-003   3.5376750E-008
1.9309800E-003   3.3535919E-008
2.0219900E-003   3.1828400E-008
2.1172800E-003   3.0417600E-008
2.2170700E-003   2.9312900E-008
2.3215500E-003   2.7926400E-008
2.4309700E-003   2.6322500E-008
2.5455300E-003   2.5177900E-008
2.6655000E-003   2.3865900E-008
2.7911200E-003   2.2585900E-008
2.9226600E-003   2.1346900E-008
3.0604000E-003   2.0494200E-008
3.2046400E-003   1.9083700E-008
3.3556700E-003   1.7975500E-008
3.5138100E-003   1.7004900E-008
3.6794100E-003   1.6093200E-008
3.8528200E-003   1.4886200E-008
4.0344000E-003   1.3931100E-008
4.2245300E-003   1.3061400E-008
4.4236300E-003   1.2201000E-008
4.6321100E-003   1.1293700E-008
4.8504100E-003   1.0636900E-008
5.0790100E-003   9.8729700E-009
5.3183700E-003   9.1029824E-009
5.5690200E-003   8.3433800E-009
5.8314800E-003   7.7667200E-009
6.1063100E-003   7.1540200E-009
6.3940900E-003   6.5628800E-009
6.6954300E-003   6.0818100E-009
7.0109800E-003   5.6898659E-009
7.3414000E-003   5.2246900E-009
7.6873900E-003   4.7784500E-009
8.0496800E-003   4.3939710E-009
8.4290500E-003   4.0283590E-009
8.8263000E-003   3.6652410E-009
9.2422700E-003   3.3144250E-009
9.6778500E-003   3.0380000E-009
1.0133900E-002   2.7568800E-009
1.0611500E-002   2.4709110E-009
1.1111700E-002   2.1819800E-009
1.1635300E-002   1.9755000E-009
1.2183700E-002   1.7572800E-009
1.2757900E-002   1.6163100E-009
1.3359100E-002   1.4591590E-009
1.3988700E-002   1.3276300E-009
1.4648000E-002   1.1926981E-009
1.5338400E-002   1.0483659E-009
1.6061200E-002   9.3160302E-010
1.6818200E-002   8.2784402E-010
1.7610800E-002   7.1968598E-010
1.8440800E-002   6.3991501E-010
1.9309800E-002   5.5410199E-010
2.0219900E-002   4.7705800E-010
2.1172800E-002   4.0949200E-010
2.2170700E-002   3.5564801E-010
2.3215500E-002   3.0171099E-010
 7
 1   2   3   4
 xy
 100
1.0133900E-003   5.0259900E-008
1.0611500E-003   4.9108300E-008
1.1111700E-003   4.7627400E-008
1.1635300E-003   4.6882000E-008
1.2183700E-003   4.5823400E-008
1.2757900E-003   4.4698700E-008
1.3359100E-003   4.3359400E-008
1.3988700E-003   4.2298000E-008
1.4648000E-003   4.1346800E-008
1.5338400E-003   3.9172500E-008
1.6061200E-003   3.8034800E-008
1.6818200E-003   3.7034400E-008
1.7610800E-003   3.5100600E-008
1.8440800E-003   3.3954000E-008
1.9309800E-003   3.2698700E-008
2.0219900E-003   3.1359900E-008
2.1172800E-003   3.0385800E-008
2.2170700E-003   2.9470517E-008
2.3215500E-003   2.7824200E-008
2.4309700E-003   2.6513643E-008
2.5455300E-003   2.5108400E-008
2.6655000E-003   2.3467800E-008
2.7911200E-003   2.2153600E-008
2.9226600E-003   2.1062400E-008
3.0604000E-003   1.9890700E-008
3.2046400E-003   1.8948100E-008
3.3556700E-003   1.8092100E-008
3.5138100E-003   1.6802500E-008
3.6794100E-003   1.5739500E-008
3.8528200E-003   1.5027700E-008
4.0344000E-003   1.3799800E-008
4.2245300E-003   1.2995800E-008
4.4236300E-003   1.2058900E-008
4.6321100E-003   1.1337700E-008
4.8504100E-003   1.0458100E-008
5.0790100E-003   9.7785500E-009
5.3183700E-003   8.9973000E-009
5.5690200E-003   8.3717400E-009
5.8314800E-003   7.7196100E-009
6.1063100E-003   7.0828600E-009
6.3940900E-003   6.5512862E-009
6.6954300E-003   6.0340959E-009
7.0109800E-003   5.4928271E-009
7.3414000E-003   5.0591971E-009
7.6873900E-003   4.6530400E-009
8.0496800E-003   4.2361600E-009
8.4290500E-003   3.8993000E-009
8.8263000E-003   3.5564800E-009
9.2422700E-003   3.1996470E-009
9.6778500E-003   2.8924800E-009
1.0133900E-002   2.5719140E-009
1.0611500E-002   2.3400799E-009
1.1111700E-002   2.0961799E-009
1.1635300E-002   1.8478500E-009
1.2183700E-002   1.6420429E-009
1.2757900E-002   1.4591590E-009
1.3359100E-002   1.2966430E-009
1.3988700E-002   1.1379480E-009
1.4648000E-002   9.9999997E-010
1.5338400E-002   8.8184499E-010
1.6061200E-002   7.7765100E-010
1.6818200E-002   6.8576800E-010
1.7610800E-002   5.9531102E-010
1.8440800E-002   5.2497201E-010
1.9309800E-002   4.5572501E-010
2.0219900E-002   3.9998199E-010
2.1172800E-002   3.4342801E-010
2.2170700E-002   2.9812799E-010
2.3215500E-002   2.5897900E-010
 8
 1   2   3   4
 xy
 100
1.0133900E-003   5.3026113E-008
1.0611500E-003   5.1794746E-008
1.1111700E-003   5.1053931E-008
1.1635300E-003   4.8991100E-008
1.2183700E-003   4.7811800E-008
1.2757900E-003   4.5857500E-008
1.3359100E-003   4.4136800E-008
1.3988700E-003   4.2558600E-008
1.4648000E-003   4.1433054E-008
1.5338400E-003   3.9998234E-008
1.6061200E-003   3.8976500E-008
1.6818200E-003   3.7474200E-008
1.7610800E-003   3.6389400E-008
1.8440800E-003   3.4382500E-008
1.9309800E-003   3.3144246E-008
2.0219900E-003   3.0951600E-008
2.1172800E-003   3.0158000E-008
2.2170700E-003   2.9038400E-008
2.3215500E-003   2.7559300E-008
2.4309700E-003   2.5680600E-008
2.5455300E-003   2.4674000E-008
2.6655000E-003   2.3678760E-008
2.7911200E-003   2.2586354E-008
2.9226600E-003   2.1460146E-008
3.0604000E-003   2.0238000E-008
3.2046400E-003   1.8697987E-008
3.3556700E-003   1.7740800E-008
3.5138100E-003   1.6593000E-008
3.6794100E-003   1.5479024E-008
3.8528200E-003   1.4438900E-008
4.0344000E-003   1.3755030E-008
4.2245300E-003   1.2949258E-008
4.4236300E-003   1.2210535E-008
4.6321100E-003   1.1387025E-008
4.8504100E-003   1.0608184E-008
5.0790100E-003   9.8826130E-009
5.3183700E-003   9.2066701E-009
5.5690200E-003   8.5769587E-009
5.8314800E-003   7.9620310E-009
6.1063100E-003   7.3679551E-009
6.3940900E-003   6.8040031E-009
6.6954300E-003   6.2141400E-009
7.0109800E-003   5.7201000E-009
7.3414000E-003   5.3481690E-009
7.6873900E-003   4.8149729E-009
8.0496800E-003   4.3426529E-009
8.4290500E-003   3.9475300E-009
8.8263000E-003   3.5411700E-009
9.2422700E-003   3.1996470E-009
9.6778500E-003   2.8942659E-009
1.0133900E-002   2.5677711E-009
1.0611500E-002   2.2891600E-009
1.1111700E-002   2.0450200E-009
1.1635300E-002   1.8047220E-009
1.2183700E-002   1.6189960E-009
1.2757900E-002   1.4591590E-009
1.3359100E-002   1.2966430E-009
1.3988700E-002   1.1601550E-009
1.4648000E-002   1.0114930E-009
1.5338400E-002   9.1263602E-010
1.6061200E-002   7.9923901E-010
1.6818200E-002   7.1452000E-010
1.7610800E-002   6.3878203E-010
1.8440800E-002   5.5219501E-010
1.9309800E-002   4.9366300E-010
2.0219900E-002   4.3155499E-010
2.1172800E-002   3.8151199E-010
2.2170700E-002   3.3007300E-010
2.3215500E-002   2.9108499E-010
 9
 1   2   3   4
 xy
 100
1.0133900E-003   5.1065200E-008
1.0611500E-003   4.9969200E-008
1.1111700E-003   4.9151900E-008
1.1635300E-003   4.8030400E-008
1.2183700E-003   4.6571200E-008
1.2757900E-003   4.5180600E-008
1.3359100E-003   4.4349600E-008
1.3988700E-003   4.3272000E-008
1.4648000E-003   4.1360200E-008
1.5338400E-003   4.0142500E-008
1.6061200E-003   3.8581106E-008
1.6818200E-003   3.7173900E-008
1.7610800E-003   3.6013500E-008
1.8440800E-003   3.4755300E-008
1.9309800E-003   3.2771600E-008
2.0219900E-003   3.1694700E-008
2.1172800E-003   3.0012600E-008
2.2170700E-003   2.8509383E-008
2.3215500E-003   2.7183500E-008
2.4309700E-003   2.6287200E-008
2.5455300E-003   2.4826500E-008
2.6655000E-003   2.3830269E-008
2.7911200E-003   2.2683700E-008
2.9226600E-003   2.1369500E-008
3.0604000E-003   2.0356300E-008
3.2046400E-003   1.8913700E-008
3.3556700E-003   1.8090300E-008
3.5138100E-003   1.6918600E-008
3.6794100E-003   1.5744800E-008
3.8528200E-003   1.4845200E-008
4.0344000E-003   1.4075200E-008
4.2245300E-003   1.3307228E-008
4.4236300E-003   1.2344700E-008
4.6321100E-003   1.1363600E-008
4.8504100E-003   1.0613600E-008
5.0790100E-003   9.8333333E-009
5.3183700E-003   9.2002900E-009
5.5690200E-003   8.4248700E-009
5.8314800E-003   7.8038278E-009
6.1063100E-003   7.1003878E-009
6.3940900E-003   6.5693800E-009
6.6954300E-003   6.1242500E-009
7.0109800E-003   5.5188700E-009
7.3414000E-003   5.1017800E-009
7.6873900E-003   4.7036100E-009
8.0496800E-003   4.3784300E-009
8.4290500E-003   4.0156900E-009
8.8263000E-003   3.6480600E-009
9.2422700E-003   3.3538790E-009
9.6778500E-003   3.0342491E-009
1.0133900E-002   2.7778200E-009
1.0611500E-002   2.4883100E-009
1.1111700E-002   2.2410000E-009
1.1635300E-002   2.0421500E-009
1.2183700E-002   1.8751569E-009
1.2757900E-002   1.7214620E-009
1.3359100E-002   1.5662890E-009
1.3988700E-002   1.4312570E-009
1.4648000E-002   1.2511910E-009
1.5338400E-002   1.1253360E-009
1.6061200E-002   9.9999997E-010
1.6818200E-002   8.8862401E-010
1.7610800E-002   7.8214300E-010
1.8440800E-002   6.9663197E-010
1.9309800E-002   6.0474198E-010
2.0219900E-002   5.3328902E-010
2.1172800E-002   4.7027798E-010
2.2170700E-002   4.0824599E-010
2.3215500E-002   3.6000999E-010
 10
 1   2   3   4
 xy
 100
1.0133900E-003   5.2986800E-008
1.0611500E-003   5.2284700E-008
1.1111700E-003   5.1260500E-008
1.1635300E-003   4.9507800E-008
1.2183700E-003   4.8054400E-008
1.2757900E-003   4.7067500E-008
1.3359100E-003   4.5528900E-008
1.3988700E-003   4.3998300E-008
1.4648000E-003   4.2891600E-008
1.5338400E-003   4.1538400E-008
1.6061200E-003   3.9793000E-008
1.6818200E-003   3.8505000E-008
1.7610800E-003   3.6890111E-008
1.8440800E-003   3.5366900E-008
1.9309800E-003   3.4396200E-008
2.0219900E-003   3.2910200E-008
2.1172800E-003   3.1384100E-008
2.2170700E-003   3.0282100E-008
2.3215500E-003   2.9155480E-008
2.4309700E-003   2.7484100E-008
2.5455300E-003   2.5924200E-008
2.6655000E-003   2.4475500E-008
2.7911200E-003   2.3165700E-008
2.9226600E-003   2.1876100E-008
3.0604000E-003   2.0832184E-008
3.2046400E-003   1.9691200E-008
3.3556700E-003   1.8706900E-008
3.5138100E-003   1.7684700E-008
3.6794100E-003   1.6302200E-008
3.8528200E-003   1.5241400E-008
4.0344000E-003   1.4247500E-008
4.2245300E-003   1.3623700E-008
4.4236300E-003   1.2783200E-008
4.6321100E-003   1.1816700E-008
4.8504100E-003   1.0894000E-008
5.0790100E-003   1.0268000E-008
5.3183700E-003   9.4129900E-009
5.5690200E-003   8.7944000E-009
5.8314800E-003   8.0826300E-009
6.1063100E-003   7.4309821E-009
6.3940900E-003   6.7938628E-009
6.6954300E-003   6.3228000E-009
7.0109800E-003   5.8075140E-009
7.3414000E-003   5.3694151E-009
7.6873900E-003   4.9090509E-009
8.0496800E-003   4.4881578E-009
8.4290500E-003   4.1246260E-009
8.8263000E-003   3.7528309E-009
9.2422700E-003   3.4219920E-009
9.6778500E-003   3.0342491E-009
1.0133900E-002   2.7107530E-009
1.0611500E-002   2.4234170E-009
1.1111700E-002   2.1263999E-009
1.1635300E-002   1.8939661E-009
1.2183700E-002   1.6535980E-009
1.2757900E-002   1.4582180E-009
1.3359100E-002   1.3062940E-009
1.3988700E-002   1.1701980E-009
1.4648000E-002   1.0482810E-009
1.5338400E-002   9.2442198E-010
1.6061200E-002   8.1735102E-010
1.6818200E-002   7.3026601E-010
1.7610800E-002   6.4398198E-010
1.8440800E-002   5.5903698E-010
1.9309800E-002   5.0079402E-010
2.0219900E-002   4.5572501E-010
2.1172800E-002   4.0187900E-010
2.2170700E-002   3.4886899E-010
2.3215500E-002   3.0764799E-010
 11
 1   2   3   4
 xy
 100
1.0133900E-003   5.6872452E-008
1.0611500E-003   5.4361838E-008
1.1111700E-003   5.2853885E-008
1.1635300E-003   5.1378841E-008
1.2183700E-003   4.9238825E-008
1.2757900E-003   4.8089614E-008
1.3359100E-003   4.6967223E-008
1.3988700E-003   4.6415888E-008
1.4648000E-003   4.4800416E-008
1.5338400E-003   4.2733575E-008
1.6061200E-003   4.1736193E-008
1.6818200E-003   4.0081243E-008
1.7610800E-003   3.7974072E-008
1.8440800E-003   3.6222161E-008
1.9309800E-003   3.5376750E-008
2.0219900E-003   3.3744666E-008
2.1172800E-003   3.2957079E-008
2.2170700E-003   3.1622776E-008
2.3215500E-003   3.0226801E-008
2.4309700E-003   2.8892446E-008
2.5455300E-003   2.7307033E-008
2.6655000E-003   2.5518947E-008
2.7911200E-003   2.4244621E-008
2.9226600E-003   2.2586354E-008
3.0604000E-003   2.1544347E-008
3.2046400E-003   1.9907633E-008
3.3556700E-003   1.8604066E-008
3.5138100E-003   1.7421400E-008
3.6794100E-003   1.6585600E-008
3.8528200E-003   1.5479024E-008
4.0344000E-003   1.4350358E-008
4.2245300E-003   1.3260168E-008
4.4236300E-003   1.2441200E-008
4.6321100E-003   1.1913100E-008
4.8504100E-003   1.1075634E-008
5.0790100E-003   1.0339800E-008
5.3183700E-003   9.6146868E-009
5.5690200E-003   8.7819254E-009
5.8314800E-003   8.2162899E-009
6.1063100E-003   7.5413826E-009
6.3940900E-003   6.8902550E-009
6.6954300E-003   6.2978600E-009
7.0109800E-003   5.8526200E-009
7.3414000E-003   5.3694151E-009
7.6873900E-003   4.9643649E-009
8.0496800E-003   4.4881578E-009
8.4290500E-003   4.1394200E-009
8.8263000E-003   3.7528309E-009
9.2422700E-003   3.4074010E-009
9.6778500E-003   3.1498759E-009
1.0133900E-002   2.8664069E-009
1.0611500E-002   2.5719140E-009
1.1111700E-002   2.3580280E-009
1.1635300E-002   2.1063451E-009
1.2183700E-002   1.9028821E-009
1.2757900E-002   1.7190720E-009
1.3359100E-002   1.5355870E-009
1.3988700E-002   1.3716870E-009
1.4648000E-002   1.1979300E-009
1.5338400E-002   1.0822150E-009
1.6061200E-002   9.5585495E-010
1.6818200E-002   8.5383201E-010
1.7610800E-002   7.5413797E-010
1.8440800E-002   6.5121702E-010
1.9309800E-002   5.8170901E-010
2.0219900E-002   5.0415500E-010
2.1172800E-002   4.4162299E-010
2.2170700E-002   3.8944301E-010
2.3215500E-002   3.4886899E-010
 12
 1   2   3   4
 xy
 100
1.0133900E-003   5.6278000E-008
1.0611500E-003   5.4561700E-008
1.1111700E-003   5.3049700E-008
1.1635300E-003   5.1711600E-008
1.2183700E-003   5.0590600E-008
1.2757900E-003   4.9001400E-008
1.3359100E-003   4.7145800E-008
1.3988700E-003   4.5721100E-008
1.4648000E-003   4.4339000E-008
1.5338400E-003   4.2530000E-008
1.6061200E-003   4.1213100E-008
1.6818200E-003   3.9391000E-008
1.7610800E-003   3.7532100E-008
1.8440800E-003   3.6594300E-008
1.9309800E-003   3.4798100E-008
2.0219900E-003   3.3229800E-008
2.1172800E-003   3.1973700E-008
2.2170700E-003   3.0169900E-008
2.3215500E-003   2.8928300E-008
2.4309700E-003   2.7287200E-008
2.5455300E-003   2.6081500E-008
2.6655000E-003   2.4702600E-008
2.7911200E-003   2.3310900E-008
2.9226600E-003   2.2130700E-008
3.0604000E-003   2.0887500E-008
3.2046400E-003   1.9669600E-008
3.3556700E-003   1.8515000E-008
3.5138100E-003   1.7250400E-008
3.6794100E-003   1.6200500E-008
3.8528200E-003   1.5200100E-008
4.0344000E-003   1.4210100E-008
4.2245300E-003   1.3194100E-008
4.4236300E-003   1.2306300E-008
4.6321100E-003   1.1476800E-008
4.8504100E-003   1.0780400E-008
5.0790100E-003   9.8834000E-009
5.3183700E-003   9.2257700E-009
5.5690200E-003   8.4964200E-009
5.8314800E-003   7.8896703E-009
6.1063100E-003   7.2569700E-009
6.3940900E-003   6.6361200E-009
6.6954300E-003   6.0419400E-009
7.0109800E-003   5.6234128E-009
7.3414000E-003   5.1140400E-009
7.6873900E-003   4.6760300E-009
8.0496800E-003   4.2904600E-009
8.4290500E-003   3.9279200E-009
8.8263000E-003   3.5796961E-009
9.2422700E-003   3.2629000E-009
9.6778500E-003   2.9292200E-009
1.0133900E-002   2.6697500E-009
1.0611500E-002   2.3857400E-009
1.1111700E-002   2.1544351E-009
1.1635300E-002   1.9684190E-009
1.2183700E-002   1.7544500E-009
1.2757900E-002   1.5903300E-009
1.3359100E-002   1.4103499E-009
1.3988700E-002   1.2599900E-009
1.4648000E-002   1.0882280E-009
1.5338400E-002   9.6131103E-010
1.6061200E-002   8.4919699E-010
1.6818200E-002   7.5015799E-010
1.7610800E-002   6.6266997E-010
1.8440800E-002   5.7730000E-010
1.9309800E-002   5.0872700E-010
2.0219900E-002   4.4800400E-010
2.1172800E-002   3.9561199E-010
2.2170700E-002   3.4886899E-010
2.3215500E-002   3.1252201E-010
 13
 1   2   3   4
 xy
 100
1.0133900E-003   5.0945600E-008
1.0611500E-003   4.9683000E-008
1.1111700E-003   4.9156700E-008
1.1635300E-003   4.7397300E-008
1.2183700E-003   4.6649400E-008
1.2757900E-003   4.5686600E-008
1.3359100E-003   4.4040200E-008
1.3988700E-003   4.3259300E-008
1.4648000E-003   4.1846100E-008
1.5338400E-003   4.0546100E-008
1.6061200E-003   3.9256500E-008
1.6818200E-003   3.7511400E-008
1.7610800E-003   3.6191600E-008
1.8440800E-003   3.5156700E-008
1.9309800E-003   3.3325900E-008
2.0219900E-003   3.2488100E-008
2.1172800E-003   3.0932300E-008
2.2170700E-003   2.9623000E-008
2.3215500E-003   2.8307800E-008
2.4309700E-003   2.6998600E-008
2.5455300E-003   2.5730300E-008
2.6655000E-003   2.4277800E-008
2.7911200E-003   2.3127900E-008
2.9226600E-003   2.2048700E-008
3.0604000E-003   2.0754700E-008
3.2046400E-003   1.9575600E-008
3.3556700E-003   1.8662100E-008
3.5138100E-003   1.7421900E-008
3.6794100E-003   1.6399300E-008
3.8528200E-003   1.5534600E-008
4.0344000E-003   1.4459900E-008
4.2245300E-003   1.3481000E-008
4.4236300E-003   1.2583500E-008
4.6321100E-003   1.1779300E-008
4.8504100E-003   1.1015600E-008
5.0790100E-003   1.0085200E-008
5.3183700E-003   9.5040500E-009
5.5690200E-003   8.7616100E-009
5.8314800E-003   8.1261100E-009
6.1063100E-003   7.4077300E-009
6.3940900E-003   6.8134100E-009
6.6954300E-003   6.3166898E-009
7.0109800E-003   5.7905200E-009
7.3414000E-003   5.2741709E-009
7.6873900E-003   4.7604900E-009
8.0496800E-003   4.3241171E-009
8.4290500E-003   4.0239900E-009
8.8263000E-003   3.6769141E-009
9.2422700E-003   3.3348551E-009
9.6778500E-003   3.0700691E-009
1.0133900E-002   2.7738589E-009
1.0611500E-002   2.5119900E-009
1.1111700E-002   2.2538600E-009
1.1635300E-002   2.0413400E-009
1.2183700E-002   1.8485440E-009
1.2757900E-002   1.6514680E-009
1.3359100E-002   1.4529300E-009
1.3988700E-002   1.2866900E-009
1.4648000E-002   1.1522280E-009
1.5338400E-002   1.0056530E-009
1.6061200E-002   8.8836699E-010
1.6818200E-002   7.7188800E-010
1.7610800E-002   6.8532602E-010
1.8440800E-002   5.9873401E-010
1.9309800E-002   5.2890597E-010
2.0219900E-002   4.5199100E-010
2.1172800E-002   3.9810699E-010
2.2170700E-002   3.4551101E-010
2.3215500E-002   2.9986300E-010
 14
 1   2   3   4
 xy
 100
1.0133900E-003   5.2480500E-008
1.0611500E-003   5.1124500E-008
1.1111700E-003   5.0184900E-008
1.1635300E-003   4.9081900E-008
1.2183700E-003   4.7615800E-008
1.2757900E-003   4.6007200E-008
1.3359100E-003   4.4886800E-008
1.3988700E-003   4.3871300E-008
1.4648000E-003   4.2097900E-008
1.5338400E-003   4.0619000E-008
1.6061200E-003   3.9477900E-008
1.6818200E-003   3.8370300E-008
1.7610800E-003   3.6906700E-008
1.8440800E-003   3.5349300E-008
1.9309800E-003   3.3883460E-008
2.0219900E-003   3.2485900E-008
2.1172800E-003   3.1063000E-008
2.2170700E-003   2.9662600E-008
2.3215500E-003   2.8535500E-008
2.4309700E-003   2.6938400E-008
2.5455300E-003   2.5656300E-008
2.6655000E-003   2.4405000E-008
2.7911200E-003   2.2983200E-008
2.9226600E-003   2.1817200E-008
3.0604000E-003   2.0585400E-008
3.2046400E-003   1.9411100E-008
3.3556700E-003   1.8469500E-008
3.5138100E-003   1.7423126E-008
3.6794100E-003   1.6321500E-008
3.8528200E-003   1.5196800E-008
4.0344000E-003   1.4104200E-008
4.2245300E-003   1.3293000E-008
4.4236300E-003   1.2284325E-008
4.6321100E-003   1.1480889E-008
4.8504100E-003   1.0704500E-008
5.0790100E-003   1.0117600E-008
5.3183700E-003   9.3723438E-009
5.5690200E-003   8.6611687E-009
5.8314800E-003   7.9142328E-009
6.1063100E-003   7.3966162E-009
6.3940900E-003   6.8209200E-009
6.6954300E-003   6.2164100E-009
7.0109800E-003   5.7120700E-009
7.3414000E-003   5.2238600E-009
7.6873900E-003   4.7653042E-009
8.0496800E-003   4.3241171E-009
8.4290500E-003   3.9866900E-009
8.8263000E-003   3.6652410E-009
9.2422700E-003   3.3495600E-009
9.6778500E-003   3.0356531E-009
1.0133900E-002   2.7427640E-009
1.0611500E-002   2.4743200E-009
1.1111700E-002   2.2390370E-009
1.1635300E-002   2.0309181E-009
1.2183700E-002   1.8094200E-009
1.2757900E-002   1.6566600E-009
1.3359100E-002   1.5110100E-009
1.3988700E-002   1.3593560E-009
1.4648000E-002   1.2079560E-009
1.5338400E-002   1.1005650E-009
1.6061200E-002   9.9437902E-010
1.6818200E-002   8.8836699E-010
1.7610800E-002   7.8965201E-010
1.8440800E-002   7.0109601E-010
1.9309800E-002   6.2635103E-010
2.0219900E-002   5.5957500E-010
2.1172800E-002   5.0558502E-010
2.2170700E-002   4.4162299E-010
2.3215500E-002   3.8944301E-010
 15
 1   2   3   4
 xy
 100
1.0133900E-003   5.2211100E-008
1.0611500E-003   5.0536600E-008
1.1111700E-003   4.9728500E-008
1.1635300E-003   4.8818300E-008
1.2183700E-003   4.7334700E-008
1.2757900E-003   4.5619700E-008
1.3359100E-003   4.4594600E-008
1.3988700E-003   4.4070000E-008
1.4648000E-003   4.2113100E-008
1.5338400E-003   4.0722400E-008
1.6061200E-003   3.9458400E-008
1.6818200E-003   3.7878800E-008
1.7610800E-003   3.6139900E-008
1.8440800E-003   3.5193600E-008
1.9309800E-003   3.3883460E-008
2.0219900E-003   3.2620000E-008
2.1172800E-003   3.1324200E-008
2.2170700E-003   2.9815600E-008
2.3215500E-003   2.8733300E-008
2.4309700E-003   2.7322500E-008
2.5455300E-003   2.5889800E-008
2.6655000E-003   2.5044900E-008
2.7911200E-003   2.4205600E-008
2.9226600E-003   2.2825200E-008
3.0604000E-003   2.1165700E-008
3.2046400E-003   1.9823800E-008
3.3556700E-003   1.8642401E-008
3.5138100E-003   1.7247100E-008
3.6794100E-003   1.6239200E-008
3.8528200E-003   1.5531100E-008
4.0344000E-003   1.4666600E-008
4.2245300E-003   1.3490400E-008
4.4236300E-003   1.2678100E-008
4.6321100E-003   1.2000100E-008
4.8504100E-003   1.0983800E-008
5.0790100E-003   1.0007500E-008
5.3183700E-003   9.2583900E-009
5.5690200E-003   8.7591000E-009
5.8314800E-003   8.1533500E-009
6.1063100E-003   7.5050500E-009
6.3940900E-003   6.9912240E-009
6.6954300E-003   6.4842100E-009
7.0109800E-003   5.9456500E-009
7.3414000E-003   5.4909600E-009
7.6873900E-003   5.0290600E-009
8.0496800E-003   4.6693500E-009
8.4290500E-003   4.3133261E-009
8.8263000E-003   4.0283590E-009
9.2422700E-003   3.7443710E-009
9.6778500E-003   3.4364320E-009
1.0133900E-002   3.1067600E-009
1.0611500E-002   2.8267151E-009
1.1111700E-002   2.5118860E-009
1.1635300E-002   2.2643769E-009
1.2183700E-002   1.9835169E-009
1.2757900E-002   1.8047220E-009
1.3359100E-002   1.5662890E-009
1.3988700E-002   1.3945400E-009
1.4648000E-002   1.2458660E-009
1.5338400E-002   1.1256610E-009
1.6061200E-002   1.0056530E-009
1.6818200E-002   8.8184499E-010
1.7610800E-002   7.7765100E-010
1.8440800E-002   6.9663197E-010
1.9309800E-002   6.0474198E-010
2.0219900E-002   5.3328902E-010
2.1172800E-002   4.7027798E-010
2.2170700E-002   4.0824599E-010
2.3215500E-002   3.6000999E-010
 16
 1   2   3   4
 xy
 100
1.0133900E-003   5.6911752E-008
1.0611500E-003   5.5019175E-008
1.1111700E-003   5.2681000E-008
1.1635300E-003   5.0676100E-008
1.2183700E-003   4.8647600E-008
1.2757900E-003   4.7465000E-008
1.3359100E-003   4.6373900E-008
1.3988700E-003   4.4754300E-008
1.4648000E-003   4.2841500E-008
1.5338400E-003   4.1824400E-008
1.6061200E-003   4.0185500E-008
1.6818200E-003   3.8529300E-008
1.7610800E-003   3.7164900E-008
1.8440800E-003   3.5406300E-008
1.9309800E-003   3.3800800E-008
2.0219900E-003   3.2749000E-008
2.1172800E-003   3.0851200E-008
2.2170700E-003   2.9843600E-008
2.3215500E-003   2.7748100E-008
2.4309700E-003   2.6579000E-008
2.5455300E-003   2.5107600E-008
2.6655000E-003   2.4289900E-008
2.7911200E-003   2.2890900E-008
2.9226600E-003   2.1717600E-008
3.0604000E-003   2.0291100E-008
3.2046400E-003   1.9063700E-008
3.3556700E-003   1.7993000E-008
3.5138100E-003   1.7056900E-008
3.6794100E-003   1.5805500E-008
3.8528200E-003   1.4892800E-008
4.0344000E-003   1.3778700E-008
4.2245300E-003   1.2919600E-008
4.4236300E-003   1.2010452E-008
4.6321100E-003   1.1054400E-008
4.8504100E-003   1.0448700E-008
5.0790100E-003   9.7852800E-009
5.3183700E-003   9.0142600E-009
5.5690200E-003   8.2905300E-009
5.8314800E-003   7.7608100E-009
6.1063100E-003   7.1419400E-009
6.3940900E-003   6.4046100E-009
6.6954300E-003   5.9636229E-009
7.0109800E-003   5.4759761E-009
7.3414000E-003   4.9464900E-009
7.6873900E-003   4.5370321E-009
8.0496800E-003   4.1246260E-009
8.4290500E-003   3.7085100E-009
8.8263000E-003   3.3357319E-009
9.2422700E-003   3.0342491E-009
9.6778500E-003   2.7571400E-009
1.0133900E-002   2.5062290E-009
1.0611500E-002   2.2644211E-009
1.1111700E-002   2.0230080E-009
1.1635300E-002   1.8485440E-009
1.2183700E-002   1.6274320E-009
1.2757900E-002   1.4588640E-009
1.3359100E-002   1.2811699E-009
1.3988700E-002   1.1384230E-009
1.4648000E-002   1.0259630E-009
1.5338400E-002   8.9487501E-010
1.6061200E-002   7.8053702E-010
1.6818200E-002   6.9254102E-010
1.7610800E-002   6.1446498E-010
1.8440800E-002   5.3595500E-010
1.9309800E-002   4.6747500E-010
2.0219900E-002   4.0774600E-010
2.1172800E-002   3.5564801E-010
2.2170700E-002   3.1020700E-010
2.3215500E-002   2.7057101E-010
 17
 1   2   3   4
 xy
 100
1.0133900E-003   5.1673500E-008
1.0611500E-003   5.0877300E-008
1.1111700E-003   4.9717600E-008
1.1635300E-003   4.8440000E-008
1.2183700E-003   4.7070200E-008
1.2757900E-003   4.5951700E-008
1.3359100E-003   4.4708400E-008
1.3988700E-003   4.3062200E-008
1.4648000E-003   4.1693300E-008
1.5338400E-003   4.0657300E-008
1.6061200E-003   3.9050400E-008
1.6818200E-003   3.7955900E-008
1.7610800E-003   3.6589800E-008
1.8440800E-003   3.5049002E-008
1.9309800E-003   3.3548800E-008
2.0219900E-003   3.2071700E-008
2.1172800E-003   3.0828600E-008
2.2170700E-003   2.9690600E-008
2.3215500E-003   2.7976000E-008
2.4309700E-003   2.7015100E-008
2.5455300E-003   2.5647200E-008
2.6655000E-003   2.4484200E-008
2.7911200E-003   2.3083900E-008
2.9226600E-003   2.1668600E-008
3.0604000E-003   2.0735900E-008
3.2046400E-003   1.9596900E-008
3.3556700E-003   1.8300800E-008
3.5138100E-003   1.7458800E-008
3.6794100E-003   1.6470000E-008
3.8528200E-003   1.5565622E-008
4.0344000E-003   1.4394300E-008
4.2245300E-003   1.3450200E-008
4.4236300E-003   1.2706887E-008
4.6321100E-003   1.1771900E-008
4.8504100E-003   1.0974675E-008
5.0790100E-003   1.0252500E-008
5.3183700E-003   9.4786001E-009
5.5690200E-003   8.7118000E-009
5.8314800E-003   8.0947000E-009
6.1063100E-003   7.3966162E-009
6.3940900E-003   6.8226900E-009
6.6954300E-003   6.2566600E-009
7.0109800E-003   5.8178900E-009
7.3414000E-003   5.3339648E-009
7.6873900E-003   4.8549900E-009
8.0496800E-003   4.3955000E-009
8.4290500E-003   3.9875200E-009
8.8263000E-003   3.6769141E-009
9.2422700E-003   3.3348551E-009
9.6778500E-003   2.9847300E-009
1.0133900E-002   2.6917459E-009
1.0611500E-002   2.3780700E-009
1.1111700E-002   2.1600861E-009
1.1635300E-002   1.9048620E-009
1.2183700E-002   1.7064040E-009
1.2757900E-002   1.5455600E-009
1.3359100E-002   1.3910560E-009
1.3988700E-002   1.2458660E-009
1.4648000E-002   1.1253360E-009
1.5338400E-002   1.0056530E-009
1.6061200E-002   8.9843899E-010
1.6818200E-002   8.0265500E-010
1.7610800E-002   7.2521200E-010
1.8440800E-002   6.3393901E-010
1.9309800E-002   5.6142700E-010
2.0219900E-002   4.9431298E-010
2.1172800E-002   4.3658999E-010
2.2170700E-002   3.8080700E-010
2.3215500E-002   3.2652400E-010
 18
 1   2   3   4
 xy
 100
1.0133900E-003   5.1633100E-008
1.0611500E-003   5.0694300E-008
1.1111700E-003   4.9310200E-008
1.1635300E-003   4.8434700E-008
1.2183700E-003   4.7145400E-008
1.2757900E-003   4.6026100E-008
1.3359100E-003   4.4181300E-008
1.3988700E-003   4.2879500E-008
1.4648000E-003   4.1629500E-008
1.5338400E-003   4.0260100E-008
1.6061200E-003   3.8774900E-008
1.6818200E-003   3.7653400E-008
1.7610800E-003   3.6156300E-008
1.8440800E-003   3.4804800E-008
1.9309800E-003   3.3790100E-008
2.0219900E-003   3.2389476E-008
2.1172800E-003   3.1106000E-008
2.2170700E-003   2.9472200E-008
2.3215500E-003   2.8284600E-008
2.4309700E-003   2.6692900E-008
2.5455300E-003   2.5705200E-008
2.6655000E-003   2.4434581E-008
2.7911200E-003   2.3031900E-008
2.9226600E-003   2.1917400E-008
3.0604000E-003   2.0645400E-008
3.2046400E-003   1.9567500E-008
3.3556700E-003   1.8359100E-008
3.5138100E-003   1.7133200E-008
3.6794100E-003   1.6290600E-008
3.8528200E-003   1.5286100E-008
4.0344000E-003   1.4330800E-008
4.2245300E-003   1.3335600E-008
4.4236300E-003   1.2528800E-008
4.6321100E-003   1.1776000E-008
4.8504100E-003   1.0782300E-008
5.0790100E-003   1.0167800E-008
5.3183700E-003   9.4773700E-009
5.5690200E-003   8.6401800E-009
5.8314800E-003   8.0100700E-009
6.1063100E-003   7.3480300E-009
6.3940900E-003   6.7354000E-009
6.6954300E-003   6.3117700E-009
7.0109800E-003   5.7991100E-009
7.3414000E-003   5.3944369E-009
7.6873900E-003   4.8739661E-009
8.0496800E-003   4.4092800E-009
8.4290500E-003   4.0283590E-009
8.8263000E-003   3.6045600E-009
9.2422700E-003   3.2849130E-009
9.6778500E-003   2.9437900E-009
1.0133900E-002   2.6417900E-009
1.0611500E-002   2.3957250E-009
1.1111700E-002   2.1811400E-009
1.1635300E-002   1.9189400E-009
1.2183700E-002   1.7082760E-009
1.2757900E-002   1.5297320E-009
1.3359100E-002   1.3593560E-009
1.3988700E-002   1.2138400E-009
1.4648000E-002   1.0760280E-009
1.5338400E-002   9.6075600E-010
1.6061200E-002   8.4762802E-010
1.6818200E-002   7.5322198E-010
1.7610800E-002   6.6454697E-010
1.8440800E-002   5.8090199E-010
1.9309800E-002   5.0415500E-010
2.0219900E-002   4.4161400E-010
2.1172800E-002   3.8337000E-010
2.2170700E-002   3.3280101E-010
2.3215500E-002   2.8773700E-010
 19
 1   2   3   4
 xy
 100
1.0133900E-003   5.4200400E-008
1.0611500E-003   5.3103600E-008
1.1111700E-003   5.1331100E-008
1.1635300E-003   5.0047900E-008
1.2183700E-003   4.9057300E-008
1.2757900E-003   4.7518900E-008
1.3359100E-003   4.5756300E-008
1.3988700E-003   4.4073700E-008
1.4648000E-003   4.3175700E-008
1.5338400E-003   4.1722200E-008
1.6061200E-003   4.0189500E-008
1.6818200E-003   3.9212700E-008
1.7610800E-003   3.7380600E-008
1.8440800E-003   3.5941600E-008
1.9309800E-003   3.4818100E-008
2.0219900E-003   3.3503625E-008
2.1172800E-003   3.1473600E-008
2.2170700E-003   2.9643700E-008
2.3215500E-003   2.8706800E-008
2.4309700E-003   2.7312000E-008
2.5455300E-003   2.6271800E-008
2.6655000E-003   2.4458200E-008
2.7911200E-003   2.3720700E-008
2.9226600E-003   2.2169300E-008
3.0604000E-003   2.1073300E-008
3.2046400E-003   1.9938000E-008
3.3556700E-003   1.8757000E-008
3.5138100E-003   1.7655700E-008
3.6794100E-003   1.6758100E-008
3.8528200E-003   1.5411000E-008
4.0344000E-003   1.4589400E-008
4.2245300E-003   1.3750259E-008
4.4236300E-003   1.2756400E-008
4.6321100E-003   1.1774600E-008
4.8504100E-003   1.0999500E-008
5.0790100E-003   1.0242100E-008
5.3183700E-003   9.3930000E-009
5.5690200E-003   8.6194700E-009
5.8314800E-003   8.0643600E-009
6.1063100E-003   7.3663400E-009
6.3940900E-003   6.6445600E-009
6.6954300E-003   6.1758629E-009
7.0109800E-003   5.6432592E-009
7.3414000E-003   5.1565858E-009
7.6873900E-003   4.6728800E-009
8.0496800E-003   4.3719500E-009
8.4290500E-003   4.0239372E-009
8.8263000E-003   3.7528309E-009
9.2422700E-003   3.3598180E-009
9.6778500E-003   3.0238900E-009
1.0133900E-002   2.7232800E-009
1.0611500E-002   2.4781339E-009
1.1111700E-002   2.2390370E-009
1.1635300E-002   2.0271000E-009
1.2183700E-002   1.8152900E-009
1.2757900E-002   1.6662700E-009
1.3359100E-002   1.4591590E-009
1.3988700E-002   1.3276300E-009
1.4648000E-002   1.1909330E-009
1.5338400E-002   1.0734190E-009
1.6061200E-002   9.6131103E-010
1.6818200E-002   8.5675200E-010
1.7610800E-002   7.7122198E-010
1.8440800E-002   6.8532602E-010
1.9309800E-002   5.9873401E-010
2.0219900E-002   5.2853899E-010
2.1172800E-002   4.6890700E-010
2.2170700E-002   4.0762099E-010
2.3215500E-002   3.4551101E-010
 20
 1   2   3   4
 xy
 100
1.0133900E-003   5.2086600E-008
1.0611500E-003   5.1246100E-008
1.1111700E-003   4.9692600E-008
1.1635300E-003   4.8496100E-008
1.2183700E-003   4.7616200E-008
1.2757900E-003   4.5993500E-008
1.3359100E-003   4.4390600E-008
1.3988700E-003   4.3242300E-008
1.4648000E-003   4.2013000E-008
1.5338400E-003   4.0451600E-008
1.6061200E-003   3.9211500E-008
1.6818200E-003   3.8113300E-008
1.7610800E-003   3.6560800E-008
1.8440800E-003   3.5143900E-008
1.9309800E-003   3.4098100E-008
2.0219900E-003   3.3128046E-008
2.1172800E-003   3.1377100E-008
2.2170700E-003   3.0271096E-008
2.3215500E-003   2.8692400E-008
2.4309700E-003   2.7105500E-008
2.5455300E-003   2.6149600E-008
2.6655000E-003   2.4711600E-008
2.7911200E-003   2.3095380E-008
2.9226600E-003   2.1793400E-008
3.0604000E-003   2.0585200E-008
3.2046400E-003   1.9590300E-008
3.3556700E-003   1.8550000E-008
3.5138100E-003   1.7465000E-008
3.6794100E-003   1.6641800E-008
3.8528200E-003   1.5685300E-008
4.0344000E-003   1.4419200E-008
4.2245300E-003   1.3750259E-008
4.4236300E-003   1.2706887E-008
4.6321100E-003   1.2010452E-008
4.8504100E-003   1.1184300E-008
5.0790100E-003   1.0269900E-008
5.3183700E-003   9.4868800E-009
5.5690200E-003   8.6644800E-009
5.8314800E-003   8.0039566E-009
6.1063100E-003   7.4026000E-009
6.3940900E-003   6.9177700E-009
6.6954300E-003   6.3883041E-009
7.0109800E-003   5.8065500E-009
7.3414000E-003   5.3099100E-009
7.6873900E-003   4.7764800E-009
8.0496800E-003   4.3769000E-009
8.4290500E-003   3.9788279E-009
8.8263000E-003   3.6530861E-009
9.2422700E-003   3.3639860E-009
9.6778500E-003   3.0342491E-009
1.0133900E-002   2.7738589E-009
1.0611500E-002   2.5118860E-009
1.1111700E-002   2.2441800E-009
1.1635300E-002   2.0123300E-009
1.2183700E-002   1.7620400E-009
1.2757900E-002   1.5830280E-009
1.3359100E-002   1.4071410E-009
1.3988700E-002   1.2507970E-009
1.4648000E-002   1.1118230E-009
1.5338400E-002   9.7671904E-010
1.6061200E-002   8.4798601E-010
1.6818200E-002   7.3621997E-010
1.7610800E-002   6.5442002E-010
1.8440800E-002   5.6151400E-010
1.9309800E-002   4.8750598E-010
2.0219900E-002   4.2826601E-010
2.1172800E-002   3.7622500E-010
2.2170700E-002   3.2663799E-010
2.3215500E-002   2.8694599E-010
 21
 1   2   3   4
 xy
 100
1.0133900E-003   5.3581300E-008
1.0611500E-003   5.2686500E-008
1.1111700E-003   5.0797900E-008
1.1635300E-003   4.9332100E-008
1.2183700E-003   4.8725700E-008
1.2757900E-003   4.7231300E-008
1.3359100E-003   4.5136700E-008
1.3988700E-003   4.4349100E-008
1.4648000E-003   4.3197900E-008
1.5338400E-003   4.1437500E-008
1.6061200E-003   3.9797100E-008
1.6818200E-003   3.8757400E-008
1.7610800E-003   3.7039700E-008
1.8440800E-003   3.5988300E-008
1.9309800E-003   3.4759000E-008
2.0219900E-003   3.3548442E-008
2.1172800E-003   3.2096200E-008
2.2170700E-003   3.0658619E-008
2.3215500E-003   2.9122000E-008
2.4309700E-003   2.7533000E-008
2.5455300E-003   2.6268700E-008
2.6655000E-003   2.4945400E-008
2.7911200E-003   2.3663725E-008
2.9226600E-003   2.2278700E-008
3.0604000E-003   2.1200500E-008
3.2046400E-003   1.9964200E-008
3.3556700E-003   1.9103100E-008
3.5138100E-003   1.7726000E-008
3.6794100E-003   1.6645000E-008
3.8528200E-003   1.5742800E-008
4.0344000E-003   1.4795700E-008
4.2245300E-003   1.3921600E-008
4.4236300E-003   1.2910600E-008
4.6321100E-003   1.2160800E-008
4.8504100E-003   1.1146400E-008
5.0790100E-003   1.0415300E-008
5.3183700E-003   9.6152400E-009
5.5690200E-003   9.0342500E-009
5.8314800E-003   8.4936689E-009
6.1063100E-003   7.8471000E-009
6.3940900E-003   7.3468100E-009
6.6954300E-003   6.7810331E-009
7.0109800E-003   6.2670908E-009
7.3414000E-003   5.7408260E-009
7.6873900E-003   5.1972200E-009
8.0496800E-003   4.7423300E-009
8.4290500E-003   4.3710600E-009
8.8263000E-003   3.9873340E-009
9.2422700E-003   3.5796961E-009
9.6778500E-003   3.3348551E-009
1.0133900E-002   2.9807641E-009
1.0611500E-002   2.6402600E-009
1.1111700E-002   2.3353700E-009
1.1635300E-002   2.0794511E-009
1.2183700E-002   1.8478500E-009
1.2757900E-002   1.6812840E-009
1.3359100E-002   1.5297320E-009
1.3988700E-002   1.3706269E-009
1.4648000E-002   1.2246710E-009
1.5338400E-002   1.0942580E-009
1.6061200E-002   9.7773201E-010
1.6818200E-002   8.7361501E-010
1.7610800E-002   7.7184598E-010
1.8440800E-002   6.8193201E-010
1.9309800E-002   6.0249200E-010
2.0219900E-002   5.2401400E-010
2.1172800E-002   4.6101700E-010
2.2170700E-002   4.0559400E-010
2.3215500E-002   3.5491299E-010
 22
 1   2   3   4
 xy
 100
1.0133900E-003   5.1137700E-008
1.0611500E-003   5.0262800E-008
1.1111700E-003   4.8428000E-008
1.1635300E-003   4.7028700E-008
1.2183700E-003   4.6452400E-008
1.2757900E-003   4.5442500E-008
1.3359100E-003   4.3642500E-008
1.3988700E-003   4.2175900E-008
1.4648000E-003   4.1033100E-008
1.5338400E-003   3.9468500E-008
1.6061200E-003   3.7665600E-008
1.6818200E-003   3.6496400E-008
1.7610800E-003   3.4747300E-008
1.8440800E-003   3.3937000E-008
1.9309800E-003   3.2840200E-008
2.0219900E-003   3.1003200E-008
2.1172800E-003   3.0294500E-008
2.2170700E-003   2.8811200E-008
2.3215500E-003   2.7945400E-008
2.4309700E-003   2.6617200E-008
2.5455300E-003   2.5143800E-008
2.6655000E-003   2.4308800E-008
2.7911200E-003   2.3111800E-008
2.9226600E-003   2.1765700E-008
3.0604000E-003   2.1007613E-008
3.2046400E-003   1.9819481E-008
3.3556700E-003   1.8738174E-008
3.5138100E-003   1.7847618E-008
3.6794100E-003   1.6343989E-008
3.8528200E-003   1.5520209E-008
4.0344000E-003   1.4501403E-008
4.2245300E-003   1.3416700E-008
4.4236300E-003   1.2462000E-008
4.6321100E-003   1.1707900E-008
4.8504100E-003   1.0826800E-008
5.0790100E-003   1.0087712E-008
5.3183700E-003   9.4070041E-009
5.5690200E-003   8.7819254E-009
5.8314800E-003   8.1616700E-009
6.1063100E-003   7.4526980E-009
6.3940900E-003   6.7728152E-009
6.6954300E-003   6.1135300E-009
7.0109800E-003   5.5145400E-009
7.3414000E-003   5.0971800E-009
7.6873900E-003   4.6415889E-009
8.0496800E-003   4.2123638E-009
8.4290500E-003   3.7932710E-009
8.8263000E-003   3.4558809E-009
9.2422700E-003   3.0760250E-009
9.6778500E-003   2.7980000E-009
1.0133900E-002   2.5118860E-009
1.0611500E-002   2.2991520E-009
1.1111700E-002   2.0794511E-009
1.1635300E-002   1.8478500E-009
1.2183700E-002   1.6812840E-009
1.2757900E-002   1.5297320E-009
1.3359100E-002   1.3935459E-009
1.3988700E-002   1.2368230E-009
1.4648000E-002   1.0985410E-009
1.5338400E-002   9.7665998E-010
1.6061200E-002   8.8862401E-010
1.6818200E-002   8.0852303E-010
1.7610800E-002   7.3564199E-010
1.8440800E-002   6.5793299E-010
1.9309800E-002   5.9381999E-010
2.0219900E-002   5.2853899E-010
2.1172800E-002   4.8089599E-010
2.2170700E-002   4.3754800E-010
2.3215500E-002   3.9810699E-010
 23
 1   2   3   4
 xy
 100
1.0133900E-003   5.2385200E-008
1.0611500E-003   5.1015600E-008
1.1111700E-003   4.9909300E-008
1.1635300E-003   4.8742700E-008
1.2183700E-003   4.7863800E-008
1.2757900E-003   4.6294600E-008
1.3359100E-003   4.4830200E-008
1.3988700E-003   4.3748262E-008
1.4648000E-003   4.2733575E-008
1.5338400E-003   4.1273982E-008
1.6061200E-003   3.9889100E-008
1.6818200E-003   3.8714500E-008
1.7610800E-003   3.6791900E-008
1.8440800E-003   3.5711100E-008
1.9309800E-003   3.4343000E-008
2.0219900E-003   3.2986100E-008
2.1172800E-003   3.1822900E-008
2.2170700E-003   3.0189000E-008
2.3215500E-003   2.9147400E-008
2.4309700E-003   2.7780631E-008
2.5455300E-003   2.6128100E-008
2.6655000E-003   2.4744400E-008
2.7911200E-003   2.3622800E-008
2.9226600E-003   2.2543700E-008
3.0604000E-003   2.1060400E-008
3.2046400E-003   2.0224900E-008
3.3556700E-003   1.9021400E-008
3.5138100E-003   1.7863000E-008
3.6794100E-003   1.6784800E-008
3.8528200E-003   1.5833300E-008
4.0344000E-003   1.4811900E-008
4.2245300E-003   1.3766400E-008
4.4236300E-003   1.2981400E-008
4.6321100E-003   1.1948000E-008
4.8504100E-003   1.1062100E-008
5.0790100E-003   1.0422300E-008
5.3183700E-003   9.7042000E-009
5.5690200E-003   8.7640000E-009
5.8314800E-003   8.1262900E-009
6.1063100E-003   7.5816500E-009
6.3940900E-003   6.9346671E-009
6.6954300E-003   6.4058092E-009
7.0109800E-003   5.9299700E-009
7.3414000E-003   5.4108300E-009
7.6873900E-003   5.0644700E-009
8.0496800E-003   4.6152260E-009
8.4290500E-003   4.1161700E-009
8.8263000E-003   3.7595780E-009
9.2422700E-003   3.4139100E-009
9.6778500E-003   3.1027400E-009
1.0133900E-002   2.8117690E-009
1.0611500E-002   2.5118860E-009
1.1111700E-002   2.2321220E-009
1.1635300E-002   2.0455000E-009
1.2183700E-002   1.8548100E-009
1.2757900E-002   1.6420429E-009
1.3359100E-002   1.4591590E-009
1.3988700E-002   1.2995111E-009
1.4648000E-002   1.1797630E-009
1.5338400E-002   1.0537951E-009
1.6061200E-002   9.6006603E-010
1.6818200E-002   8.6788399E-010
1.7610800E-002   7.8765100E-010
1.8440800E-002   7.1847300E-010
1.9309800E-002   6.5370898E-010
2.0219900E-002   5.8090199E-010
2.1172800E-002   5.2853899E-010
2.2170700E-002   4.7187898E-010
2.3215500E-002   4.2493101E-010
 24
 1   2   3   4
 xy
 100
1.0133900E-003   5.4714200E-008
1.0611500E-003   5.2992300E-008
1.1111700E-003   5.1470700E-008
1.1635300E-003   5.0244800E-008
1.2183700E-003   4.9137600E-008
1.2757900E-003   4.7753900E-008
1.3359100E-003   4.6082700E-008
1.3988700E-003   4.5111900E-008
1.4648000E-003   4.3791300E-008
1.5338400E-003   4.2385800E-008
1.6061200E-003   4.0784000E-008
1.6818200E-003   3.8939639E-008
1.7610800E-003   3.7445800E-008
1.8440800E-003   3.6247000E-008
1.9309800E-003   3.5365000E-008
2.0219900E-003   3.3483200E-008
2.1172800E-003   3.2620600E-008
2.2170700E-003   3.1576782E-008
2.3215500E-003   2.9941200E-008
2.4309700E-003   2.8234800E-008
2.5455300E-003   2.7133600E-008
2.6655000E-003   2.5439600E-008
2.7911200E-003   2.4408500E-008
2.9226600E-003   2.3083100E-008
3.0604000E-003   2.1754415E-008
3.2046400E-003   2.0555600E-008
3.3556700E-003   1.9363261E-008
3.5138100E-003   1.8482083E-008
3.6794100E-003   1.7159700E-008
3.8528200E-003   1.6199400E-008
4.0344000E-003   1.5094400E-008
4.2245300E-003   1.4139774E-008
4.4236300E-003   1.3022200E-008
4.6321100E-003   1.2012849E-008
4.8504100E-003   1.1202235E-008
5.0790100E-003   1.0543500E-008
5.3183700E-003   9.7837100E-009
5.5690200E-003   8.9218000E-009
5.8314800E-003   8.1936600E-009
6.1063100E-003   7.6216899E-009
6.3940900E-003   6.9601600E-009
6.6954300E-003   6.4874300E-009
7.0109800E-003   6.0184848E-009
7.3414000E-003   5.4124700E-009
7.6873900E-003   4.8660831E-009
8.0496800E-003   4.4648858E-009
8.4290500E-003   3.9873340E-009
8.8263000E-003   3.6025500E-009
9.2422700E-003   3.3133700E-009
9.6778500E-003   3.0404159E-009
1.0133900E-002   2.7437700E-009
1.0611500E-002   2.4888000E-009
1.1111700E-002   2.1943050E-009
1.1635300E-002   1.9309600E-009
1.2183700E-002   1.7214620E-009
1.2757900E-002   1.5656340E-009
1.3359100E-002   1.3935459E-009
1.3988700E-002   1.2079560E-009
1.4648000E-002   1.0483659E-009
1.5338400E-002   9.3160302E-010
1.6061200E-002   8.2784402E-010
1.6818200E-002   7.3450102E-010
1.7610800E-002   6.4619998E-010
1.8440800E-002   5.6851401E-010
1.9309800E-002   5.0016702E-010
2.0219900E-002   4.4003701E-010
2.1172800E-002   3.8265399E-010
2.2170700E-002   3.3275399E-010
2.3215500E-002   2.8601199E-010
 25
 1   2   3   4
 xy
 100
1.0133900E-003   5.7634800E-008
1.0611500E-003   5.6110600E-008
1.1111700E-003   5.4209800E-008
1.1635300E-003   5.2971100E-008
1.2183700E-003   5.1885800E-008
1.2757900E-003   5.0220800E-008
1.3359100E-003   4.8481000E-008
1.3988700E-003   4.7158500E-008
1.4648000E-003   4.5914100E-008
1.5338400E-003   4.3878100E-008
1.6061200E-003   4.2516400E-008
1.6818200E-003   4.1084400E-008
1.7610800E-003   3.9294500E-008
1.8440800E-003   3.7866000E-008
1.9309800E-003   3.6539800E-008
2.0219900E-003   3.4504400E-008
2.1172800E-003   3.3453800E-008
2.2170700E-003   3.1594900E-008
2.3215500E-003   3.0498500E-008
2.4309700E-003   2.8847700E-008
2.5455300E-003   2.7519300E-008
2.6655000E-003   2.5900400E-008
2.7911200E-003   2.4720100E-008
2.9226600E-003   2.3466000E-008
3.0604000E-003   2.1775700E-008
3.2046400E-003   2.0753000E-008
3.3556700E-003   1.9319200E-008
3.5138100E-003   1.8075000E-008
3.6794100E-003   1.7135100E-008
3.8528200E-003   1.5991600E-008
4.0344000E-003   1.5016100E-008
4.2245300E-003   1.3818300E-008
4.4236300E-003   1.2882121E-008
4.6321100E-003   1.1973600E-008
4.8504100E-003   1.1016700E-008
5.0790100E-003   1.0293000E-008
5.3183700E-003   9.5629400E-009
5.5690200E-003   8.7721600E-009
5.8314800E-003   8.1314700E-009
6.1063100E-003   7.4836600E-009
6.3940900E-003   6.8970300E-009
6.6954300E-003   6.3316521E-009
7.0109800E-003   5.6068372E-009
7.3414000E-003   4.9823692E-009
7.6873900E-003   4.5591800E-009
8.0496800E-003   4.2008300E-009
8.4290500E-003   3.8169500E-009
8.8263000E-003   3.4145491E-009
9.2422700E-003   3.0744800E-009
9.6778500E-003   2.8217071E-009
1.0133900E-002   2.5134700E-009
1.0611500E-002   2.2321220E-009
1.1111700E-002   2.0054000E-009
1.1635300E-002   1.8047220E-009
1.2183700E-002   1.6402790E-009
1.2757900E-002   1.4591590E-009
1.3359100E-002   1.2768600E-009
1.3988700E-002   1.1245700E-009
1.4648000E-002   9.9999997E-010
1.5338400E-002   8.7277000E-010
1.6061200E-002   7.6952000E-010
1.6818200E-002   6.6933098E-010
1.7610800E-002   5.8602800E-010
1.8440800E-002   5.1678600E-010
1.9309800E-002   4.5572501E-010
2.0219900E-002   4.0187900E-010
2.1172800E-002   3.5270201E-010
2.2170700E-002   3.0315800E-010
2.3215500E-002   2.5880301E-010
 26
 1   2   3   4
 xy
 100
1.0133900E-003   5.1719100E-008
1.0611500E-003   5.0721500E-008
1.1111700E-003   4.9813800E-008
1.1635300E-003   4.8350100E-008
1.2183700E-003   4.7117800E-008
1.2757900E-003   4.6253600E-008
1.3359100E-003   4.5098900E-008
1.3988700E-003   4.4260641E-008
1.4648000E-003   4.2793400E-008
1.5338400E-003   4.2246441E-008
1.6061200E-003   4.0796177E-008
1.6818200E-003   3.9086200E-008
1.7610800E-003   3.7587700E-008
1.8440800E-003   3.5855400E-008
1.9309800E-003   3.4664600E-008
2.0219900E-003   3.3262100E-008
2.1172800E-003   3.2136300E-008
2.2170700E-003   3.0572200E-008
2.3215500E-003   2.9593800E-008
2.4309700E-003   2.8435172E-008
2.5455300E-003   2.6766600E-008
2.6655000E-003   2.5606125E-008
2.7911200E-003   2.4109400E-008
2.9226600E-003   2.2791609E-008
3.0604000E-003   2.1626000E-008
3.2046400E-003   2.0598700E-008
3.3556700E-003   1.9149700E-008
3.5138100E-003   1.8268128E-008
3.6794100E-003   1.7340900E-008
3.8528200E-003   1.5951800E-008
4.0344000E-003   1.5162954E-008
4.2245300E-003   1.3866700E-008
4.4236300E-003   1.2971300E-008
4.6321100E-003   1.2153543E-008
4.8504100E-003   1.1319100E-008
5.0790100E-003   1.0732891E-008
5.3183700E-003   9.9792200E-009
5.5690200E-003   9.4266852E-009
5.8314800E-003   8.9917904E-009
6.1063100E-003   8.3767757E-009
6.3940900E-003   7.8080227E-009
6.6954300E-003   7.1003878E-009
7.0109800E-003   6.4808332E-009
7.3414000E-003   5.9043992E-009
7.6873900E-003   5.2554130E-009
8.0496800E-003   4.7525099E-009
8.4290500E-003   4.3241171E-009
8.8263000E-003   3.8425130E-009
9.2422700E-003   3.4613790E-009
9.6778500E-003   3.1174300E-009
1.0133900E-002   2.7864900E-009
1.0611500E-002   2.5118860E-009
1.1111700E-002   2.2202249E-009
1.1635300E-002   1.9835169E-009
1.2183700E-002   1.7795740E-009
1.2757900E-002   1.6037190E-009
1.3359100E-002   1.4251030E-009
1.3988700E-002   1.2695980E-009
1.4648000E-002   1.1040370E-009
1.5338400E-002   9.8268604E-010
1.6061200E-002   8.8184499E-010
1.6818200E-002   7.7765100E-010
1.7610800E-002   6.8576800E-010
1.8440800E-002   6.0474198E-010
1.9309800E-002   5.4173699E-010
2.0219900E-002   4.8529603E-010
2.1172800E-002   4.2795600E-010
2.2170700E-002   3.7739101E-010
2.3215500E-002   3.3280101E-010
 27
 1   2   3   4
 xy
 100
1.0133900E-003   5.4815501E-008
1.0611500E-003   5.4160349E-008
1.1111700E-003   5.2873443E-008
1.1635300E-003   5.1000193E-008
1.2183700E-003   5.0390639E-008
1.2757900E-003   4.9193304E-008
1.3359100E-003   4.7450435E-008
1.3988700E-003   4.5222283E-008
1.4648000E-003   4.3693400E-008
1.5338400E-003   4.2252000E-008
1.6061200E-003   4.0372000E-008
1.6818200E-003   3.9350300E-008
1.7610800E-003   3.7992100E-008
1.8440800E-003   3.6243600E-008
1.9309800E-003   3.5433100E-008
2.0219900E-003   3.3900200E-008
2.1172800E-003   3.2713400E-008
2.2170700E-003   3.1108600E-008
2.3215500E-003   2.9622400E-008
2.4309700E-003   2.8494900E-008
2.5455300E-003   2.7015800E-008
2.6655000E-003   2.5850900E-008
2.7911200E-003   2.4431600E-008
2.9226600E-003   2.2819600E-008
3.0604000E-003   2.1796900E-008
3.2046400E-003   2.0692800E-008
3.3556700E-003   1.9372300E-008
3.5138100E-003   1.8494900E-008
3.6794100E-003   1.7173400E-008
3.8528200E-003   1.5799200E-008
4.0344000E-003   1.4888600E-008
4.2245300E-003   1.3901300E-008
4.4236300E-003   1.2906500E-008
4.6321100E-003   1.1775200E-008
4.8504100E-003   1.1041800E-008
5.0790100E-003   1.0243200E-008
5.3183700E-003   9.4523000E-009
5.5690200E-003   8.7134400E-009
5.8314800E-003   8.0014900E-009
6.1063100E-003   7.2179000E-009
6.3940900E-003   6.5229100E-009
6.6954300E-003   6.0301300E-009
7.0109800E-003   5.4547400E-009
7.3414000E-003   5.0088600E-009
7.6873900E-003   4.4566302E-009
8.0496800E-003   3.9810200E-009
8.4290500E-003   3.6180330E-009
8.8263000E-003   3.1709790E-009
9.2422700E-003   2.8409310E-009
9.6778500E-003   2.5452349E-009
1.0133900E-002   2.2507010E-009
1.0611500E-002   2.0166739E-009
1.1111700E-002   1.8103250E-009
1.1635300E-002   1.6190920E-009
1.2183700E-002   1.4507390E-009
1.2757900E-002   1.2876130E-009
1.3359100E-002   1.1506071E-009
1.3988700E-002   1.0184670E-009
1.4648000E-002   9.0581698E-010
1.5338400E-002   7.9797002E-010
1.6061200E-002   7.0632800E-010
1.6818200E-002   6.3288502E-010
1.7610800E-002   5.6020200E-010
1.8440800E-002   4.9586601E-010
1.9309800E-002   4.3853601E-010
2.0219900E-002   3.9289100E-010
2.1172800E-002   3.4815001E-010
2.2170700E-002   3.1535999E-010
2.3215500E-002   2.7639299E-010
 28
 1   2   3   4
 xy
 100
1.0133900E-003   5.3677500E-008
1.0611500E-003   5.2853600E-008
1.1111700E-003   5.2181800E-008
1.1635300E-003   5.0637800E-008
1.2183700E-003   4.9378300E-008
1.2757900E-003   4.8694100E-008
1.3359100E-003   4.7379100E-008
1.3988700E-003   4.5956300E-008
1.4648000E-003   4.5001300E-008
1.5338400E-003   4.3786200E-008
1.6061200E-003   4.1576800E-008
1.6818200E-003   4.0669300E-008
1.7610800E-003   3.9550100E-008
1.8440800E-003   3.7490400E-008
1.9309800E-003   3.6286200E-008
2.0219900E-003   3.4970200E-008
2.1172800E-003   3.3726100E-008
2.2170700E-003   3.2230000E-008
2.3215500E-003   3.0850352E-008
2.4309700E-003   2.9477700E-008
2.5455300E-003   2.8032900E-008
2.6655000E-003   2.6876200E-008
2.7911200E-003   2.5510500E-008
2.9226600E-003   2.3932300E-008
3.0604000E-003   2.2765800E-008
3.2046400E-003   2.1735000E-008
3.3556700E-003   2.0156500E-008
3.5138100E-003   1.9202000E-008
3.6794100E-003   1.8105200E-008
3.8528200E-003   1.7038100E-008
4.0344000E-003   1.5921700E-008
4.2245300E-003   1.4756000E-008
4.4236300E-003   1.3829658E-008
4.6321100E-003   1.3028100E-008
4.8504100E-003   1.2037800E-008
5.0790100E-003   1.1097700E-008
5.3183700E-003   1.0362700E-008
5.5690200E-003   9.7149200E-009
5.8314800E-003   9.0624800E-009
6.1063100E-003   8.3414404E-009
6.3940900E-003   7.5953199E-009
6.6954300E-003   6.9963049E-009
7.0109800E-003   6.3894099E-009
7.3414000E-003   5.7884500E-009
7.6873900E-003   5.3154130E-009
8.0496800E-003   4.8680029E-009
8.4290500E-003   4.3701600E-009
8.8263000E-003   3.9583300E-009
9.2422700E-003   3.6180330E-009
9.6778500E-003   3.3045500E-009
1.0133900E-002   3.0342491E-009
1.0611500E-002   2.7187390E-009
1.1111700E-002   2.4568400E-009
1.1635300E-002   2.1910100E-009
1.2183700E-002   1.9968309E-009
1.2757900E-002   1.8171290E-009
1.3359100E-002   1.6420429E-009
1.3988700E-002   1.5047850E-009
1.4648000E-002   1.3693640E-009
1.5338400E-002   1.2187620E-009
1.6061200E-002   1.1039750E-009
1.6818200E-002   9.6905395E-010
1.7610800E-002   8.6788399E-010
1.8440800E-002   7.8965201E-010
1.9309800E-002   7.0447598E-010
2.0219900E-002   6.2505501E-010
2.1172800E-002   5.5849197E-010
2.2170700E-002   5.0589100E-010
2.3215500E-002   4.4411499E-010
 29
 1   2   3   4
 xy
 100
1.0133900E-003   4.9622600E-008
1.0611500E-003   4.9135700E-008
1.1111700E-003   4.8410600E-008
1.1635300E-003   4.7467400E-008
1.2183700E-003   4.6626900E-008
1.2757900E-003   4.5718900E-008
1.3359100E-003   4.4903500E-008
1.3988700E-003   4.3632300E-008
1.4648000E-003   4.2336300E-008
1.5338400E-003   4.1054914E-008
1.6061200E-003   4.0142300E-008
1.6818200E-003   3.8780300E-008
1.7610800E-003   3.7897800E-008
1.8440800E-003   3.6564800E-008
1.9309800E-003   3.5445400E-008
2.0219900E-003   3.4068000E-008
2.1172800E-003   3.2778300E-008
2.2170700E-003   3.1762900E-008
2.3215500E-003   3.0400500E-008
2.4309700E-003   2.9312000E-008
2.5455300E-003   2.7944781E-008
2.6655000E-003   2.6630200E-008
2.7911200E-003   2.5206400E-008
2.9226600E-003   2.4104300E-008
3.0604000E-003   2.2768200E-008
3.2046400E-003   2.1777700E-008
3.3556700E-003   2.0544400E-008
3.5138100E-003   1.9641900E-008
3.6794100E-003   1.8595700E-008
3.8528200E-003   1.7362300E-008
4.0344000E-003   1.6227900E-008
4.2245300E-003   1.5118200E-008
4.4236300E-003   1.4012900E-008
4.6321100E-003   1.3058200E-008
4.8504100E-003   1.2026600E-008
5.0790100E-003   1.1134400E-008
5.3183700E-003   1.0374300E-008
5.5690200E-003   9.5696500E-009
5.8314800E-003   8.9750500E-009
6.1063100E-003   8.2874900E-009
6.3940900E-003   7.6650600E-009
6.6954300E-003   7.0979400E-009
7.0109800E-003   6.4955499E-009
7.3414000E-003   5.8964000E-009
7.6873900E-003   5.4281400E-009
8.0496800E-003   4.9218021E-009
8.4290500E-003   4.5573381E-009
8.8263000E-003   4.1038200E-009
9.2422700E-003   3.7393182E-009
9.6778500E-003   3.4245711E-009
1.0133900E-002   3.1067600E-009
1.0611500E-002   2.8098770E-009
1.1111700E-002   2.5118860E-009
1.1635300E-002   2.2321220E-009
1.2183700E-002   2.0206410E-009
1.2757900E-002   1.8103250E-009
1.3359100E-002   1.6218989E-009
1.3988700E-002   1.4399200E-009
1.4648000E-002   1.2735381E-009
1.5338400E-002   1.1210570E-009
1.6061200E-002   9.9999997E-010
1.6818200E-002   8.9326502E-010
1.7610800E-002   7.8011198E-010
1.8440800E-002   6.8902500E-010
1.9309800E-002   6.0857402E-010
2.0219900E-002   5.2551902E-010
2.1172800E-002   4.5894899E-010
2.2170700E-002   3.9186601E-010
2.3215500E-002   3.3770400E-010
 30
 1   2   3   4
 xy
 100
1.0133900E-003   5.0619000E-008
1.0611500E-003   4.9682800E-008
1.1111700E-003   4.9504200E-008
1.1635300E-003   4.8718200E-008
1.2183700E-003   4.7402300E-008
1.2757900E-003   4.6081700E-008
1.3359100E-003   4.5448400E-008
1.3988700E-003   4.4068700E-008
1.4648000E-003   4.2931800E-008
1.5338400E-003   4.2128900E-008
1.6061200E-003   4.0483700E-008
1.6818200E-003   3.9237700E-008
1.7610800E-003   3.8300300E-008
1.8440800E-003   3.6958200E-008
1.9309800E-003   3.5611700E-008
2.0219900E-003   3.4524500E-008
2.1172800E-003   3.2655800E-008
2.2170700E-003   3.1839800E-008
2.3215500E-003   3.0065000E-008
2.4309700E-003   2.8892446E-008
2.5455300E-003   2.7384800E-008
2.6655000E-003   2.6675700E-008
2.7911200E-003   2.5172300E-008
2.9226600E-003   2.4018100E-008
3.0604000E-003   2.2742600E-008
3.2046400E-003   2.1232300E-008
3.3556700E-003   2.0310000E-008
3.5138100E-003   1.9091300E-008
3.6794100E-003   1.7732400E-008
3.8528200E-003   1.6703100E-008
4.0344000E-003   1.5823200E-008
4.2245300E-003   1.4620200E-008
4.4236300E-003   1.3604900E-008
4.6321100E-003   1.2661600E-008
4.8504100E-003   1.1925000E-008
5.0790100E-003   1.0945900E-008
5.3183700E-003   1.0360593E-008
5.5690200E-003   9.7767847E-009
5.8314800E-003   8.9326520E-009
6.1063100E-003   8.1812663E-009
6.3940900E-003   7.4438029E-009
6.6954300E-003   6.7728152E-009
7.0109800E-003   6.1623111E-009
7.3414000E-003   5.6068372E-009
7.6873900E-003   5.1014339E-009
8.0496800E-003   4.6776232E-009
8.4290500E-003   4.2630739E-009
8.8263000E-003   3.7961652E-009
9.2422700E-003   3.4198340E-009
9.6778500E-003   3.0101590E-009
1.0133900E-002   2.7117479E-009
1.0611500E-002   2.3580280E-009
1.1111700E-002   2.0847191E-009
1.1635300E-002   1.8276990E-009
1.2183700E-002   1.5848930E-009
1.2757900E-002   1.3894950E-009
1.3359100E-002   1.2049040E-009
1.3988700E-002   1.0563540E-009
1.4648000E-002   9.1601998E-010
1.5338400E-002   8.0308599E-010
1.6061200E-002   7.0407502E-010
1.6818200E-002   6.1054001E-010
1.7610800E-002   5.2365801E-010
1.8440800E-002   4.5909701E-010
1.9309800E-002   3.9810699E-010
2.0219900E-002   3.4521899E-010
2.1172800E-002   2.9609301E-010
2.2170700E-002   2.5395799E-010
2.3215500E-002   2.1781900E-010
 31
 1   2   3   4
 xy
 100
1.0133900E-003   5.6077969E-008
1.0611500E-003   5.4844165E-008
1.1111700E-003   5.2782266E-008
1.1635300E-003   5.1066252E-008
1.2183700E-003   4.9953346E-008
1.2757900E-003   4.8329301E-008
1.3359100E-003   4.6009200E-008
1.3988700E-003   4.4437700E-008
1.4648000E-003   4.3048400E-008
1.5338400E-003   4.2059000E-008
1.6061200E-003   4.1071300E-008
1.6818200E-003   3.9707700E-008
1.7610800E-003   3.8270400E-008
1.8440800E-003   3.7204100E-008
1.9309800E-003   3.5578100E-008
2.0219900E-003   3.4853100E-008
2.1172800E-003   3.3598184E-008
2.2170700E-003   3.1955300E-008
2.3215500E-003   3.0492200E-008
2.4309700E-003   2.9194400E-008
2.5455300E-003   2.7869800E-008
2.6655000E-003   2.6655500E-008
2.7911200E-003   2.5199700E-008
2.9226600E-003   2.3877586E-008
3.0604000E-003   2.2577700E-008
3.2046400E-003   2.1341900E-008
3.3556700E-003   2.0352500E-008
3.5138100E-003   1.9106300E-008
3.6794100E-003   1.8040300E-008
3.8528200E-003   1.6841700E-008
4.0344000E-003   1.5883892E-008
4.2245300E-003   1.5022900E-008
4.4236300E-003   1.3940200E-008
4.6321100E-003   1.2962900E-008
4.8504100E-003   1.2054300E-008
5.0790100E-003   1.1048500E-008
5.3183700E-003   1.0149500E-008
5.5690200E-003   9.3716300E-009
5.8314800E-003   8.6829900E-009
6.1063100E-003   8.0557200E-009
6.3940900E-003   7.2679700E-009
6.6954300E-003   6.6707500E-009
7.0109800E-003   6.0983700E-009
7.3414000E-003   5.6529800E-009
7.6873900E-003   5.2203948E-009
8.0496800E-003   4.7068100E-009
8.4290500E-003   4.2787400E-009
8.8263000E-003   3.9635659E-009
9.2422700E-003   3.5719141E-009
9.6778500E-003   3.1810030E-009
1.0133900E-002   2.8267151E-009
1.0611500E-002   2.5677711E-009
1.1111700E-002   2.2848179E-009
1.1635300E-002   1.9841800E-009
1.2183700E-002   1.8128971E-009
1.2757900E-002   1.6059860E-009
1.3359100E-002   1.4367800E-009
1.3988700E-002   1.2758200E-009
1.4648000E-002   1.1339860E-009
1.5338400E-002   9.9709400E-010
1.6061200E-002   8.8184499E-010
1.6818200E-002   7.6731199E-010
1.7610800E-002   6.6522199E-010
1.8440800E-002   5.8090199E-010
1.9309800E-002   5.0415500E-010
2.0219900E-002   4.3473600E-010
2.1172800E-002   3.8337000E-010
2.2170700E-002   3.3280101E-010
2.3215500E-002   2.9347899E-010
 32
 1   2   3   4
 xy
 100
1.0133900E-003   5.1919700E-008
1.0611500E-003   5.1112200E-008
1.1111700E-003   4.9631800E-008
1.1635300E-003   4.9200800E-008
1.2183700E-003   4.8207900E-008
1.2757900E-003   4.6569600E-008
1.3359100E-003   4.5517200E-008
1.3988700E-003   4.4713700E-008
1.4648000E-003   4.3837900E-008
1.5338400E-003   4.2938833E-008
1.6061200E-003   4.1318700E-008
1.6818200E-003   4.0001200E-008
1.7610800E-003   3.8508800E-008
1.8440800E-003   3.7496800E-008
1.9309800E-003   3.6114700E-008
2.0219900E-003   3.4505300E-008
2.1172800E-003   3.3572200E-008
2.2170700E-003   3.1824300E-008
2.3215500E-003   3.0959700E-008
2.4309700E-003   2.9314800E-008
2.5455300E-003   2.8187700E-008
2.6655000E-003   2.6776900E-008
2.7911200E-003   2.5465900E-008
2.9226600E-003   2.4360000E-008
3.0604000E-003   2.3031321E-008
3.2046400E-003   2.1669500E-008
3.3556700E-003   2.0475800E-008
3.5138100E-003   1.9246100E-008
3.6794100E-003   1.8255400E-008
3.8528200E-003   1.6885400E-008
4.0344000E-003   1.5970800E-008
4.2245300E-003   1.5026800E-008
4.4236300E-003   1.4048900E-008
4.6321100E-003   1.2821100E-008
4.8504100E-003   1.1887900E-008
5.0790100E-003   1.0930684E-008
5.3183700E-003   1.0110500E-008
5.5690200E-003   9.4022300E-009
5.8314800E-003   8.7404100E-009
6.1063100E-003   8.0819100E-009
6.3940900E-003   7.2721600E-009
6.6954300E-003   6.7001880E-009
7.0109800E-003   6.1457300E-009
7.3414000E-003   5.7096800E-009
7.6873900E-003   5.1303259E-009
8.0496800E-003   4.6451200E-009
8.4290500E-003   4.1813700E-009
8.8263000E-003   3.7528309E-009
9.2422700E-003   3.3752200E-009
9.6778500E-003   2.9788400E-009
1.0133900E-002   2.6502700E-009
1.0611500E-002   2.3324300E-009
1.1111700E-002   2.1029070E-009
1.1635300E-002   1.8852211E-009
1.2183700E-002   1.6554800E-009
1.2757900E-002   1.4439590E-009
1.3359100E-002   1.2594630E-009
1.3988700E-002   1.0985410E-009
1.4648000E-002   9.5817998E-010
1.5338400E-002   8.3575302E-010
1.6061200E-002   7.2896800E-010
1.6818200E-002   6.2505501E-010
1.7610800E-002   5.3595500E-010
1.8440800E-002   4.6747500E-010
1.9309800E-002   4.0083800E-010
2.0219900E-002   3.4962200E-010
2.1172800E-002   2.9978400E-010
2.2170700E-002   2.5269500E-010
2.3215500E-002   2.1300300E-010
 33
 1   2   3   4
 xy
 100
1.0133900E-003   5.4313200E-008
1.0611500E-003   5.3668900E-008
1.1111700E-003   5.2424900E-008
1.1635300E-003   5.1009600E-008
1.2183700E-003   4.9786600E-008
1.2757900E-003   4.9021800E-008
1.3359100E-003   4.7697400E-008
1.3988700E-003   4.6233000E-008
1.4648000E-003   4.5227500E-008
1.5338400E-003   4.4066700E-008
1.6061200E-003   4.2534700E-008
1.6818200E-003   4.1631100E-008
1.7610800E-003   4.0152900E-008
1.8440800E-003   3.8143800E-008
1.9309800E-003   3.7231000E-008
2.0219900E-003   3.5540591E-008
2.1172800E-003   3.4438200E-008
2.2170700E-003   3.2791100E-008
2.3215500E-003   3.1377000E-008
2.4309700E-003   2.9996300E-008
2.5455300E-003   2.8606800E-008
2.6655000E-003   2.7334400E-008
2.7911200E-003   2.6256300E-008
2.9226600E-003   2.4549200E-008
3.0604000E-003   2.3291800E-008
3.2046400E-003   2.1997600E-008
3.3556700E-003   2.0637000E-008
3.5138100E-003   1.9656700E-008
3.6794100E-003   1.8562700E-008
3.8528200E-003   1.7151600E-008
4.0344000E-003   1.6057200E-008
4.2245300E-003   1.5127800E-008
4.4236300E-003   1.4182700E-008
4.6321100E-003   1.2992100E-008
4.8504100E-003   1.2216773E-008
5.0790100E-003   1.1382400E-008
5.3183700E-003   1.0502300E-008
5.5690200E-003   9.6034300E-009
5.8314800E-003   8.8861600E-009
6.1063100E-003   8.1449900E-009
6.3940900E-003   7.4056850E-009
6.6954300E-003   6.8367700E-009
7.0109800E-003   6.1982708E-009
7.3414000E-003   5.6705241E-009
7.6873900E-003   5.1987400E-009
8.0496800E-003   4.7990958E-009
8.4290500E-003   4.3346700E-009
8.8263000E-003   3.8545300E-009
9.2422700E-003   3.5509200E-009
9.6778500E-003   3.1590000E-009
1.0133900E-002   2.9129800E-009
1.0611500E-002   2.5738600E-009
1.1111700E-002   2.3002480E-009
1.1635300E-002   2.1263999E-009
1.2183700E-002   1.9063091E-009
1.2757900E-002   1.6797940E-009
1.3359100E-002   1.4940290E-009
1.3988700E-002   1.3276300E-009
1.4648000E-002   1.1835850E-009
1.5338400E-002   1.0543600E-009
1.6061200E-002   9.4194597E-010
1.6818200E-002   8.2784402E-010
1.7610800E-002   7.3351197E-010
1.8440800E-002   6.3681599E-010
1.9309800E-002   5.5891197E-010
2.0219900E-002   4.8523302E-010
2.1172800E-002   4.1671100E-010
2.2170700E-002   3.5439501E-010
2.3215500E-002   3.0764799E-010
 34
 1   2   3   4
 xy
 100
1.0133900E-003   5.3283200E-008
1.0611500E-003   5.2326600E-008
1.1111700E-003   5.1412800E-008
1.1635300E-003   5.0242700E-008
1.2183700E-003   4.8750600E-008
1.2757900E-003   4.8023700E-008
1.3359100E-003   4.7248300E-008
1.3988700E-003   4.5660500E-008
1.4648000E-003   4.4411300E-008
1.5338400E-003   4.3547000E-008
1.6061200E-003   4.1956500E-008
1.6818200E-003   4.0559700E-008
1.7610800E-003   3.9798000E-008
1.8440800E-003   3.8067400E-008
1.9309800E-003   3.6643500E-008
2.0219900E-003   3.5607500E-008
2.1172800E-003   3.3766900E-008
2.2170700E-003   3.2725600E-008
2.3215500E-003   3.1163400E-008
2.4309700E-003   3.0189400E-008
2.5455300E-003   2.8734800E-008
2.6655000E-003   2.7486300E-008
2.7911200E-003   2.6064000E-008
2.9226600E-003   2.4810800E-008
3.0604000E-003   2.3343200E-008
3.2046400E-003   2.2057970E-008
3.3556700E-003   2.0771500E-008
3.5138100E-003   1.9723800E-008
3.6794100E-003   1.8481300E-008
3.8528200E-003   1.7144000E-008
4.0344000E-003   1.6204400E-008
4.2245300E-003   1.4998800E-008
4.4236300E-003   1.3929100E-008
4.6321100E-003   1.3163300E-008
4.8504100E-003   1.2042700E-008
5.0790100E-003   1.1118466E-008
5.3183700E-003   1.0299300E-008
5.5690200E-003   9.4116900E-009
5.8314800E-003   8.7528349E-009
6.1063100E-003   8.0533600E-009
6.3940900E-003   7.4258500E-009
6.6954300E-003   6.8473600E-009
7.0109800E-003   6.1917200E-009
7.3414000E-003   5.6336500E-009
7.6873900E-003   5.0452600E-009
8.0496800E-003   4.6117300E-009
8.4290500E-003   4.1825700E-009
8.8263000E-003   3.9038800E-009
9.2422700E-003   3.5111920E-009
9.6778500E-003   3.1838430E-009
1.0133900E-002   2.8557889E-009
1.0611500E-002   2.5719140E-009
1.1111700E-002   2.3562500E-009
1.1635300E-002   2.1524831E-009
1.2183700E-002   1.9372219E-009
1.2757900E-002   1.7626000E-009
1.3359100E-002   1.6037190E-009
1.3988700E-002   1.4591590E-009
1.4648000E-002   1.3052760E-009
1.5338400E-002   1.1581220E-009
1.6061200E-002   1.0238970E-009
1.6818200E-002   8.9209901E-010
1.7610800E-002   7.7765100E-010
1.8440800E-002   6.7974998E-010
1.9309800E-002   5.9014199E-010
2.0219900E-002   5.1234600E-010
2.1172800E-002   4.4480500E-010
2.2170700E-002   3.7739101E-010
2.3215500E-002   3.1747299E-010
 35
 1   2   3   4
 xy
 100
1.0133900E-003   5.4217300E-008
1.0611500E-003   5.2969100E-008
1.1111700E-003   5.2109400E-008
1.1635300E-003   5.1560600E-008
1.2183700E-003   5.0266800E-008
1.2757900E-003   4.8819500E-008
1.3359100E-003   4.7981200E-008
1.3988700E-003   4.6711250E-008
1.4648000E-003   4.5590200E-008
1.5338400E-003   4.3948100E-008
1.6061200E-003   4.2819451E-008
1.6818200E-003   4.1474900E-008
1.7610800E-003   3.9998400E-008
1.8440800E-003   3.9099800E-008
1.9309800E-003   3.7600300E-008
2.0219900E-003   3.6320100E-008
2.1172800E-003   3.5072800E-008
2.2170700E-003   3.3436000E-008
2.3215500E-003   3.2044900E-008
2.4309700E-003   3.0493100E-008
2.5455300E-003   2.9255000E-008
2.6655000E-003   2.7903900E-008
2.7911200E-003   2.6641200E-008
2.9226600E-003   2.5379200E-008
3.0604000E-003   2.3776300E-008
3.2046400E-003   2.2586354E-008
3.3556700E-003   2.1041512E-008
3.5138100E-003   1.9858600E-008
3.6794100E-003   1.8668800E-008
3.8528200E-003   1.7661100E-008
4.0344000E-003   1.6451900E-008
4.2245300E-003   1.5259400E-008
4.4236300E-003   1.4212100E-008
4.6321100E-003   1.3262200E-008
4.8504100E-003   1.2318500E-008
5.0790100E-003   1.1521000E-008
5.3183700E-003   1.0564400E-008
5.5690200E-003   9.6727700E-009
5.8314800E-003   9.0430810E-009
6.1063100E-003   8.3520900E-009
6.3940900E-003   7.5989854E-009
6.6954300E-003   6.9658670E-009
7.0109800E-003   6.3346200E-009
7.3414000E-003   5.7470300E-009
7.6873900E-003   5.1915800E-009
8.0496800E-003   4.6080619E-009
8.4290500E-003   4.1956100E-009
8.8263000E-003   3.7833100E-009
9.2422700E-003   3.3976500E-009
9.6778500E-003   3.0274400E-009
1.0133900E-002   2.7342351E-009
1.0611500E-002   2.4525080E-009
1.1111700E-002   2.1950000E-009
1.1635300E-002   1.9372219E-009
1.2183700E-002   1.7316000E-009
1.2757900E-002   1.5662890E-009
1.3359100E-002   1.4251030E-009
1.3988700E-002   1.2966430E-009
1.4648000E-002   1.1579200E-009
1.5338400E-002   1.0238970E-009
1.6061200E-002   9.1171298E-010
1.6818200E-002   8.0450300E-010
1.7610800E-002   7.1231100E-010
1.8440800E-002   6.4884700E-010
1.9309800E-002   5.7120098E-010
2.0219900E-002   5.1794702E-010
2.1172800E-002   4.5870999E-010
2.2170700E-002   3.9810699E-010
2.3215500E-002   3.4637901E-010
 36
 1   2   3   4
 xy
 100
1.0133900E-003   5.2377900E-008
1.0611500E-003   5.1571500E-008
1.1111700E-003   5.0655300E-008
1.1635300E-003   4.9644300E-008
1.2183700E-003   4.8803100E-008
1.2757900E-003   4.7750200E-008
1.3359100E-003   4.6689900E-008
1.3988700E-003   4.5577000E-008
1.4648000E-003   4.4724300E-008
1.5338400E-003   4.3367900E-008
1.6061200E-003   4.1915000E-008
1.6818200E-003   4.1146700E-008
1.7610800E-003   3.9583800E-008
1.8440800E-003   3.8549900E-008
1.9309800E-003   3.7348400E-008
2.0219900E-003   3.5796600E-008
2.1172800E-003   3.4749600E-008
2.2170700E-003   3.3199900E-008
2.3215500E-003   3.2065900E-008
2.4309700E-003   3.0398400E-008
2.5455300E-003   2.9310800E-008
2.6655000E-003   2.7789500E-008
2.7911200E-003   2.6536821E-008
2.9226600E-003   2.5207400E-008
3.0604000E-003   2.3815100E-008
3.2046400E-003   2.2714700E-008
3.3556700E-003   2.1453100E-008
3.5138100E-003   2.0156000E-008
3.6794100E-003   1.8926200E-008
3.8528200E-003   1.7910400E-008
4.0344000E-003   1.6687200E-008
4.2245300E-003   1.5745863E-008
4.4236300E-003   1.4452400E-008
4.6321100E-003   1.3627800E-008
4.8504100E-003   1.2806723E-008
5.0790100E-003   1.1773200E-008
5.3183700E-003   1.0807700E-008
5.5690200E-003   9.7737800E-009
5.8314800E-003   9.1363400E-009
6.1063100E-003   8.4294000E-009
6.3940900E-003   7.7491800E-009
6.6954300E-003   7.1301700E-009
7.0109800E-003   6.5500400E-009
7.3414000E-003   5.9821801E-009
7.6873900E-003   5.3132400E-009
8.0496800E-003   4.7971900E-009
8.4290500E-003   4.3642090E-009
8.8263000E-003   3.9526800E-009
9.2422700E-003   3.6262400E-009
9.6778500E-003   3.2653400E-009
1.0133900E-002   2.9185769E-009
1.0611500E-002   2.6302700E-009
1.1111700E-002   2.3400799E-009
1.1635300E-002   2.0896800E-009
1.2183700E-002   1.8687301E-009
1.2757900E-002   1.6840120E-009
1.3359100E-002   1.5034730E-009
1.3988700E-002   1.3222700E-009
1.4648000E-002   1.1709700E-009
1.5338400E-002   1.0501500E-009
1.6061200E-002   9.1786500E-010
1.6818200E-002   8.0892898E-010
1.7610800E-002   7.0996897E-010
1.8440800E-002   6.1964000E-010
1.9309800E-002   5.4097299E-010
2.0219900E-002   4.7632398E-010
2.1172800E-002   4.1018899E-010
2.2170700E-002   3.6145401E-010
2.3215500E-002   3.1850900E-010
 37
 1   2   3   4
 xy
 100
1.0133900E-003   5.1456400E-008
1.0611500E-003   5.0994100E-008
1.1111700E-003   5.0080500E-008
1.1635300E-003   4.9194700E-008
1.2183700E-003   4.8453200E-008
1.2757900E-003   4.7854100E-008
1.3359100E-003   4.6736500E-008
1.3988700E-003   4.5563500E-008
1.4648000E-003   4.4461100E-008
1.5338400E-003   4.3159400E-008
1.6061200E-003   4.1630400E-008
1.6818200E-003   4.0553498E-008
1.7610800E-003   3.9571600E-008
1.8440800E-003   3.8042700E-008
1.9309800E-003   3.6772690E-008
2.0219900E-003   3.5501900E-008
2.1172800E-003   3.4342500E-008
2.2170700E-003   3.3051700E-008
2.3215500E-003   3.1955400E-008
2.4309700E-003   3.0566241E-008
2.5455300E-003   2.9108400E-008
2.6655000E-003   2.7564000E-008
2.7911200E-003   2.6249820E-008
2.9226600E-003   2.4869200E-008
3.0604000E-003   2.3770500E-008
3.2046400E-003   2.2523100E-008
3.3556700E-003   2.1173100E-008
3.5138100E-003   2.0249900E-008
3.6794100E-003   1.9053200E-008
3.8528200E-003   1.7940604E-008
4.0344000E-003   1.6707700E-008
4.2245300E-003   1.5575569E-008
4.4236300E-003   1.4534400E-008
4.6321100E-003   1.3559800E-008
4.8504100E-003   1.2531207E-008
5.0790100E-003   1.1523700E-008
5.3183700E-003   1.0710300E-008
5.5690200E-003   9.9501900E-009
5.8314800E-003   9.1582700E-009
6.1063100E-003   8.3573900E-009
6.3940900E-003   7.6820683E-009
6.6954300E-003   7.1190218E-009
7.0109800E-003   6.5258918E-009
7.3414000E-003   5.8963400E-009
7.6873900E-003   5.3481690E-009
8.0496800E-003   4.7907900E-009
8.4290500E-003   4.3796800E-009
8.8263000E-003   3.9711600E-009
9.2422700E-003   3.5111920E-009
9.6778500E-003   3.1810030E-009
1.0133900E-002   2.8942659E-009
1.0611500E-002   2.5719140E-009
1.1111700E-002   2.3400799E-009
1.1635300E-002   2.1488000E-009
1.2183700E-002   1.9051500E-009
1.2757900E-002   1.7334360E-009
1.3359100E-002   1.5577000E-009
1.3988700E-002   1.4251030E-009
1.4648000E-002   1.2663900E-009
1.5338400E-002   1.1339860E-009
1.6061200E-002   1.0161800E-009
1.6818200E-002   8.9209901E-010
1.7610800E-002   7.8997098E-010
1.8440800E-002   6.9130800E-010
1.9309800E-002   6.0899702E-010
2.0219900E-002   5.2853899E-010
2.1172800E-002   4.6747500E-010
2.2170700E-002   4.1220399E-010
2.3215500E-002   3.6573300E-010
 38
 1   2   3   4
 xy
 100
1.0133900E-003   5.4219000E-008
1.0611500E-003   5.3509500E-008
1.1111700E-003   5.2918100E-008
1.1635300E-003   5.1872100E-008
1.2183700E-003   5.0725500E-008
1.2757900E-003   5.0018000E-008
1.3359100E-003   4.8840100E-008
1.3988700E-003   4.7655800E-008
1.4648000E-003   4.6710200E-008
1.5338400E-003   4.6195600E-008
1.6061200E-003   4.4800416E-008
1.6818200E-003   4.3786976E-008
1.7610800E-003   4.2023900E-008
1.8440800E-003   4.0762085E-008
1.9309800E-003   3.8233500E-008
2.0219900E-003   3.7188000E-008
2.1172800E-003   3.5916100E-008
2.2170700E-003   3.4594700E-008
2.3215500E-003   3.2801300E-008
2.4309700E-003   3.1706400E-008
2.5455300E-003   3.0614000E-008
2.6655000E-003   2.9037800E-008
2.7911200E-003   2.7342500E-008
2.9226600E-003   2.5716200E-008
3.0604000E-003   2.4524500E-008
3.2046400E-003   2.3110400E-008
3.3556700E-003   2.2252200E-008
3.5138100E-003   2.0775866E-008
3.6794100E-003   1.9285300E-008
3.8528200E-003   1.8214500E-008
4.0344000E-003   1.7590000E-008
4.2245300E-003   1.6358200E-008
4.4236300E-003   1.5283500E-008
4.6321100E-003   1.4083738E-008
4.8504100E-003   1.3131259E-008
5.0790100E-003   1.2118172E-008
5.3183700E-003   1.1312255E-008
5.5690200E-003   1.0439506E-008
5.8314800E-003   9.4266852E-009
6.1063100E-003   8.6891809E-009
6.3940900E-003   7.9273539E-009
6.6954300E-003   7.2700681E-009
7.0109800E-003   6.6904300E-009
7.3414000E-003   6.0885800E-009
7.6873900E-003   5.6068372E-009
8.0496800E-003   5.1267022E-009
8.4290500E-003   4.6415889E-009
8.8263000E-003   4.2231938E-009
9.2422700E-003   3.8425130E-009
9.6778500E-003   3.4378500E-009
1.0133900E-002   3.1306990E-009
1.0611500E-002   2.7914391E-009
1.1111700E-002   2.5176550E-009
1.1635300E-002   2.2707241E-009
1.2183700E-002   2.0480120E-009
1.2757900E-002   1.8471430E-009
1.3359100E-002   1.6743420E-009
1.3988700E-002   1.5025770E-009
1.4648000E-002   1.3381990E-009
1.5338400E-002   1.2083470E-009
1.6061200E-002   1.0651170E-009
1.6818200E-002   9.6065000E-010
1.7610800E-002   8.4678098E-010
1.8440800E-002   7.6372803E-010
1.9309800E-002   6.7320099E-010
2.0219900E-002   5.9724897E-010
2.1172800E-002   5.2210902E-010
2.2170700E-002   4.6106399E-010
2.3215500E-002   3.9719500E-010
 39
 1   2   3   4
 xy
 100
1.0133900E-003   5.3090800E-008
1.0611500E-003   5.2861100E-008
1.1111700E-003   5.2199900E-008
1.1635300E-003   5.1133800E-008
1.2183700E-003   5.0263800E-008
1.2757900E-003   4.9224500E-008
1.3359100E-003   4.8252200E-008
1.3988700E-003   4.7135000E-008
1.4648000E-003   4.6185600E-008
1.5338400E-003   4.5214700E-008
1.6061200E-003   4.3782400E-008
1.6818200E-003   4.2517500E-008
1.7610800E-003   4.1264045E-008
1.8440800E-003   4.0277300E-008
1.9309800E-003   3.8813500E-008
2.0219900E-003   3.7395500E-008
2.1172800E-003   3.5895200E-008
2.2170700E-003   3.4974400E-008
2.3215500E-003   3.3211800E-008
2.4309700E-003   3.2043300E-008
2.5455300E-003   3.0227200E-008
2.6655000E-003   2.9050400E-008
2.7911200E-003   2.7861600E-008
2.9226600E-003   2.6358500E-008
3.0604000E-003   2.5225000E-008
3.2046400E-003   2.4098783E-008
3.3556700E-003   2.2416900E-008
3.5138100E-003   2.1012000E-008
3.6794100E-003   1.9857600E-008
3.8528200E-003   1.8578100E-008
4.0344000E-003   1.7373200E-008
4.2245300E-003   1.6309100E-008
4.4236300E-003   1.5050600E-008
4.6321100E-003   1.3823000E-008
4.8504100E-003   1.2866100E-008
5.0790100E-003   1.1784900E-008
5.3183700E-003   1.1144900E-008
5.5690200E-003   1.0399959E-008
5.8314800E-003   9.4729100E-009
6.1063100E-003   8.6930614E-009
6.3940900E-003   7.8375400E-009
6.6954300E-003   7.2564800E-009
7.0109800E-003   6.4761700E-009
7.3414000E-003   5.9354400E-009
7.6873900E-003   5.3203200E-009
8.0496800E-003   4.9288400E-009
8.4290500E-003   4.4881578E-009
8.8263000E-003   4.0576311E-009
9.2422700E-003   3.7290300E-009
9.6778500E-003   3.3435100E-009
1.0133900E-002   2.9687500E-009
1.0611500E-002   2.6478800E-009
1.1111700E-002   2.3960021E-009
1.1635300E-002   2.1189100E-009
1.2183700E-002   1.8939661E-009
1.2757900E-002   1.7253380E-009
1.3359100E-002   1.5418220E-009
1.3988700E-002   1.3990500E-009
1.4648000E-002   1.2559090E-009
1.5338400E-002   1.1139740E-009
1.6061200E-002   9.9999997E-010
1.6818200E-002   8.9768698E-010
1.7610800E-002   7.9410500E-010
1.8440800E-002   7.0964001E-010
1.9309800E-002   6.3415800E-010
2.0219900E-002   5.6036897E-010
2.1172800E-002   4.9516502E-010
2.2170700E-002   4.4249601E-010
2.3215500E-002   3.8663500E-010
 40
 1   2   3   4
 xy
 100
1.0133900E-003   5.0994500E-008
1.0611500E-003   5.0303100E-008
1.1111700E-003   4.9966700E-008
1.1635300E-003   4.9531600E-008
1.2183700E-003   4.8383600E-008
1.2757900E-003   4.7380900E-008
1.3359100E-003   4.7188100E-008
1.3988700E-003   4.5952600E-008
1.4648000E-003   4.5133728E-008
1.5338400E-003   4.4273700E-008
1.6061200E-003   4.3121700E-008
1.6818200E-003   4.1564400E-008
1.7610800E-003   4.0630300E-008
1.8440800E-003   3.9672400E-008
1.9309800E-003   3.8139900E-008
2.0219900E-003   3.7057900E-008
2.1172800E-003   3.5630400E-008
2.2170700E-003   3.4107252E-008
2.3215500E-003   3.2826200E-008
2.4309700E-003   3.1730000E-008
2.5455300E-003   3.0241200E-008
2.6655000E-003   2.9131100E-008
2.7911200E-003   2.8191725E-008
2.9226600E-003   2.6857600E-008
3.0604000E-003   2.5417600E-008
3.2046400E-003   2.3854000E-008
3.3556700E-003   2.2468400E-008
3.5138100E-003   2.0990100E-008
3.6794100E-003   1.9697174E-008
3.8528200E-003   1.8557700E-008
4.0344000E-003   1.7274100E-008
4.2245300E-003   1.6285600E-008
4.4236300E-003   1.5255200E-008
4.6321100E-003   1.4294500E-008
4.8504100E-003   1.3421100E-008
5.0790100E-003   1.2202200E-008
5.3183700E-003   1.1327500E-008
5.5690200E-003   1.0323300E-008
5.8314800E-003   9.6956300E-009
6.1063100E-003   8.9902397E-009
6.3940900E-003   8.1278504E-009
6.6954300E-003   7.4488300E-009
7.0109800E-003   6.8704149E-009
7.3414000E-003   6.1623111E-009
7.6873900E-003   5.6068372E-009
8.0496800E-003   5.1014339E-009
8.4290500E-003   4.5332560E-009
8.8263000E-003   4.0283590E-009
9.2422700E-003   3.5796961E-009
9.6778500E-003   3.2068801E-009
1.0133900E-002   2.9129900E-009
1.0611500E-002   2.5806300E-009
1.1111700E-002   2.2528200E-009
1.1635300E-002   1.9835169E-009
1.2183700E-002   1.7626000E-009
1.2757900E-002   1.5662890E-009
1.3359100E-002   1.3918410E-009
1.3988700E-002   1.2461290E-009
1.4648000E-002   1.0988940E-009
1.5338400E-002   9.9999997E-010
1.6061200E-002   8.8184499E-010
1.6818200E-002   7.7765100E-010
1.7610800E-002   6.7507400E-010
1.8440800E-002   5.8401400E-010
1.9309800E-002   5.0872700E-010
2.0219900E-002   4.3641801E-010
2.1172800E-002   3.8151199E-010
2.2170700E-002   3.2979799E-010
2.3215500E-002   2.8191699E-010
 41
 1   2   3   4
 xy
 100
1.0133900E-003   4.8567900E-008
1.0611500E-003   4.7981600E-008
1.1111700E-003   4.7970100E-008
1.1635300E-003   4.7495100E-008
1.2183700E-003   4.6852600E-008
1.2757900E-003   4.5894400E-008
1.3359100E-003   4.5612400E-008
1.3988700E-003   4.5322000E-008
1.4648000E-003   4.4281919E-008
1.5338400E-003   4.2909300E-008
1.6061200E-003   4.1941263E-008
1.6818200E-003   4.0887700E-008
1.7610800E-003   4.0107300E-008
1.8440800E-003   3.9180800E-008
1.9309800E-003   3.7707600E-008
2.0219900E-003   3.6894800E-008
2.1172800E-003   3.5417300E-008
2.2170700E-003   3.4290800E-008
2.3215500E-003   3.2887200E-008
2.4309700E-003   3.1622776E-008
2.5455300E-003   3.0206000E-008
2.6655000E-003   2.9092300E-008
2.7911200E-003   2.7950900E-008
2.9226600E-003   2.6774100E-008
3.0604000E-003   2.5068500E-008
3.2046400E-003   2.3764200E-008
3.3556700E-003   2.2792300E-008
3.5138100E-003   2.1582800E-008
3.6794100E-003   2.0184200E-008
3.8528200E-003   1.9015500E-008
4.0344000E-003   1.7938100E-008
4.2245300E-003   1.6840200E-008
4.4236300E-003   1.5854000E-008
4.6321100E-003   1.4697800E-008
4.8504100E-003   1.3704100E-008
5.0790100E-003   1.2584400E-008
5.3183700E-003   1.1834300E-008
5.5690200E-003   1.0686900E-008
5.8314800E-003   1.0019900E-008
6.1063100E-003   9.1677794E-009
6.3940900E-003   8.3140250E-009
6.6954300E-003   7.6221154E-009
7.0109800E-003   6.9717700E-009
7.3414000E-003   6.2465900E-009
7.6873900E-003   5.6719100E-009
8.0496800E-003   5.2606800E-009
8.4290500E-003   4.7525099E-009
8.8263000E-003   4.2213600E-009
9.2422700E-003   3.8281000E-009
9.6778500E-003   3.4074010E-009
1.0133900E-002   3.0676600E-009
1.0611500E-002   2.7607410E-009
1.1111700E-002   2.4632549E-009
1.1635300E-002   2.1800250E-009
1.2183700E-002   1.8980251E-009
1.2757900E-002   1.6812840E-009
1.3359100E-002   1.4686700E-009
1.3988700E-002   1.3094400E-009
1.4648000E-002   1.1797630E-009
1.5338400E-002   1.0483659E-009
1.6061200E-002   9.3906605E-010
1.6818200E-002   8.2784402E-010
1.7610800E-002   7.3026601E-010
1.8440800E-002   6.3393901E-010
1.9309800E-002   5.5031901E-010
2.0219900E-002   4.8529603E-010
2.1172800E-002   4.2795600E-010
2.2170700E-002   3.7739101E-010
2.3215500E-002   3.3026901E-010
