 41
 Wed Sep 04 11:11:25 2019
 1
 1   2   3   4
 xy
 100
1.0133900E-003   7.1440716E-008
1.0611500E-003   6.7668836E-008
1.1111700E-003   6.4795223E-008
1.1635300E-003   6.1374202E-008
1.2183700E-003   5.8767899E-008
1.2757900E-003   5.5673300E-008
1.3359100E-003   5.4149600E-008
1.3988700E-003   5.1145100E-008
1.4648000E-003   4.9072100E-008
1.5338400E-003   4.6778600E-008
1.6061200E-003   4.4569700E-008
1.6818200E-003   4.2391700E-008
1.7610800E-003   4.0190100E-008
1.8440800E-003   3.8273800E-008
1.9309800E-003   3.6522000E-008
2.0219900E-003   3.4459400E-008
2.1172800E-003   3.3002400E-008
2.2170700E-003   3.1264356E-008
2.3215500E-003   2.9870847E-008
2.4309700E-003   2.8103685E-008
2.5455300E-003   2.6115800E-008
2.6655000E-003   2.4401100E-008
2.7911200E-003   2.2714600E-008
2.9226600E-003   2.1763800E-008
3.0604000E-003   2.0336200E-008
3.2046400E-003   1.8730700E-008
3.3556700E-003   1.7610200E-008
3.5138100E-003   1.6337740E-008
3.6794100E-003   1.5472700E-008
3.8528200E-003   1.4486300E-008
4.0344000E-003   1.3277400E-008
4.2245300E-003   1.2358300E-008
4.4236300E-003   1.1451900E-008
4.6321100E-003   1.0510700E-008
4.8504100E-003   9.8119433E-009
5.0790100E-003   9.1083200E-009
5.3183700E-003   8.4304100E-009
5.5690200E-003   7.7956700E-009
5.8314800E-003   7.2796300E-009
6.1063100E-003   6.7120491E-009
6.3940900E-003   6.1861000E-009
6.6954300E-003   5.6902500E-009
7.0109800E-003   5.1966900E-009
7.3414000E-003   4.7433968E-009
7.6873900E-003   4.3048400E-009
8.0496800E-003   3.9445300E-009
8.4290500E-003   3.5008900E-009
8.8263000E-003   3.2098020E-009
9.2422700E-003   2.9197560E-009
9.6778500E-003   2.6652780E-009
1.0133900E-002   2.3881761E-009
1.0611500E-002   2.1486000E-009
1.1111700E-002   1.9487341E-009
1.1635300E-002   1.7359540E-009
1.2183700E-002   1.5602610E-009
1.2757900E-002   1.3938550E-009
1.3359100E-002   1.2466110E-009
1.3988700E-002   1.1198480E-009
1.4648000E-002   1.0180330E-009
1.5338400E-002   9.0368202E-010
1.6061200E-002   8.2152002E-010
1.6818200E-002   7.4682899E-010
1.7610800E-002   6.7088701E-010
1.8440800E-002   6.0266703E-010
1.9309800E-002   5.3497201E-010
2.0219900E-002   4.8633297E-010
2.1172800E-002   4.3688000E-010
2.2170700E-002   3.9245601E-010
2.3215500E-002   3.5677400E-010
 2
 1   2   3   4
 xy
 100
1.0133900E-003   7.1855389E-008
1.0611500E-003   6.8004226E-008
1.1111700E-003   6.4359469E-008
1.1635300E-003   6.1584821E-008
1.2183700E-003   5.8679300E-008
1.2757900E-003   5.6274700E-008
1.3359100E-003   5.3994700E-008
1.3988700E-003   5.2702700E-008
1.4648000E-003   4.9881200E-008
1.5338400E-003   4.7079700E-008
1.6061200E-003   4.4742237E-008
1.6818200E-003   4.3142400E-008
1.7610800E-003   4.0573100E-008
1.8440800E-003   3.9201385E-008
1.9309800E-003   3.7100349E-008
2.0219900E-003   3.4848900E-008
2.1172800E-003   3.2722877E-008
2.2170700E-003   3.1159700E-008
2.3215500E-003   3.0093236E-008
2.4309700E-003   2.8168309E-008
2.5455300E-003   2.6953925E-008
2.6655000E-003   2.5352300E-008
2.7911200E-003   2.4315300E-008
2.9226600E-003   2.2713600E-008
3.0604000E-003   2.1136300E-008
3.2046400E-003   1.9673500E-008
3.3556700E-003   1.8738174E-008
3.5138100E-003   1.7347402E-008
3.6794100E-003   1.6237767E-008
3.8528200E-003   1.5328200E-008
4.0344000E-003   1.4625800E-008
4.2245300E-003   1.3647300E-008
4.4236300E-003   1.2631800E-008
4.6321100E-003   1.1796966E-008
4.8504100E-003   1.0841800E-008
5.0790100E-003   1.0199800E-008
5.3183700E-003   9.5542809E-009
5.5690200E-003   8.8586676E-009
5.8314800E-003   8.0715300E-009
6.1063100E-003   7.5092759E-009
6.3940900E-003   6.9804200E-009
6.6954300E-003   6.5946300E-009
7.0109800E-003   6.1730000E-009
7.3414000E-003   5.7645519E-009
7.6873900E-003   5.3366991E-009
8.0496800E-003   4.8864699E-009
8.4290500E-003   4.5237898E-009
8.8263000E-003   4.1421409E-009
9.2422700E-003   3.7100349E-009
9.6778500E-003   3.3970391E-009
1.0133900E-002   3.0956520E-009
1.0611500E-002   2.7896170E-009
1.1111700E-002   2.5131000E-009
1.1635300E-002   2.2209290E-009
1.2183700E-002   1.9816631E-009
1.2757900E-002   1.7981510E-009
1.3359100E-002   1.6020850E-009
1.3988700E-002   1.4238540E-009
1.4648000E-002   1.2750700E-009
1.5338400E-002   1.1229950E-009
1.6061200E-002   9.9999997E-010
1.6818200E-002   9.0415297E-010
1.7610800E-002   8.0308599E-010
1.8440800E-002   7.1331602E-010
1.9309800E-002   6.4113498E-010
2.0219900E-002   5.7625898E-010
2.1172800E-002   5.1184401E-010
2.2170700E-002   4.5463000E-010
2.3215500E-002   4.1349801E-010
 3
 1   2   3   4
 xy
 100
1.0133900E-003   6.7652600E-008
1.0611500E-003   6.5327800E-008
1.1111700E-003   6.3555700E-008
1.1635300E-003   6.1275000E-008
1.2183700E-003   5.9226900E-008
1.2757900E-003   5.6387200E-008
1.3359100E-003   5.4714300E-008
1.3988700E-003   5.3126900E-008
1.4648000E-003   5.0021300E-008
1.5338400E-003   4.7570900E-008
1.6061200E-003   4.6011300E-008
1.6818200E-003   4.3730300E-008
1.7610800E-003   4.1629200E-008
1.8440800E-003   3.9772700E-008
1.9309800E-003   3.7688300E-008
2.0219900E-003   3.5795700E-008
2.1172800E-003   3.3572400E-008
2.2170700E-003   3.1884700E-008
2.3215500E-003   3.0266700E-008
2.4309700E-003   2.8687600E-008
2.5455300E-003   2.6526400E-008
2.6655000E-003   2.5265900E-008
2.7911200E-003   2.3750700E-008
2.9226600E-003   2.2532800E-008
3.0604000E-003   2.0819800E-008
3.2046400E-003   1.9680300E-008
3.3556700E-003   1.8371500E-008
3.5138100E-003   1.7292979E-008
3.6794100E-003   1.6241400E-008
3.8528200E-003   1.5339062E-008
4.0344000E-003   1.3942800E-008
4.2245300E-003   1.3127900E-008
4.4236300E-003   1.2138400E-008
4.6321100E-003   1.1214800E-008
4.8504100E-003   1.0563900E-008
5.0790100E-003   9.6446800E-009
5.3183700E-003   9.0647100E-009
5.5690200E-003   8.3312477E-009
5.8314800E-003   7.7851600E-009
6.1063100E-003   7.0002800E-009
6.3940900E-003   6.4709600E-009
6.6954300E-003   5.9575509E-009
7.0109800E-003   5.4106600E-009
7.3414000E-003   4.9404552E-009
7.6873900E-003   4.4759738E-009
8.0496800E-003   4.0461878E-009
8.4290500E-003   3.6536800E-009
8.8263000E-003   3.3714029E-009
9.2422700E-003   3.0898739E-009
9.6778500E-003   2.8023400E-009
1.0133900E-002   2.5633500E-009
1.0611500E-002   2.3245379E-009
1.1111700E-002   2.1262500E-009
1.1635300E-002   1.9299600E-009
1.2183700E-002   1.7283180E-009
1.2757900E-002   1.5679300E-009
1.3359100E-002   1.3943720E-009
1.3988700E-002   1.2560590E-009
1.4648000E-002   1.1335430E-009
1.5338400E-002   1.0388860E-009
1.6061200E-002   9.3160302E-010
1.6818200E-002   8.5380902E-010
1.7610800E-002   7.7402901E-010
1.8440800E-002   6.9409700E-010
1.9309800E-002   6.2523398E-010
2.0219900E-002   5.7044403E-010
2.1172800E-002   5.1381499E-010
2.2170700E-002   4.6881998E-010
2.3215500E-002   4.2040599E-010
 4
 1   2   3   4
 xy
 100
1.0133900E-003   6.7375000E-008
1.0611500E-003   6.5323100E-008
1.1111700E-003   6.3237400E-008
1.1635300E-003   6.1398000E-008
1.2183700E-003   5.8166700E-008
1.2757900E-003   5.6936000E-008
1.3359100E-003   5.5033600E-008
1.3988700E-003   5.1838600E-008
1.4648000E-003   5.0048833E-008
1.5338400E-003   4.7771400E-008
1.6061200E-003   4.5897900E-008
1.6818200E-003   4.3444200E-008
1.7610800E-003   4.1247700E-008
1.8440800E-003   3.9805600E-008
1.9309800E-003   3.7006200E-008
2.0219900E-003   3.5236200E-008
2.1172800E-003   3.3484859E-008
2.2170700E-003   3.1666936E-008
2.3215500E-003   2.9915800E-008
2.4309700E-003   2.8484800E-008
2.5455300E-003   2.6698800E-008
2.6655000E-003   2.4593500E-008
2.7911200E-003   2.3256700E-008
2.9226600E-003   2.1777500E-008
3.0604000E-003   2.0706600E-008
3.2046400E-003   1.9593916E-008
3.3556700E-003   1.8517500E-008
3.5138100E-003   1.7336800E-008
3.6794100E-003   1.6143600E-008
3.8528200E-003   1.5156749E-008
4.0344000E-003   1.3707100E-008
4.2245300E-003   1.2613900E-008
4.4236300E-003   1.1736100E-008
4.6321100E-003   1.0929100E-008
4.8504100E-003   1.0140529E-008
5.0790100E-003   9.5438300E-009
5.3183700E-003   8.9575600E-009
5.5690200E-003   8.2944549E-009
5.8314800E-003   7.6709377E-009
6.1063100E-003   7.1037092E-009
6.3940900E-003   6.5798400E-009
6.6954300E-003   6.0677872E-009
7.0109800E-003   5.5086000E-009
7.3414000E-003   5.0752158E-009
7.6873900E-003   4.6207500E-009
8.0496800E-003   4.2174800E-009
8.4290500E-003   3.9066800E-009
8.8263000E-003   3.5039220E-009
9.2422700E-003   3.1985301E-009
9.6778500E-003   2.9102200E-009
1.0133900E-002   2.6194400E-009
1.0611500E-002   2.3755140E-009
1.1111700E-002   2.1484301E-009
1.1635300E-002   1.9369959E-009
1.2183700E-002   1.7283180E-009
1.2757900E-002   1.5421220E-009
1.3359100E-002   1.3746170E-009
1.3988700E-002   1.2277470E-009
1.4648000E-002   1.0873360E-009
1.5338400E-002   9.5542796E-010
1.6061200E-002   8.5249702E-010
1.6818200E-002   7.4351098E-010
1.7610800E-002   6.6340999E-010
1.8440800E-002   5.8189997E-010
1.9309800E-002   5.0462701E-010
2.0219900E-002   4.4512799E-010
2.1172800E-002   3.9368700E-010
2.2170700E-002   3.3672301E-010
2.3215500E-002   2.9781000E-010
 5
 1   2   3   4
 xy
 100
1.0133900E-003   6.7298900E-008
1.0611500E-003   6.5148200E-008
1.1111700E-003   6.3205500E-008
1.1635300E-003   6.1327800E-008
1.2183700E-003   5.8529400E-008
1.2757900E-003   5.6417800E-008
1.3359100E-003   5.4439000E-008
1.3988700E-003   5.1646900E-008
1.4648000E-003   4.9369800E-008
1.5338400E-003   4.7484500E-008
1.6061200E-003   4.5116900E-008
1.6818200E-003   4.2632900E-008
1.7610800E-003   4.1137000E-008
1.8440800E-003   3.9045400E-008
1.9309800E-003   3.6748000E-008
2.0219900E-003   3.5729100E-008
2.1172800E-003   3.3860783E-008
2.2170700E-003   3.1848700E-008
2.3215500E-003   2.9947710E-008
2.4309700E-003   2.7696458E-008
2.5455300E-003   2.6139200E-008
2.6655000E-003   2.4784300E-008
2.7911200E-003   2.3142800E-008
2.9226600E-003   2.1844400E-008
3.0604000E-003   2.0542300E-008
3.2046400E-003   1.9078800E-008
3.3556700E-003   1.7919808E-008
3.5138100E-003   1.6773400E-008
3.6794100E-003   1.5844900E-008
3.8528200E-003   1.4822078E-008
4.0344000E-003   1.3567600E-008
4.2245300E-003   1.2710100E-008
4.4236300E-003   1.1781400E-008
4.6321100E-003   1.0927100E-008
4.8504100E-003   1.0094100E-008
5.0790100E-003   9.2823900E-009
5.3183700E-003   8.7460500E-009
5.5690200E-003   7.9750800E-009
5.8314800E-003   7.3983000E-009
6.1063100E-003   6.6346528E-009
6.3940900E-003   6.1239000E-009
6.6954300E-003   5.6187400E-009
7.0109800E-003   5.2099300E-009
7.3414000E-003   4.7281400E-009
7.6873900E-003   4.3768900E-009
8.0496800E-003   4.0340000E-009
8.4290500E-003   3.6307810E-009
8.8263000E-003   3.3063200E-009
9.2422700E-003   3.0004500E-009
9.6778500E-003   2.7343700E-009
1.0133900E-002   2.4839999E-009
1.0611500E-002   2.2465450E-009
1.1111700E-002   2.0273589E-009
1.1635300E-002   1.8357800E-009
1.2183700E-002   1.6484400E-009
1.2757900E-002   1.5073630E-009
1.3359100E-002   1.3595400E-009
1.3988700E-002   1.2279250E-009
1.4648000E-002   1.1062200E-009
1.5338400E-002   9.9272800E-010
1.6061200E-002   8.7216400E-010
1.6818200E-002   7.6449800E-010
1.7610800E-002   6.7070399E-010
1.8440800E-002   5.9326499E-010
1.9309800E-002   5.2758597E-010
2.0219900E-002   4.7062300E-010
2.1172800E-002   4.2216100E-010
2.2170700E-002   3.7716399E-010
2.3215500E-002   3.3932199E-010
 6
 1   2   3   4
 xy
 100
1.0133900E-003   6.7525700E-008
1.0611500E-003   6.4820900E-008
1.1111700E-003   6.1883900E-008
1.1635300E-003   5.9883100E-008
1.2183700E-003   5.8718700E-008
1.2757900E-003   5.7051200E-008
1.3359100E-003   5.4684900E-008
1.3988700E-003   5.2065700E-008
1.4648000E-003   4.9845200E-008
1.5338400E-003   4.7833500E-008
1.6061200E-003   4.6598007E-008
1.6818200E-003   4.4011315E-008
1.7610800E-003   4.1570500E-008
1.8440800E-003   3.9114100E-008
1.9309800E-003   3.6673843E-008
2.0219900E-003   3.5000394E-008
2.1172800E-003   3.2757150E-008
2.2170700E-003   3.0888437E-008
2.3215500E-003   2.9470517E-008
2.4309700E-003   2.8117688E-008
2.5455300E-003   2.6652785E-008
2.6655000E-003   2.4890843E-008
2.7911200E-003   2.3384500E-008
2.9226600E-003   2.2229965E-008
3.0604000E-003   2.0769100E-008
3.2046400E-003   1.9816627E-008
3.3556700E-003   1.8882000E-008
3.5138100E-003   1.7817800E-008
3.6794100E-003   1.6332900E-008
3.8528200E-003   1.5096800E-008
4.0344000E-003   1.3911500E-008
4.2245300E-003   1.3159300E-008
4.4236300E-003   1.2478700E-008
4.6321100E-003   1.1445700E-008
4.8504100E-003   1.0488300E-008
5.0790100E-003   9.8373400E-009
5.3183700E-003   9.2227800E-009
5.5690200E-003   8.6451500E-009
5.8314800E-003   7.9614120E-009
6.1063100E-003   7.4351050E-009
6.3940900E-003   6.9435910E-009
6.6954300E-003   6.3384080E-009
7.0109800E-003   5.8939729E-009
7.3414000E-003   5.4286748E-009
7.6873900E-003   5.0591971E-009
8.0496800E-003   4.7148658E-009
8.4290500E-003   4.3019299E-009
8.8263000E-003   3.9269858E-009
9.2422700E-003   3.6673840E-009
9.6778500E-003   3.3535921E-009
1.0133900E-002   3.0559659E-009
1.0611500E-002   2.7267391E-009
1.1111700E-002   2.4512200E-009
1.1635300E-002   2.2481200E-009
1.2183700E-002   2.0741100E-009
1.2757900E-002   1.9081490E-009
1.3359100E-002   1.7283180E-009
1.3988700E-002   1.5444560E-009
1.4648000E-002   1.4059151E-009
1.5338400E-002   1.2648550E-009
1.6061200E-002   1.1207399E-009
1.6818200E-002   9.7746000E-010
1.7610800E-002   8.5249702E-010
1.8440800E-002   7.5431200E-010
1.9309800E-002   6.4845701E-010
2.0219900E-002   5.6898702E-010
2.1172800E-002   4.9325299E-010
2.2170700E-002   4.3019299E-010
2.3215500E-002   3.7519499E-010
 7
 1   2   3   4
 xy
 100
1.0133900E-003   7.3679544E-008
1.0611500E-003   7.1968564E-008
1.1111700E-003   6.9476307E-008
1.1635300E-003   6.5512857E-008
1.2183700E-003   6.2505521E-008
1.2757900E-003   6.0340966E-008
1.3359100E-003   5.8251366E-008
1.3988700E-003   5.4928272E-008
1.4648000E-003   5.2406815E-008
1.5338400E-003   4.9588800E-008
1.6061200E-003   4.7148664E-008
1.6818200E-003   4.6053781E-008
1.7610800E-003   4.2919343E-008
1.8440800E-003   4.0470901E-008
1.9309800E-003   3.8530600E-008
2.0219900E-003   3.6410320E-008
2.1172800E-003   3.5015400E-008
2.2170700E-003   3.3261000E-008
2.3215500E-003   3.1996468E-008
2.4309700E-003   2.9818775E-008
2.5455300E-003   2.8786156E-008
2.6655000E-003   2.6826958E-008
2.7911200E-003   2.5296545E-008
2.9226600E-003   2.3299519E-008
3.0604000E-003   2.1768600E-008
3.2046400E-003   2.0179000E-008
3.3556700E-003   1.8476900E-008
3.5138100E-003   1.7226700E-008
3.6794100E-003   1.5998587E-008
3.8528200E-003   1.4733870E-008
4.0344000E-003   1.3449708E-008
4.2245300E-003   1.2560586E-008
4.4236300E-003   1.1730241E-008
4.6321100E-003   1.0954788E-008
4.8504100E-003   9.9806400E-009
5.0790100E-003   9.3389279E-009
5.3183700E-003   8.4990700E-009
5.5690200E-003   7.9614120E-009
5.8314800E-003   7.3679551E-009
6.1063100E-003   6.7870829E-009
6.3940900E-003   6.1955410E-009
6.6954300E-003   5.6320900E-009
7.0109800E-003   5.1794751E-009
7.3414000E-003   4.7148658E-009
7.6873900E-003   4.2919339E-009
8.0496800E-003   3.8739000E-009
8.4290500E-003   3.5847221E-009
8.8263000E-003   3.3195000E-009
9.2422700E-003   3.0559659E-009
9.6778500E-003   2.8117690E-009
1.0133900E-002   2.5464819E-009
1.0611500E-002   2.3027400E-009
1.1111700E-002   2.1158600E-009
1.1635300E-002   1.9081490E-009
1.2183700E-002   1.7283180E-009
1.2757900E-002   1.5776830E-009
1.3359100E-002   1.4225290E-009
1.3988700E-002   1.2704800E-009
1.4648000E-002   1.1207399E-009
1.5338400E-002   9.9999997E-010
1.6061200E-002   8.9966701E-010
1.6818200E-002   8.1450002E-010
1.7610800E-002   7.2675199E-010
1.8440800E-002   6.4845701E-010
1.9309800E-002   5.8251398E-010
2.0219900E-002   5.4034799E-010
2.1172800E-002   4.9325299E-010
2.2170700E-002   4.4247600E-010
2.3215500E-002   4.0175399E-010
 8
 1   2   3   4
 xy
 100
1.0133900E-003   7.6190332E-008
1.0611500E-003   7.2670929E-008
1.1111700E-003   6.8499403E-008
1.1635300E-003   6.6112321E-008
1.2183700E-003   6.3058444E-008
1.2757900E-003   5.9528100E-008
1.3359100E-003   5.6817000E-008
1.3988700E-003   5.3438743E-008
1.4648000E-003   5.1082000E-008
1.5338400E-003   4.9194064E-008
1.6061200E-003   4.6370179E-008
1.6818200E-003   4.3877500E-008
1.7610800E-003   4.1689404E-008
1.8440800E-003   4.0715154E-008
1.9309800E-003   3.8360500E-008
2.0219900E-003   3.5749785E-008
2.1172800E-003   3.3756600E-008
2.2170700E-003   3.2343100E-008
2.3215500E-003   3.0886600E-008
2.4309700E-003   2.9056700E-008
2.5455300E-003   2.7237880E-008
2.6655000E-003   2.6157600E-008
2.7911200E-003   2.4759800E-008
2.9226600E-003   2.2867200E-008
3.0604000E-003   2.0999453E-008
3.2046400E-003   1.9617500E-008
3.3556700E-003   1.8506604E-008
3.5138100E-003   1.7485400E-008
3.6794100E-003   1.6369400E-008
3.8528200E-003   1.5081129E-008
4.0344000E-003   1.4215428E-008
4.2245300E-003   1.3116000E-008
4.4236300E-003   1.2190900E-008
4.6321100E-003   1.1320600E-008
4.8504100E-003   1.0790800E-008
5.0790100E-003   9.7603800E-009
5.3183700E-003   9.1126600E-009
5.5690200E-003   8.3328224E-009
5.8314800E-003   7.6868947E-009
6.1063100E-003   6.9931470E-009
6.3940900E-003   6.3384080E-009
6.6954300E-003   5.7747400E-009
7.0109800E-003   5.2654769E-009
7.3414000E-003   4.7339608E-009
7.6873900E-003   4.3019299E-009
8.0496800E-003   3.9269858E-009
8.4290500E-003   3.5847221E-009
8.8263000E-003   3.3477461E-009
9.2422700E-003   2.9870850E-009
9.6778500E-003   2.7480480E-009
1.0133900E-002   2.4890840E-009
1.0611500E-002   2.2209290E-009
1.1111700E-002   2.0273589E-009
1.1635300E-002   1.8089470E-009
1.2183700E-002   1.6512840E-009
1.2757900E-002   1.4733870E-009
1.3359100E-002   1.3146551E-009
1.3988700E-002   1.1465840E-009
1.4648000E-002   1.0299990E-009
1.5338400E-002   8.9375701E-010
1.6061200E-002   7.9409301E-010
1.6818200E-002   7.0554301E-010
1.7610800E-002   6.3432298E-010
1.8440800E-002   5.5696497E-010
1.9309800E-002   5.0074300E-010
2.0219900E-002   4.4490500E-010
2.1172800E-002   3.9529299E-010
2.2170700E-002   3.4708500E-010
2.3215500E-002   3.0475700E-010
 9
 1   2   3   4
 xy
 100
1.0133900E-003   7.7135610E-008
1.0611500E-003   7.4567403E-008
1.1111700E-003   7.0475672E-008
1.1635300E-003   6.6608465E-008
1.2183700E-003   6.3668054E-008
1.2757900E-003   6.0692500E-008
1.3359100E-003   5.8170912E-008
1.3988700E-003   5.4978905E-008
1.4648000E-003   5.2428200E-008
1.5338400E-003   5.0802178E-008
1.6061200E-003   4.8014513E-008
1.6818200E-003   4.5159400E-008
1.7610800E-003   4.3080500E-008
1.8440800E-003   4.1418300E-008
1.9309800E-003   3.9210400E-008
2.0219900E-003   3.7271100E-008
2.1172800E-003   3.5060700E-008
2.2170700E-003   3.3703300E-008
2.3215500E-003   3.1334400E-008
2.4309700E-003   2.9770000E-008
2.5455300E-003   2.8247523E-008
2.6655000E-003   2.6644300E-008
2.7911200E-003   2.5232529E-008
2.9226600E-003   2.3323300E-008
3.0604000E-003   2.1976400E-008
3.2046400E-003   2.0657200E-008
3.3556700E-003   1.9148600E-008
3.5138100E-003   1.7782794E-008
3.6794100E-003   1.6711700E-008
3.8528200E-003   1.5355873E-008
4.0344000E-003   1.4350358E-008
4.2245300E-003   1.3260168E-008
4.4236300E-003   1.2523700E-008
4.6321100E-003   1.1450476E-008
4.8504100E-003   1.0580588E-008
5.0790100E-003   9.6670529E-009
5.3183700E-003   8.9255400E-009
5.5690200E-003   8.1987400E-009
5.8314800E-003   7.5413826E-009
6.1063100E-003   6.8765000E-009
6.3940900E-003   6.2246892E-009
6.6954300E-003   5.6967800E-009
7.0109800E-003   5.2551878E-009
7.3414000E-003   4.8434700E-009
7.6873900E-003   4.4366870E-009
8.0496800E-003   4.0792100E-009
8.4290500E-003   3.7456691E-009
8.8263000E-003   3.3838550E-009
9.2422700E-003   3.0633700E-009
9.6778500E-003   2.7894000E-009
1.0133900E-002   2.5518949E-009
1.0611500E-002   2.3580280E-009
1.1111700E-002   2.1219380E-009
1.1635300E-002   1.8933359E-009
1.2183700E-002   1.6893620E-009
1.2757900E-002   1.5183520E-009
1.3359100E-002   1.3449710E-009
1.3988700E-002   1.1972200E-009
1.4648000E-002   1.0707870E-009
1.5338400E-002   9.5542796E-010
1.6061200E-002   8.5249702E-010
1.6818200E-002   7.4567402E-010
1.7610800E-002   6.5121702E-010
1.8440800E-002   5.6872501E-010
1.9309800E-002   4.9668197E-010
2.0219900E-002   4.3376500E-010
2.1172800E-002   3.6673800E-010
2.2170700E-002   3.1267899E-010
2.3215500E-002   2.7000499E-010
 10
 1   2   3   4
 xy
 100
1.0133900E-003   7.8011183E-008
1.0611500E-003   7.3730483E-008
1.1111700E-003   6.9684674E-008
1.1635300E-003   6.6608465E-008
1.2183700E-003   6.4390754E-008
1.2757900E-003   6.0437300E-008
1.3359100E-003   5.7589600E-008
1.3988700E-003   5.6234132E-008
1.4648000E-003   5.3430300E-008
1.5338400E-003   5.0946300E-008
1.6061200E-003   4.9110739E-008
1.6818200E-003   4.6415888E-008
1.7610800E-003   4.3706300E-008
1.8440800E-003   4.1461696E-008
1.9309800E-003   3.9358500E-008
2.0219900E-003   3.7056200E-008
2.1172800E-003   3.5705900E-008
2.2170700E-003   3.3246900E-008
2.3215500E-003   3.1056400E-008
2.4309700E-003   2.9793900E-008
2.5455300E-003   2.7616998E-008
2.6655000E-003   2.6047300E-008
2.7911200E-003   2.4643300E-008
2.9226600E-003   2.2891400E-008
3.0604000E-003   2.1544347E-008
3.2046400E-003   2.0133607E-008
3.3556700E-003   1.9057200E-008
3.5138100E-003   1.8188794E-008
3.6794100E-003   1.6869200E-008
3.8528200E-003   1.5884750E-008
4.0344000E-003   1.4401769E-008
4.2245300E-003   1.3562912E-008
4.4236300E-003   1.2277471E-008
4.6321100E-003   1.1465842E-008
4.8504100E-003   1.0579700E-008
5.0790100E-003   9.5164500E-009
5.3183700E-003   8.6352419E-009
5.5690200E-003   7.8011180E-009
5.8314800E-003   7.0360300E-009
6.1063100E-003   6.4992900E-009
6.3940900E-003   5.8831220E-009
6.6954300E-003   5.4034772E-009
7.0109800E-003   4.8559530E-009
7.3414000E-003   4.4011319E-009
7.6873900E-003   4.0065100E-009
8.0496800E-003   3.6209580E-009
8.4290500E-003   3.2531200E-009
8.8263000E-003   2.9865800E-009
9.2422700E-003   2.6397851E-009
9.6778500E-003   2.3707400E-009
1.0133900E-002   2.0741100E-009
1.0611500E-002   1.8370000E-009
1.1111700E-002   1.6140640E-009
1.1635300E-002   1.4251030E-009
1.2183700E-002   1.2277470E-009
1.2757900E-002   1.0822150E-009
1.3359100E-002   9.3451902E-010
1.3988700E-002   7.9163898E-010
1.4648000E-002   6.9120598E-010
1.5338400E-002   6.1268002E-010
1.6061200E-002   5.2694799E-010
1.6818200E-002   4.5321200E-010
1.7610800E-002   3.8979400E-010
1.8440800E-002   3.3524999E-010
1.9309800E-002   2.9271699E-010
2.0219900E-002   2.5175700E-010
2.1172800E-002   2.1328900E-010
2.2170700E-002   1.8069900E-010
2.3215500E-002   1.5530199E-010
 11
 1   2   3   4
 xy
 100
1.0133900E-003   7.6269856E-008
1.0611500E-003   7.2902949E-008
1.1111700E-003   6.9684674E-008
1.1635300E-003   6.6608465E-008
1.2183700E-003   6.3952600E-008
1.2757900E-003   6.0644000E-008
1.3359100E-003   5.8779400E-008
1.3988700E-003   5.5602975E-008
1.4648000E-003   5.3533300E-008
1.5338400E-003   5.1466000E-008
1.6061200E-003   4.9110739E-008
1.6818200E-003   4.6415888E-008
1.7610800E-003   4.4158900E-008
1.8440800E-003   4.1542700E-008
1.9309800E-003   4.0519600E-008
2.0219900E-003   3.8059200E-008
2.1172800E-003   3.6024800E-008
2.2170700E-003   3.4187900E-008
2.3215500E-003   3.2474100E-008
2.4309700E-003   3.0909200E-008
2.5455300E-003   2.8892446E-008
2.6655000E-003   2.7227700E-008
2.7911200E-003   2.5518947E-008
2.9226600E-003   2.4392421E-008
3.0604000E-003   2.2539339E-008
3.2046400E-003   2.0984500E-008
3.3556700E-003   1.9610000E-008
3.5138100E-003   1.8188794E-008
3.6794100E-003   1.6807000E-008
3.8528200E-003   1.5452800E-008
4.0344000E-003   1.4371700E-008
4.2245300E-003   1.3333700E-008
4.4236300E-003   1.2391882E-008
4.6321100E-003   1.1711903E-008
4.8504100E-003   1.0785200E-008
5.0790100E-003   9.9999999E-009
5.3183700E-003   9.1284287E-009
5.5690200E-003   8.3477341E-009
5.8314800E-003   7.6269862E-009
6.1063100E-003   6.9435910E-009
6.3940900E-003   6.4273600E-009
6.6954300E-003   5.7859708E-009
7.0109800E-003   5.2816822E-009
7.3414000E-003   4.7792600E-009
7.6873900E-003   4.3376538E-009
8.0496800E-003   3.9186570E-009
8.4290500E-003   3.5401331E-009
8.8263000E-003   3.1288500E-009
9.2422700E-003   2.8247520E-009
9.6778500E-003   2.5464819E-009
1.0133900E-002   2.2935600E-009
1.0611500E-002   2.0328500E-009
1.1111700E-002   1.8188790E-009
1.1635300E-002   1.6140640E-009
1.2183700E-002   1.4513000E-009
1.2757900E-002   1.2850230E-009
1.3359100E-002   1.1730240E-009
1.3988700E-002   1.0466510E-009
1.4648000E-002   9.3389296E-010
1.5338400E-002   8.1450002E-010
1.6061200E-002   7.1275602E-010
1.6818200E-002   6.1955402E-010
1.7610800E-002   5.4034799E-010
1.8440800E-002   4.7742200E-010
1.9309800E-002   4.1101900E-010
2.0219900E-002   3.5608599E-010
2.1172800E-002   3.0167699E-010
2.2170700E-002   2.5808600E-010
2.3215500E-002   2.2036201E-010
 12
 1   2   3   4
 xy
 100
1.0133900E-003   7.0029400E-008
1.0611500E-003   6.8720800E-008
1.1111700E-003   6.6416100E-008
1.1635300E-003   6.3965500E-008
1.2183700E-003   6.2126600E-008
1.2757900E-003   6.0024600E-008
1.3359100E-003   5.8170912E-008
1.3988700E-003   5.5048800E-008
1.4648000E-003   5.2937300E-008
1.5338400E-003   5.0723600E-008
1.6061200E-003   4.8286400E-008
1.6818200E-003   4.6578600E-008
1.7610800E-003   4.4582500E-008
1.8440800E-003   4.2889692E-008
1.9309800E-003   4.0116400E-008
2.0219900E-003   3.7982500E-008
2.1172800E-003   3.5927800E-008
2.2170700E-003   3.4083700E-008
2.3215500E-003   3.2484900E-008
2.4309700E-003   3.0545200E-008
2.5455300E-003   2.8887700E-008
2.6655000E-003   2.7252300E-008
2.7911200E-003   2.6017600E-008
2.9226600E-003   2.3957000E-008
3.0604000E-003   2.2652600E-008
3.2046400E-003   2.1180400E-008
3.3556700E-003   1.9884900E-008
3.5138100E-003   1.8464500E-008
3.6794100E-003   1.7545600E-008
3.8528200E-003   1.6162100E-008
4.0344000E-003   1.4908000E-008
4.2245300E-003   1.3918000E-008
4.4236300E-003   1.3039800E-008
4.6321100E-003   1.2085300E-008
4.8504100E-003   1.1092800E-008
5.0790100E-003   1.0349300E-008
5.3183700E-003   9.6670529E-009
5.5690200E-003   8.8323944E-009
5.8314800E-003   8.1896800E-009
6.1063100E-003   7.5413826E-009
6.3940900E-003   6.9435900E-009
6.6954300E-003   6.3384080E-009
7.0109800E-003   5.8170908E-009
7.3414000E-003   5.2551878E-009
7.6873900E-003   4.7475610E-009
8.0496800E-003   4.3376538E-009
8.4290500E-003   3.8746748E-009
8.8263000E-003   3.4677700E-009
9.2422700E-003   3.1399200E-009
9.6778500E-003   2.8892451E-009
1.0133900E-002   2.6645300E-009
1.0611500E-002   2.3847950E-009
1.1111700E-002   2.1708690E-009
1.1635300E-002   1.9816631E-009
1.2183700E-002   1.7662500E-009
1.2757900E-002   1.5776830E-009
1.3359100E-002   1.4028500E-009
1.3988700E-002   1.2126000E-009
1.4648000E-002   1.0707870E-009
1.5338400E-002   9.5542796E-010
1.6061200E-002   8.3328200E-010
1.6818200E-002   7.3416501E-010
1.7610800E-002   6.2664500E-010
1.8440800E-002   5.4034799E-010
1.9309800E-002   4.5894899E-010
2.0219900E-002   3.9269901E-010
2.1172800E-002   3.3477501E-010
2.2170700E-002   2.8539399E-010
2.3215500E-002   2.4428001E-010
 13
 1   2   3   4
 xy
 100
1.0133900E-003   7.2738600E-008
1.0611500E-003   7.0696200E-008
1.1111700E-003   6.8107800E-008
1.1635300E-003   6.6133000E-008
1.2183700E-003   6.3229700E-008
1.2757900E-003   6.0744400E-008
1.3359100E-003   5.8822300E-008
1.3988700E-003   5.5934800E-008
1.4648000E-003   5.3560800E-008
1.5338400E-003   5.1535200E-008
1.6061200E-003   4.8938700E-008
1.6818200E-003   4.6411400E-008
1.7610800E-003   4.3868912E-008
1.8440800E-003   4.1856400E-008
1.9309800E-003   3.9631381E-008
2.0219900E-003   3.7825400E-008
2.1172800E-003   3.6175400E-008
2.2170700E-003   3.4033400E-008
2.3215500E-003   3.1908700E-008
2.4309700E-003   2.9887541E-008
2.5455300E-003   2.8506500E-008
2.6655000E-003   2.6697499E-008
2.7911200E-003   2.5189600E-008
2.9226600E-003   2.3656900E-008
3.0604000E-003   2.2352000E-008
3.2046400E-003   2.0706100E-008
3.3556700E-003   1.9317500E-008
3.5138100E-003   1.8192200E-008
3.6794100E-003   1.7190722E-008
3.8528200E-003   1.5854200E-008
4.0344000E-003   1.4502600E-008
4.2245300E-003   1.3473000E-008
4.4236300E-003   1.2516500E-008
4.6321100E-003   1.1728400E-008
4.8504100E-003   1.0850100E-008
5.0790100E-003   1.0066800E-008
5.3183700E-003   9.2403036E-009
5.5690200E-003   8.4424912E-009
5.8314800E-003   7.7866600E-009
6.1063100E-003   7.1275652E-009
6.3940900E-003   6.6608461E-009
6.6954300E-003   5.9499019E-009
7.0109800E-003   5.4978901E-009
7.3414000E-003   4.8956800E-009
7.6873900E-003   4.3614500E-009
8.0496800E-003   3.9713200E-009
8.4290500E-003   3.5889800E-009
8.8263000E-003   3.2344760E-009
9.2422700E-003   2.9428600E-009
9.6778500E-003   2.6397851E-009
1.0133900E-002   2.3719200E-009
1.0611500E-002   2.1708690E-009
1.1111700E-002   1.9369959E-009
1.1635300E-002   1.7283180E-009
1.2183700E-002   1.5073630E-009
1.2757900E-002   1.3410600E-009
1.3359100E-002   1.1754200E-009
1.3988700E-002   1.0230600E-009
1.4648000E-002   9.0187400E-010
1.5338400E-002   7.9614099E-010
1.6061200E-002   6.9435901E-010
1.6818200E-002   6.0857402E-010
1.7610800E-002   5.2816801E-010
1.8440800E-002   4.5026199E-010
1.9309800E-002   3.8746800E-010
2.0219900E-002   3.2722899E-010
2.1172800E-002   2.8539399E-010
2.2170700E-002   2.3781399E-010
2.3215500E-002   1.9816600E-010
 14
 1   2   3   4
 xy
 100
1.0133900E-003   7.4178800E-008
1.0611500E-003   7.1611500E-008
1.1111700E-003   6.9475600E-008
1.1635300E-003   6.6476900E-008
1.2183700E-003   6.4183300E-008
1.2757900E-003   6.1345200E-008
1.3359100E-003   5.9091100E-008
1.3988700E-003   5.6680700E-008
1.4648000E-003   5.3809700E-008
1.5338400E-003   5.1560900E-008
1.6061200E-003   4.9577000E-008
1.6818200E-003   4.7090200E-008
1.7610800E-003   4.5080500E-008
1.8440800E-003   4.2678600E-008
1.9309800E-003   4.0125500E-008
2.0219900E-003   3.8311867E-008
2.1172800E-003   3.5937600E-008
2.2170700E-003   3.4299300E-008
2.3215500E-003   3.2344758E-008
2.4309700E-003   3.0509700E-008
2.5455300E-003   2.8640300E-008
2.6655000E-003   2.7199200E-008
2.7911200E-003   2.5251100E-008
2.9226600E-003   2.4015000E-008
3.0604000E-003   2.2459600E-008
3.2046400E-003   2.0968800E-008
3.3556700E-003   1.9723500E-008
3.5138100E-003   1.8215700E-008
3.6794100E-003   1.7007000E-008
3.8528200E-003   1.5884750E-008
4.0344000E-003   1.4677993E-008
4.2245300E-003   1.3796200E-008
4.4236300E-003   1.2726300E-008
4.6321100E-003   1.1681900E-008
4.8504100E-003   1.0877500E-008
5.0790100E-003   1.0009100E-008
5.3183700E-003   9.2403036E-009
5.5690200E-003   8.4049300E-009
5.8314800E-003   7.8315400E-009
6.1063100E-003   7.2005700E-009
6.3940900E-003   6.6608461E-009
6.6954300E-003   5.9499019E-009
7.0109800E-003   5.4034772E-009
7.3414000E-003   4.9850600E-009
7.6873900E-003   4.5026209E-009
8.0496800E-003   4.0996340E-009
8.4290500E-003   3.7036290E-009
8.8263000E-003   3.3838550E-009
9.2422700E-003   3.0555200E-009
9.6778500E-003   2.7267391E-009
1.0133900E-002   2.4817600E-009
1.0611500E-002   2.2484700E-009
1.1111700E-002   2.0133610E-009
1.1635300E-002   1.8395260E-009
1.2183700E-002   1.6512840E-009
1.2757900E-002   1.5183520E-009
1.3359100E-002   1.3557800E-009
1.3988700E-002   1.1979300E-009
1.4648000E-002   1.0711500E-009
1.5338400E-002   9.6670505E-010
1.6061200E-002   8.5249702E-010
1.6818200E-002   7.4000300E-010
1.7610800E-002   6.5121702E-010
1.8440800E-002   5.8170901E-010
1.9309800E-002   5.0802201E-010
2.0219900E-002   4.5026199E-010
2.1172800E-002   3.9631401E-010
2.2170700E-002   3.5004000E-010
2.3215500E-002   3.0916900E-010
 15
 1   2   3   4
 xy
 100
1.0133900E-003   7.3176300E-008
1.0611500E-003   7.1254000E-008
1.1111700E-003   6.8115300E-008
1.1635300E-003   6.5172100E-008
1.2183700E-003   6.3474800E-008
1.2757900E-003   6.1310200E-008
1.3359100E-003   5.8577800E-008
1.3988700E-003   5.5934500E-008
1.4648000E-003   5.4000400E-008
1.5338400E-003   5.1725800E-008
1.6061200E-003   4.9364600E-008
1.6818200E-003   4.7175500E-008
1.7610800E-003   4.4692300E-008
1.8440800E-003   4.2499300E-008
1.9309800E-003   4.0762000E-008
2.0219900E-003   3.8390300E-008
2.1172800E-003   3.6705500E-008
2.2170700E-003   3.4234600E-008
2.3215500E-003   3.2699500E-008
2.4309700E-003   3.0819400E-008
2.5455300E-003   2.9168100E-008
2.6655000E-003   2.7147400E-008
2.7911200E-003   2.5518947E-008
2.9226600E-003   2.4111600E-008
3.0604000E-003   2.2455400E-008
3.2046400E-003   2.1258600E-008
3.3556700E-003   1.9473900E-008
3.5138100E-003   1.8390500E-008
3.6794100E-003   1.7190722E-008
3.8528200E-003   1.6065060E-008
4.0344000E-003   1.4837700E-008
4.2245300E-003   1.3712300E-008
4.4236300E-003   1.2726700E-008
4.6321100E-003   1.1899700E-008
4.8504100E-003   1.1051100E-008
5.0790100E-003   1.0228311E-008
5.3183700E-003   9.3522900E-009
5.5690200E-003   8.7215577E-009
5.8314800E-003   8.1450002E-009
6.1063100E-003   7.4351050E-009
6.3940900E-003   6.8902550E-009
6.6954300E-003   6.3384080E-009
7.0109800E-003   5.7081500E-009
7.3414000E-003   5.2016300E-009
7.6873900E-003   4.7196000E-009
8.0496800E-003   4.3019299E-009
8.4290500E-003   3.9269858E-009
8.8263000E-003   3.5401331E-009
9.2422700E-003   3.1264360E-009
9.6778500E-003   2.7930480E-009
1.0133900E-002   2.4890840E-009
1.0611500E-002   2.2209290E-009
1.1111700E-002   1.9907631E-009
1.1635300E-002   1.7681731E-009
1.2183700E-002   1.5884750E-009
1.2757900E-002   1.4077149E-009
1.3359100E-002   1.2560590E-009
1.3988700E-002   1.1369400E-009
1.4648000E-002   1.0036900E-009
1.5338400E-002   9.1284302E-010
1.6061200E-002   8.1531400E-010
1.6818200E-002   7.4535600E-010
1.7610800E-002   6.5860900E-010
1.8440800E-002   5.9499000E-010
1.9309800E-002   5.2816801E-010
2.0219900E-002   4.7126703E-010
2.1172800E-002   4.2049600E-010
2.2170700E-002   3.7456699E-010
2.3215500E-002   3.3458800E-010
 16
 1   2   3   4
 xy
 100
1.0133900E-003   7.3396400E-008
1.0611500E-003   7.0639700E-008
1.1111700E-003   6.8466400E-008
1.1635300E-003   6.6040700E-008
1.2183700E-003   6.3611600E-008
1.2757900E-003   6.1154100E-008
1.3359100E-003   5.8733700E-008
1.3988700E-003   5.6643200E-008
1.4648000E-003   5.3935400E-008
1.5338400E-003   5.1716400E-008
1.6061200E-003   4.9447400E-008
1.6818200E-003   4.6948800E-008
1.7610800E-003   4.4544900E-008
1.8440800E-003   4.2639200E-008
1.9309800E-003   4.0336500E-008
2.0219900E-003   3.8727500E-008
2.1172800E-003   3.6277100E-008
2.2170700E-003   3.4358400E-008
2.3215500E-003   3.2541200E-008
2.4309700E-003   3.1065000E-008
2.5455300E-003   2.9552092E-008
2.6655000E-003   2.7342500E-008
2.7911200E-003   2.5748900E-008
2.9226600E-003   2.4241800E-008
3.0604000E-003   2.2730900E-008
3.2046400E-003   2.1192300E-008
3.3556700E-003   2.0012900E-008
3.5138100E-003   1.8603400E-008
3.6794100E-003   1.7255100E-008
3.8528200E-003   1.6065060E-008
4.0344000E-003   1.4934000E-008
4.2245300E-003   1.3886500E-008
4.4236300E-003   1.3111339E-008
4.6321100E-003   1.1979298E-008
4.8504100E-003   1.1137500E-008
5.0790100E-003   1.0174100E-008
5.3183700E-003   9.4825400E-009
5.5690200E-003   8.7332621E-009
5.8314800E-003   8.0697999E-009
6.1063100E-003   7.3210400E-009
6.3940900E-003   6.6374100E-009
6.6954300E-003   6.1822700E-009
7.0109800E-003   5.7109900E-009
7.3414000E-003   5.2353300E-009
7.6873900E-003   4.8014521E-009
8.0496800E-003   4.4366870E-009
8.4290500E-003   3.9634100E-009
8.8263000E-003   3.6530600E-009
9.2422700E-003   3.2722880E-009
9.6778500E-003   2.9870850E-009
1.0133900E-002   2.7066100E-009
1.0611500E-002   2.4392419E-009
1.1111700E-002   2.1708690E-009
1.1635300E-002   1.9072400E-009
1.2183700E-002   1.7104600E-009
1.2757900E-002   1.5215000E-009
1.3359100E-002   1.3417130E-009
1.3988700E-002   1.1465840E-009
1.4648000E-002   1.0075660E-009
1.5338400E-002   8.7973800E-010
1.6061200E-002   7.6812801E-010
1.6818200E-002   6.7067801E-010
1.7610800E-002   5.9499000E-010
1.8440800E-002   5.1906401E-010
1.9309800E-002   4.5321200E-010
2.0219900E-002   3.9631401E-010
2.1172800E-002   3.4611100E-010
2.2170700E-002   3.0167699E-010
2.3215500E-002   2.5946301E-010
 17
 1   2   3   4
 xy
 100
1.0133900E-003   7.8011183E-008
1.0611500E-003   7.6269856E-008
1.1111700E-003   7.2084710E-008
1.1635300E-003   6.8902551E-008
1.2183700E-003   6.5860867E-008
1.2757900E-003   6.1951100E-008
1.3359100E-003   5.8608300E-008
1.3988700E-003   5.6234132E-008
1.4648000E-003   5.3236400E-008
1.5338400E-003   5.1919300E-008
1.6061200E-003   4.9392400E-008
1.6818200E-003   4.6876400E-008
1.7610800E-003   4.4599600E-008
1.8440800E-003   4.2785000E-008
1.9309800E-003   4.0367900E-008
2.0219900E-003   3.8311867E-008
2.1172800E-003   3.6365500E-008
2.2170700E-003   3.4222658E-008
2.3215500E-003   3.2177400E-008
2.4309700E-003   3.0758000E-008
2.5455300E-003   2.9552092E-008
2.6655000E-003   2.7307033E-008
2.7911200E-003   2.5518947E-008
2.9226600E-003   2.3884900E-008
3.0604000E-003   2.2539339E-008
3.2046400E-003   2.1021800E-008
3.3556700E-003   1.9757400E-008
3.5138100E-003   1.8578200E-008
3.6794100E-003   1.7369000E-008
3.8528200E-003   1.5934500E-008
4.0344000E-003   1.5009700E-008
4.2245300E-003   1.4139500E-008
4.4236300E-003   1.2961500E-008
4.6321100E-003   1.2065300E-008
4.8504100E-003   1.1013600E-008
5.0790100E-003   1.0154600E-008
5.3183700E-003   9.3947700E-009
5.5690200E-003   8.4750900E-009
5.8314800E-003   7.7819617E-009
6.1063100E-003   7.0847400E-009
6.3940900E-003   6.4741500E-009
6.6954300E-003   5.9499019E-009
7.0109800E-003   5.4223400E-009
7.3414000E-003   4.9668198E-009
7.6873900E-003   4.5379820E-009
8.0496800E-003   4.1932329E-009
8.4290500E-003   3.7881871E-009
8.8263000E-003   3.4150800E-009
9.2422700E-003   3.0834900E-009
9.6778500E-003   2.7719500E-009
1.0133900E-002   2.5414400E-009
1.0611500E-002   2.3564900E-009
1.1111700E-002   2.1050900E-009
1.1635300E-002   1.8807100E-009
1.2183700E-002   1.6807000E-009
1.2757900E-002   1.5192500E-009
1.3359100E-002   1.3449710E-009
1.3988700E-002   1.2169900E-009
1.4648000E-002   1.0945000E-009
1.5338400E-002   9.9999997E-010
1.6061200E-002   8.9326502E-010
1.6818200E-002   7.8896700E-010
1.7610800E-002   7.0475698E-010
1.8440800E-002   6.2953498E-010
1.9309800E-002   5.5603000E-010
2.0219900E-002   4.9668197E-010
2.1172800E-002   4.3019299E-010
2.2170700E-002   3.7519499E-010
2.3215500E-002   3.2722899E-010
 18
 1   2   3   4
 xy
 100
1.0133900E-003   7.4106900E-008
1.0611500E-003   7.1569400E-008
1.1111700E-003   6.9093400E-008
1.1635300E-003   6.6909300E-008
1.2183700E-003   6.4164900E-008
1.2757900E-003   6.1079000E-008
1.3359100E-003   5.9314200E-008
1.3988700E-003   5.6964400E-008
1.4648000E-003   5.4307300E-008
1.5338400E-003   5.2250600E-008
1.6061200E-003   4.9718100E-008
1.6818200E-003   4.7157900E-008
1.7610800E-003   4.4888300E-008
1.8440800E-003   4.2841200E-008
1.9309800E-003   4.0996341E-008
2.0219900E-003   3.8311867E-008
2.1172800E-003   3.6491300E-008
2.2170700E-003   3.4828700E-008
2.3215500E-003   3.2391100E-008
2.4309700E-003   3.0569907E-008
2.5455300E-003   2.8776300E-008
2.6655000E-003   2.7307033E-008
2.7911200E-003   2.5621900E-008
2.9226600E-003   2.4242700E-008
3.0604000E-003   2.2649100E-008
3.2046400E-003   2.1080900E-008
3.3556700E-003   1.9646700E-008
3.5138100E-003   1.8395259E-008
3.6794100E-003   1.7278000E-008
3.8528200E-003   1.5999700E-008
4.0344000E-003   1.4809200E-008
4.2245300E-003   1.3872568E-008
4.4236300E-003   1.2921700E-008
4.6321100E-003   1.1831600E-008
4.8504100E-003   1.1031300E-008
5.0790100E-003   9.9809100E-009
5.3183700E-003   9.2636300E-009
5.5690200E-003   8.5414400E-009
5.8314800E-003   7.9614120E-009
6.1063100E-003   7.1828500E-009
6.3940900E-003   6.5860868E-009
6.6954300E-003   6.0103600E-009
7.0109800E-003   5.4978901E-009
7.3414000E-003   5.0694200E-009
7.6873900E-003   4.5599300E-009
8.0496800E-003   4.1221600E-009
8.4290500E-003   3.7881871E-009
8.8263000E-003   3.4615400E-009
9.2422700E-003   3.1391100E-009
9.6778500E-003   2.8539451E-009
1.0133900E-002   2.5740000E-009
1.0611500E-002   2.2807300E-009
1.1111700E-002   2.0593280E-009
1.1635300E-002   1.8506600E-009
1.2183700E-002   1.6618360E-009
1.2757900E-002   1.5139300E-009
1.3359100E-002   1.3449710E-009
1.3988700E-002   1.2000800E-009
1.4648000E-002   1.0707870E-009
1.5338400E-002   9.6301600E-010
1.6061200E-002   8.5249702E-010
1.6818200E-002   7.6065598E-010
1.7610800E-002   6.7283200E-010
1.8440800E-002   5.9499000E-010
1.9309800E-002   5.1906401E-010
2.0219900E-002   4.5321200E-010
2.1172800E-002   4.0081199E-010
2.2170700E-002   3.5401301E-010
2.3215500E-002   3.0916900E-010
 19
 1   2   3   4
 xy
 100
1.0133900E-003   7.3712700E-008
1.0611500E-003   7.1443000E-008
1.1111700E-003   6.8289900E-008
1.1635300E-003   6.5945200E-008
1.2183700E-003   6.3926800E-008
1.2757900E-003   6.1476200E-008
1.3359100E-003   5.8767300E-008
1.3988700E-003   5.6148900E-008
1.4648000E-003   5.4108300E-008
1.5338400E-003   5.1812400E-008
1.6061200E-003   4.9640900E-008
1.6818200E-003   4.7314800E-008
1.7610800E-003   4.5103300E-008
1.8440800E-003   4.2831300E-008
1.9309800E-003   4.0896900E-008
2.0219900E-003   3.8520300E-008
2.1172800E-003   3.6860800E-008
2.2170700E-003   3.4580600E-008
2.3215500E-003   3.3002700E-008
2.4309700E-003   3.0711900E-008
2.5455300E-003   2.8892446E-008
2.6655000E-003   2.7176800E-008
2.7911200E-003   2.5799800E-008
2.9226600E-003   2.4320900E-008
3.0604000E-003   2.2996300E-008
3.2046400E-003   2.1518500E-008
3.3556700E-003   2.0203300E-008
3.5138100E-003   1.8643900E-008
3.6794100E-003   1.7488500E-008
3.8528200E-003   1.6261400E-008
4.0344000E-003   1.5180500E-008
4.2245300E-003   1.3951200E-008
4.4236300E-003   1.2978000E-008
4.6321100E-003   1.2031700E-008
4.8504100E-003   1.1069236E-008
5.0790100E-003   1.0178700E-008
5.3183700E-003   9.3451922E-009
5.5690200E-003   8.5434100E-009
5.8314800E-003   7.9673400E-009
6.1063100E-003   7.2469800E-009
6.3940900E-003   6.7246000E-009
6.6954300E-003   6.1622800E-009
7.0109800E-003   5.6872449E-009
7.3414000E-003   5.1626330E-009
7.6873900E-003   4.7414100E-009
8.0496800E-003   4.3376538E-009
8.4290500E-003   3.8384000E-009
8.8263000E-003   3.5004000E-009
9.2422700E-003   3.1622780E-009
9.6778500E-003   2.8892451E-009
1.0133900E-002   2.5820300E-009
1.0611500E-002   2.3580280E-009
1.1111700E-002   2.0989600E-009
1.1635300E-002   1.9096500E-009
1.2183700E-002   1.7283180E-009
1.2757900E-002   1.5421220E-009
1.3359100E-002   1.3449710E-009
1.3988700E-002   1.2000740E-009
1.4648000E-002   1.0822150E-009
1.5338400E-002   9.5542796E-010
1.6061200E-002   8.3328200E-010
1.6818200E-002   7.2902900E-010
1.7610800E-002   6.2953498E-010
1.8440800E-002   5.4978899E-010
1.9309800E-002   4.7126703E-010
2.0219900E-002   4.1553400E-010
2.1172800E-002   3.6209599E-010
2.2170700E-002   3.1264399E-010
2.3215500E-002   2.7257100E-010
 20
 1   2   3   4
 xy
 100
1.0133900E-003   7.3038500E-008
1.0611500E-003   7.0711500E-008
1.1111700E-003   6.8593700E-008
1.1635300E-003   6.5841700E-008
1.2183700E-003   6.3457500E-008
1.2757900E-003   6.1126400E-008
1.3359100E-003   5.8663400E-008
1.3988700E-003   5.5956700E-008
1.4648000E-003   5.3958500E-008
1.5338400E-003   5.2133800E-008
1.6061200E-003   4.9314400E-008
1.6818200E-003   4.6978600E-008
1.7610800E-003   4.5122400E-008
1.8440800E-003   4.2620500E-008
1.9309800E-003   4.0947200E-008
2.0219900E-003   3.8573700E-008
2.1172800E-003   3.6923700E-008
2.2170700E-003   3.4845200E-008
2.3215500E-003   3.2595200E-008
2.4309700E-003   3.1258400E-008
2.5455300E-003   2.9224900E-008
2.6655000E-003   2.7482200E-008
2.7911200E-003   2.5717800E-008
2.9226600E-003   2.4323100E-008
3.0604000E-003   2.2721428E-008
3.2046400E-003   2.1302538E-008
3.3556700E-003   2.0109500E-008
3.5138100E-003   1.8849600E-008
3.6794100E-003   1.7560800E-008
3.8528200E-003   1.6226600E-008
4.0344000E-003   1.5143800E-008
4.2245300E-003   1.4087600E-008
4.4236300E-003   1.3124000E-008
4.6321100E-003   1.2047800E-008
4.8504100E-003   1.1255200E-008
5.0790100E-003   1.0359000E-008
5.3183700E-003   9.5925800E-009
5.5690200E-003   8.8323944E-009
5.8314800E-003   8.0783300E-009
6.1063100E-003   7.3739800E-009
6.3940900E-003   6.8498400E-009
6.6954300E-003   6.3794000E-009
7.0109800E-003   5.8290200E-009
7.3414000E-003   5.2520300E-009
7.6873900E-003   4.7475610E-009
8.0496800E-003   4.2636800E-009
8.4290500E-003   3.9485000E-009
8.8263000E-003   3.6256100E-009
9.2422700E-003   3.2722880E-009
9.6778500E-003   2.9449500E-009
1.0133900E-002   2.6499400E-009
1.0611500E-002   2.4469400E-009
1.1111700E-002   2.2304600E-009
1.1635300E-002   2.0593280E-009
1.2183700E-002   1.8815240E-009
1.2757900E-002   1.6997780E-009
1.3359100E-002   1.5355870E-009
1.3988700E-002   1.3579900E-009
1.4648000E-002   1.2532539E-009
1.5338400E-002   1.1262200E-009
1.6061200E-002   1.0344410E-009
1.6818200E-002   9.3389296E-010
1.7610800E-002   8.5383201E-010
1.8440800E-002   7.7135598E-010
1.9309800E-002   6.8902500E-010
2.0219900E-002   6.1548200E-010
2.1172800E-002   5.4978899E-010
2.2170700E-002   4.9110699E-010
2.3215500E-002   4.3868900E-010
 21
 1   2   3   4
 xy
 100
1.0133900E-003   7.4567403E-008
1.0611500E-003   7.2084710E-008
1.1111700E-003   6.8902551E-008
1.1635300E-003   6.6011400E-008
1.2183700E-003   6.3136100E-008
1.2757900E-003   6.0857445E-008
1.3359100E-003   5.8488400E-008
1.3988700E-003   5.5963100E-008
1.4648000E-003   5.3539800E-008
1.5338400E-003   5.1559200E-008
1.6061200E-003   4.9354200E-008
1.6818200E-003   4.7475613E-008
1.7610800E-003   4.4533400E-008
1.8440800E-003   4.2632600E-008
1.9309800E-003   4.0322100E-008
2.0219900E-003   3.8273400E-008
2.1172800E-003   3.6297000E-008
2.2170700E-003   3.4604500E-008
2.3215500E-003   3.2591000E-008
2.4309700E-003   3.0851300E-008
2.5455300E-003   2.9220407E-008
2.6655000E-003   2.7000546E-008
2.7911200E-003   2.5492800E-008
2.9226600E-003   2.3919600E-008
3.0604000E-003   2.2498700E-008
3.2046400E-003   2.0879200E-008
3.3556700E-003   1.9684194E-008
3.5138100E-003   1.8522100E-008
3.6794100E-003   1.7203500E-008
3.8528200E-003   1.6082600E-008
4.0344000E-003   1.4904100E-008
4.2245300E-003   1.3750100E-008
4.4236300E-003   1.2818675E-008
4.6321100E-003   1.1888900E-008
4.8504100E-003   1.0991700E-008
5.0790100E-003   1.0113511E-008
5.3183700E-003   9.1365937E-009
5.5690200E-003   8.2932600E-009
5.8314800E-003   7.7129100E-009
6.1063100E-003   7.1790600E-009
6.3940900E-003   6.5060600E-009
6.6954300E-003   5.9354300E-009
7.0109800E-003   5.4001600E-009
7.3414000E-003   4.7791900E-009
7.6873900E-003   4.3019299E-009
8.0496800E-003   3.8566300E-009
8.4290500E-003   3.4667100E-009
8.8263000E-003   3.1908400E-009
9.2422700E-003   2.9006500E-009
9.6778500E-003   2.6680900E-009
1.0133900E-002   2.4669300E-009
1.0611500E-002   2.2721429E-009
1.1111700E-002   2.0741100E-009
1.1635300E-002   1.8933359E-009
1.2183700E-002   1.6893620E-009
1.2757900E-002   1.5183520E-009
1.3359100E-002   1.3449710E-009
1.3988700E-002   1.2115280E-009
1.4648000E-002   1.0954790E-009
1.5338400E-002   9.9999997E-010
1.6061200E-002   8.9226698E-010
1.6818200E-002   7.8011198E-010
1.7610800E-002   6.9435901E-010
1.8440800E-002   6.0558902E-010
1.9309800E-002   5.3272300E-010
2.0219900E-002   4.7991000E-010
2.1172800E-002   4.1994100E-010
2.2170700E-002   3.7364900E-010
2.3215500E-002   3.3246000E-010
 22
 1   2   3   4
 xy
 100
1.0133900E-003   7.2071600E-008
1.0611500E-003   6.9707300E-008
1.1111700E-003   6.7097000E-008
1.1635300E-003   6.4500400E-008
1.2183700E-003   6.2932800E-008
1.2757900E-003   6.0252000E-008
1.3359100E-003   5.8132000E-008
1.3988700E-003   5.5436800E-008
1.4648000E-003   5.3052100E-008
1.5338400E-003   5.1521500E-008
1.6061200E-003   4.8950400E-008
1.6818200E-003   4.6877000E-008
1.7610800E-003   4.4636400E-008
1.8440800E-003   4.2335000E-008
1.9309800E-003   4.0033100E-008
2.0219900E-003   3.7869300E-008
2.1172800E-003   3.6117800E-008
2.2170700E-003   3.4230500E-008
2.3215500E-003   3.2351600E-008
2.4309700E-003   3.0565700E-008
2.5455300E-003   2.9189100E-008
2.6655000E-003   2.7328100E-008
2.7911200E-003   2.5515300E-008
2.9226600E-003   2.3657700E-008
3.0604000E-003   2.2345700E-008
3.2046400E-003   2.0783900E-008
3.3556700E-003   1.9827600E-008
3.5138100E-003   1.8398200E-008
3.6794100E-003   1.7264800E-008
3.8528200E-003   1.6055200E-008
4.0344000E-003   1.4864900E-008
4.2245300E-003   1.3711000E-008
4.4236300E-003   1.2560586E-008
4.6321100E-003   1.1730241E-008
4.8504100E-003   1.0707867E-008
5.0790100E-003   9.9685504E-009
5.3183700E-003   9.3389279E-009
5.5690200E-003   8.4624592E-009
5.8314800E-003   7.7853900E-009
6.1063100E-003   7.1839139E-009
6.3940900E-003   6.5674900E-009
6.6954300E-003   6.0228800E-009
7.0109800E-003   5.5280789E-009
7.3414000E-003   5.0462678E-009
7.6873900E-003   4.5026209E-009
8.0496800E-003   4.0749581E-009
8.4290500E-003   3.6421600E-009
8.8263000E-003   3.3309779E-009
9.2422700E-003   3.0003700E-009
9.6778500E-003   2.7228300E-009
1.0133900E-002   2.4329800E-009
1.0611500E-002   2.2148300E-009
1.1111700E-002   1.9622290E-009
1.1635300E-002   1.7740830E-009
1.2183700E-002   1.5838950E-009
1.2757900E-002   1.4140960E-009
1.3359100E-002   1.2785070E-009
1.3988700E-002   1.1319700E-009
1.4648000E-002   1.0320000E-009
1.5338400E-002   9.1284302E-010
1.6061200E-002   8.2259199E-010
1.6818200E-002   7.5302897E-010
1.7610800E-002   6.6519900E-010
1.8440800E-002   5.9280802E-010
1.9309800E-002   5.1626298E-010
2.0219900E-002   4.6543700E-010
2.1172800E-002   4.1136500E-010
2.2170700E-002   3.6138600E-010
2.3215500E-002   3.2154801E-010
 23
 1   2   3   4
 xy
 100
1.0133900E-003   7.5285100E-008
1.0611500E-003   7.2687200E-008
1.1111700E-003   6.9340600E-008
1.1635300E-003   6.7036400E-008
1.2183700E-003   6.4980300E-008
1.2757900E-003   6.2553400E-008
1.3359100E-003   5.9373100E-008
1.3988700E-003   5.6393500E-008
1.4648000E-003   5.4591200E-008
1.5338400E-003   5.2610900E-008
1.6061200E-003   5.0055400E-008
1.6818200E-003   4.7695300E-008
1.7610800E-003   4.5184200E-008
1.8440800E-003   4.2936200E-008
1.9309800E-003   4.1152300E-008
2.0219900E-003   3.8615000E-008
2.1172800E-003   3.6790400E-008
2.2170700E-003   3.4691400E-008
2.3215500E-003   3.2758300E-008
2.4309700E-003   3.1278800E-008
2.5455300E-003   2.9240900E-008
2.6655000E-003   2.7363300E-008
2.7911200E-003   2.6106200E-008
2.9226600E-003   2.4386019E-008
3.0604000E-003   2.2610449E-008
3.2046400E-003   2.1190600E-008
3.3556700E-003   1.9630600E-008
3.5138100E-003   1.8517800E-008
3.6794100E-003   1.7136658E-008
3.8528200E-003   1.5888920E-008
4.0344000E-003   1.4732032E-008
4.2245300E-003   1.3659378E-008
4.4236300E-003   1.2825406E-008
4.6321100E-003   1.1595660E-008
4.8504100E-003   1.0661200E-008
5.0790100E-003   9.9685504E-009
5.3183700E-003   9.1270058E-009
5.5690200E-003   8.4203000E-009
5.8314800E-003   7.8462987E-009
6.1063100E-003   7.1037092E-009
6.3940900E-003   6.4732500E-009
6.6954300E-003   5.9467791E-009
7.0109800E-003   5.4349800E-009
7.3414000E-003   4.9851061E-009
7.6873900E-003   4.4506852E-009
8.0496800E-003   4.0175419E-009
8.4290500E-003   3.6352400E-009
8.8263000E-003   3.3309779E-009
9.2422700E-003   3.0118800E-009
9.6778500E-003   2.6991500E-009
1.0133900E-002   2.4890840E-009
1.0611500E-002   2.2209290E-009
1.1111700E-002   1.9871089E-009
1.1635300E-002   1.7740830E-009
1.2183700E-002   1.5692500E-009
1.2757900E-002   1.4136700E-009
1.3359100E-002   1.2560590E-009
1.3988700E-002   1.0954790E-009
1.4648000E-002   9.7293300E-010
1.5338400E-002   8.5249702E-010
1.6061200E-002   7.3854200E-010
1.6818200E-002   6.5567601E-010
1.7610800E-002   5.5969901E-010
1.8440800E-002   4.8869098E-010
1.9309800E-002   4.2669199E-010
2.0219900E-002   3.6698500E-010
2.1172800E-002   3.1973299E-010
2.2170700E-002   2.7835301E-010
2.3215500E-002   2.3929500E-010
 24
 1   2   3   4
 xy
 100
1.0133900E-003   7.4314600E-008
1.0611500E-003   7.2036300E-008
1.1111700E-003   6.9615200E-008
1.1635300E-003   6.7045100E-008
1.2183700E-003   6.4575700E-008
1.2757900E-003   6.2220500E-008
1.3359100E-003   5.9739600E-008
1.3988700E-003   5.7519200E-008
1.4648000E-003   5.4942500E-008
1.5338400E-003   5.2323100E-008
1.6061200E-003   5.0246300E-008
1.6818200E-003   4.7696700E-008
1.7610800E-003   4.5784100E-008
1.8440800E-003   4.3618400E-008
1.9309800E-003   4.1521400E-008
2.0219900E-003   3.9502200E-008
2.1172800E-003   3.7222200E-008
2.2170700E-003   3.5395800E-008
2.3215500E-003   3.3414700E-008
2.4309700E-003   3.1610700E-008
2.5455300E-003   2.9627900E-008
2.6655000E-003   2.7975200E-008
2.7911200E-003   2.6237800E-008
2.9226600E-003   2.5029700E-008
3.0604000E-003   2.3259800E-008
3.2046400E-003   2.1728700E-008
3.3556700E-003   2.0410000E-008
3.5138100E-003   1.9003900E-008
3.6794100E-003   1.7573976E-008
3.8528200E-003   1.6447600E-008
4.0344000E-003   1.5365300E-008
4.2245300E-003   1.4197100E-008
4.4236300E-003   1.3208200E-008
4.6321100E-003   1.2195042E-008
4.8504100E-003   1.1243000E-008
5.0790100E-003   1.0466512E-008
5.3183700E-003   9.4786001E-009
5.5690200E-003   8.7884526E-009
5.8314800E-003   7.9457854E-009
6.1063100E-003   7.3061500E-009
6.3940900E-003   6.6252200E-009
6.6954300E-003   6.0910100E-009
7.0109800E-003   5.5565000E-009
7.3414000E-003   5.0242500E-009
7.6873900E-003   4.5522600E-009
8.0496800E-003   4.1133000E-009
8.4290500E-003   3.7813700E-009
8.8263000E-003   3.4249000E-009
9.2422700E-003   3.1276060E-009
9.6778500E-003   2.7969000E-009
1.0133900E-002   2.5042900E-009
1.0611500E-002   2.3065300E-009
1.1111700E-002   2.0539800E-009
1.1635300E-002   1.7993400E-009
1.2183700E-002   1.6140640E-009
1.2757900E-002   1.4401770E-009
1.3359100E-002   1.2810700E-009
1.3988700E-002   1.1559190E-009
1.4648000E-002   1.0510800E-009
1.5338400E-002   9.3428300E-010
1.6061200E-002   8.3328200E-010
1.6818200E-002   7.5314899E-010
1.7610800E-002   6.6398997E-010
1.8440800E-002   5.9319600E-010
1.9309800E-002   5.3686500E-010
2.0219900E-002   4.7681900E-010
2.1172800E-002   4.2049600E-010
2.2170700E-002   3.6673800E-010
2.3215500E-002   3.1264399E-010
 25
 1   2   3   4
 xy
 100
1.0133900E-003   7.4963000E-008
1.0611500E-003   7.2870200E-008
1.1111700E-003   7.0187500E-008
1.1635300E-003   6.7416800E-008
1.2183700E-003   6.5190900E-008
1.2757900E-003   6.2510500E-008
1.3359100E-003   6.0393400E-008
1.3988700E-003   5.7564300E-008
1.4648000E-003   5.5434500E-008
1.5338400E-003   5.3342500E-008
1.6061200E-003   5.1113300E-008
1.6818200E-003   4.8510900E-008
1.7610800E-003   4.6589200E-008
1.8440800E-003   4.4123700E-008
1.9309800E-003   4.1848200E-008
2.0219900E-003   3.9975100E-008
2.1172800E-003   3.7897500E-008
2.2170700E-003   3.6099200E-008
2.3215500E-003   3.4053900E-008
2.4309700E-003   3.2261200E-008
2.5455300E-003   3.0420200E-008
2.6655000E-003   2.8900200E-008
2.7911200E-003   2.6844900E-008
2.9226600E-003   2.5366600E-008
3.0604000E-003   2.3592500E-008
3.2046400E-003   2.2018200E-008
3.3556700E-003   2.0717800E-008
3.5138100E-003   1.9387900E-008
3.6794100E-003   1.7926300E-008
3.8528200E-003   1.6810500E-008
4.0344000E-003   1.5687200E-008
4.2245300E-003   1.4370500E-008
4.4236300E-003   1.3395800E-008
4.6321100E-003   1.2483400E-008
4.8504100E-003   1.1472900E-008
5.0790100E-003   1.0563300E-008
5.3183700E-003   9.9319300E-009
5.5690200E-003   8.9139500E-009
5.8314800E-003   8.2703400E-009
6.1063100E-003   7.4839300E-009
6.3940900E-003   6.7453021E-009
6.6954300E-003   6.1739400E-009
7.0109800E-003   5.5263700E-009
7.3414000E-003   5.0483142E-009
7.6873900E-003   4.5990300E-009
8.0496800E-003   4.2189519E-009
8.4290500E-003   3.7933200E-009
8.8263000E-003   3.4942000E-009
9.2422700E-003   3.1672620E-009
9.6778500E-003   2.8266500E-009
1.0133900E-002   2.5245781E-009
1.0611500E-002   2.2721429E-009
1.1111700E-002   2.0741100E-009
1.1635300E-002   1.8506600E-009
1.2183700E-002   1.6781500E-009
1.2757900E-002   1.4733870E-009
1.3359100E-002   1.3018659E-009
1.3988700E-002   1.1623220E-009
1.4648000E-002   1.0127400E-009
1.5338400E-002   9.1158903E-010
1.6061200E-002   8.2143398E-010
1.6818200E-002   7.3168099E-010
1.7610800E-002   6.5173400E-010
1.8440800E-002   5.8727900E-010
1.9309800E-002   5.2311000E-010
2.0219900E-002   4.7137499E-010
2.1172800E-002   4.1987100E-010
2.2170700E-002   3.7399400E-010
2.3215500E-002   3.3241301E-010
 26
 1   2   3   4
 xy
 100
1.0133900E-003   7.4936900E-008
1.0611500E-003   7.2624800E-008
1.1111700E-003   7.0180800E-008
1.1635300E-003   6.7504900E-008
1.2183700E-003   6.5551700E-008
1.2757900E-003   6.3202600E-008
1.3359100E-003   6.0608900E-008
1.3988700E-003   5.8592300E-008
1.4648000E-003   5.5974600E-008
1.5338400E-003   5.3693600E-008
1.6061200E-003   5.0909800E-008
1.6818200E-003   4.8913900E-008
1.7610800E-003   4.6798800E-008
1.8440800E-003   4.4552600E-008
1.9309800E-003   4.2824800E-008
2.0219900E-003   4.0309900E-008
2.1172800E-003   3.8206800E-008
2.2170700E-003   3.6367100E-008
2.3215500E-003   3.4676400E-008
2.4309700E-003   3.2437600E-008
2.5455300E-003   3.0760600E-008
2.6655000E-003   2.8990100E-008
2.7911200E-003   2.7412100E-008
2.9226600E-003   2.5556500E-008
3.0604000E-003   2.4192700E-008
3.2046400E-003   2.2487600E-008
3.3556700E-003   2.1314312E-008
3.5138100E-003   1.9620300E-008
3.6794100E-003   1.8365600E-008
3.8528200E-003   1.7014100E-008
4.0344000E-003   1.5950600E-008
4.2245300E-003   1.4615800E-008
4.4236300E-003   1.3452800E-008
4.6321100E-003   1.2370700E-008
4.8504100E-003   1.1520700E-008
5.0790100E-003   1.0750300E-008
5.3183700E-003   9.9541600E-009
5.5690200E-003   8.9998700E-009
5.8314800E-003   8.2401100E-009
6.1063100E-003   7.4271500E-009
6.3940900E-003   6.8396600E-009
6.6954300E-003   6.2770400E-009
7.0109800E-003   5.8120900E-009
7.3414000E-003   5.2729700E-009
7.6873900E-003   4.8213460E-009
8.0496800E-003   4.2992800E-009
8.4290500E-003   3.8425130E-009
8.8263000E-003   3.4123200E-009
9.2422700E-003   3.1268339E-009
9.6778500E-003   2.8099600E-009
1.0133900E-002   2.5118860E-009
1.0611500E-002   2.2369191E-009
1.1111700E-002   1.9920521E-009
1.1635300E-002   1.7681731E-009
1.2183700E-002   1.5212200E-009
1.2757900E-002   1.3237700E-009
1.3359100E-002   1.1730240E-009
1.3988700E-002   1.0327280E-009
1.4648000E-002   9.1967900E-010
1.5338400E-002   8.1450002E-010
1.6061200E-002   7.2243700E-010
1.6818200E-002   6.4951200E-010
1.7610800E-002   5.7078900E-010
1.8440800E-002   5.0850302E-010
1.9309800E-002   4.5026199E-010
2.0219900E-002   3.9975200E-010
2.1172800E-002   3.5847200E-010
2.2170700E-002   3.1571901E-010
2.3215500E-002   2.7406200E-010
 27
 1   2   3   4
 xy
 100
1.0133900E-003   7.5422800E-008
1.0611500E-003   7.2660100E-008
1.1111700E-003   7.0082400E-008
1.1635300E-003   6.8260200E-008
1.2183700E-003   6.5587000E-008
1.2757900E-003   6.3263100E-008
1.3359100E-003   6.0895100E-008
1.3988700E-003   5.8357800E-008
1.4648000E-003   5.6271800E-008
1.5338400E-003   5.3563200E-008
1.6061200E-003   5.1299000E-008
1.6818200E-003   4.8859700E-008
1.7610800E-003   4.6881600E-008
1.8440800E-003   4.4391900E-008
1.9309800E-003   4.2553300E-008
2.0219900E-003   4.0396600E-008
2.1172800E-003   3.8329500E-008
2.2170700E-003   3.6108300E-008
2.3215500E-003   3.4353600E-008
2.4309700E-003   3.2296300E-008
2.5455300E-003   3.0419000E-008
2.6655000E-003   2.8701200E-008
2.7911200E-003   2.6753100E-008
2.9226600E-003   2.5179500E-008
3.0604000E-003   2.3333400E-008
3.2046400E-003   2.1963499E-008
3.3556700E-003   2.0597168E-008
3.5138100E-003   1.9081900E-008
3.6794100E-003   1.8000200E-008
3.8528200E-003   1.6515200E-008
4.0344000E-003   1.5116800E-008
4.2245300E-003   1.3945600E-008
4.4236300E-003   1.2708300E-008
4.6321100E-003   1.1790517E-008
4.8504100E-003   1.0972800E-008
5.0790100E-003   9.9041202E-009
5.3183700E-003   9.1694456E-009
5.5690200E-003   8.2739460E-009
5.8314800E-003   7.4066600E-009
6.1063100E-003   6.7242700E-009
6.3940900E-003   6.0275638E-009
6.6954300E-003   5.4851821E-009
7.0109800E-003   4.8213460E-009
7.3414000E-003   4.2987000E-009
7.6873900E-003   3.8995678E-009
8.0496800E-003   3.4219920E-009
8.4290500E-003   3.0690051E-009
8.8263000E-003   2.6931470E-009
9.2422700E-003   2.4153430E-009
9.6778500E-003   2.1661939E-009
1.0133900E-002   1.9130639E-009
1.0611500E-002   1.7262310E-009
1.1111700E-002   1.5181369E-009
1.1635300E-002   1.3180870E-009
1.2183700E-002   1.1591940E-009
1.2757900E-002   1.0326350E-009
1.3359100E-002   8.9656199E-010
1.3988700E-002   7.8848300E-010
1.4648000E-002   6.9343198E-010
1.5338400E-002   6.0984001E-010
1.6061200E-002   5.2948002E-010
1.6818200E-002   4.5970899E-010
1.7610800E-002   4.0951800E-010
1.8440800E-002   3.5555500E-010
1.9309800E-002   3.1269301E-010
2.0219900E-002   2.7148900E-010
2.1172800E-002   2.3571400E-010
2.2170700E-002   2.0729900E-010
2.3215500E-002   1.8466600E-010
 28
 1   2   3   4
 xy
 100
1.0133900E-003   7.5988800E-008
1.0611500E-003   7.3311900E-008
1.1111700E-003   7.1312600E-008
1.1635300E-003   6.9288500E-008
1.2183700E-003   6.6534700E-008
1.2757900E-003   6.4275400E-008
1.3359100E-003   6.1672500E-008
1.3988700E-003   5.9607600E-008
1.4648000E-003   5.7329100E-008
1.5338400E-003   5.4752600E-008
1.6061200E-003   5.2292400E-008
1.6818200E-003   5.0092600E-008
1.7610800E-003   4.7979400E-008
1.8440800E-003   4.5907800E-008
1.9309800E-003   4.3465000E-008
2.0219900E-003   4.1323800E-008
2.1172800E-003   3.9356600E-008
2.2170700E-003   3.7298800E-008
2.3215500E-003   3.5341300E-008
2.4309700E-003   3.3508400E-008
2.5455300E-003   3.1403800E-008
2.6655000E-003   2.9665600E-008
2.7911200E-003   2.7929900E-008
2.9226600E-003   2.6384000E-008
3.0604000E-003   2.4700215E-008
3.2046400E-003   2.3366900E-008
3.3556700E-003   2.1810700E-008
3.5138100E-003   2.0289400E-008
3.6794100E-003   1.9010200E-008
3.8528200E-003   1.7612500E-008
4.0344000E-003   1.6081200E-008
4.2245300E-003   1.5131900E-008
4.4236300E-003   1.3814100E-008
4.6321100E-003   1.2688100E-008
4.8504100E-003   1.1669000E-008
5.0790100E-003   1.0954788E-008
5.3183700E-003   9.9999999E-009
5.5690200E-003   9.0754900E-009
5.8314800E-003   8.2142000E-009
6.1063100E-003   7.8215900E-009
6.3940900E-003   7.2287600E-009
6.6954300E-003   6.6341030E-009
7.0109800E-003   6.1010059E-009
7.3414000E-003   5.4065500E-009
7.6873900E-003   4.9325251E-009
8.0496800E-003   4.4781112E-009
8.4290500E-003   3.9220500E-009
8.8263000E-003   3.4913300E-009
9.2422700E-003   3.1412400E-009
9.6778500E-003   2.8036400E-009
1.0133900E-002   2.5464819E-009
1.0611500E-002   2.2721429E-009
1.1111700E-002   2.0043500E-009
1.1635300E-002   1.7708230E-009
1.2183700E-002   1.5421220E-009
1.2757900E-002   1.3901630E-009
1.3359100E-002   1.2652890E-009
1.3988700E-002   1.1207399E-009
1.4648000E-002   9.9999997E-010
1.5338400E-002   8.7666400E-010
1.6061200E-002   7.7819601E-010
1.6818200E-002   6.9435901E-010
1.7610800E-002   6.1215499E-010
1.8440800E-002   5.2816801E-010
1.9309800E-002   4.6156601E-010
2.0219900E-002   4.0175399E-010
2.1172800E-002   3.4802100E-010
2.2170700E-002   2.9197600E-010
2.3215500E-002   2.4890801E-010
 29
 1   2   3   4
 xy
 100
1.0133900E-003   7.8132300E-008
1.0611500E-003   7.6606000E-008
1.1111700E-003   7.5502600E-008
1.1635300E-003   7.3116100E-008
1.2183700E-003   6.9665200E-008
1.2757900E-003   6.7719800E-008
1.3359100E-003   6.5210900E-008
1.3988700E-003   6.2936200E-008
1.4648000E-003   6.0683800E-008
1.5338400E-003   5.7178800E-008
1.6061200E-003   5.3552000E-008
1.6818200E-003   5.1245800E-008
1.7610800E-003   4.8857100E-008
1.8440800E-003   4.6585700E-008
1.9309800E-003   4.4299900E-008
2.0219900E-003   4.2627900E-008
2.1172800E-003   4.0689400E-008
2.2170700E-003   3.8501300E-008
2.3215500E-003   3.6412300E-008
2.4309700E-003   3.4371000E-008
2.5455300E-003   3.2417700E-008
2.6655000E-003   3.0569300E-008
2.7911200E-003   2.8705700E-008
2.9226600E-003   2.7202200E-008
3.0604000E-003   2.5371100E-008
3.2046400E-003   2.3863600E-008
3.3556700E-003   2.2276800E-008
3.5138100E-003   2.0785800E-008
3.6794100E-003   1.9434500E-008
3.8528200E-003   1.8202700E-008
4.0344000E-003   1.6906900E-008
4.2245300E-003   1.5428411E-008
4.4236300E-003   1.4411700E-008
4.6321100E-003   1.3484400E-008
4.8504100E-003   1.2489700E-008
5.0790100E-003   1.1730241E-008
5.3183700E-003   1.0707867E-008
5.5690200E-003   9.7745998E-009
5.8314800E-003   8.8900691E-009
6.1063100E-003   8.3328224E-009
6.3940900E-003   7.6065572E-009
6.6954300E-003   7.0351300E-009
7.0109800E-003   6.3301500E-009
7.3414000E-003   5.6656000E-009
7.6873900E-003   5.1225841E-009
8.0496800E-003   4.7575800E-009
8.4290500E-003   4.3592929E-009
8.8263000E-003   3.8784100E-009
9.2422700E-003   3.4670500E-009
9.6778500E-003   3.1148040E-009
1.0133900E-002   2.8659500E-009
1.0611500E-002   2.6152800E-009
1.1111700E-002   2.3803579E-009
1.1635300E-002   2.1376030E-009
1.2183700E-002   1.9455890E-009
1.2757900E-002   1.7698800E-009
1.3359100E-002   1.5702700E-009
1.3988700E-002   1.3759860E-009
1.4648000E-002   1.2277470E-009
1.5338400E-002   1.1036561E-009
1.6061200E-002   9.7749697E-010
1.6818200E-002   8.6833302E-010
1.7610800E-002   7.7173501E-010
1.8440800E-002   6.7795702E-010
1.9309800E-002   6.0977001E-010
2.0219900E-002   5.2940102E-010
2.1172800E-002   4.5962500E-010
2.2170700E-002   3.9904599E-010
2.3215500E-002   3.4239500E-010
 30
 1   2   3   4
 xy
 100
1.0133900E-003   7.6024600E-008
1.0611500E-003   7.4222000E-008
1.1111700E-003   7.1269000E-008
1.1635300E-003   6.8260900E-008
1.2183700E-003   6.6696400E-008
1.2757900E-003   6.4037800E-008
1.3359100E-003   6.2060100E-008
1.3988700E-003   5.9855000E-008
1.4648000E-003   5.7288400E-008
1.5338400E-003   5.5577900E-008
1.6061200E-003   5.2965800E-008
1.6818200E-003   5.1024300E-008
1.7610800E-003   4.8687100E-008
1.8440800E-003   4.6172500E-008
1.9309800E-003   4.3773586E-008
2.0219900E-003   4.1731600E-008
2.1172800E-003   3.9793100E-008
2.2170700E-003   3.7860104E-008
2.3215500E-003   3.5454600E-008
2.4309700E-003   3.3510300E-008
2.5455300E-003   3.2043100E-008
2.6655000E-003   3.0203200E-008
2.7911200E-003   2.8161100E-008
2.9226600E-003   2.6479800E-008
3.0604000E-003   2.4495758E-008
3.2046400E-003   2.3014800E-008
3.3556700E-003   2.1579000E-008
3.5138100E-003   2.0163300E-008
3.6794100E-003   1.8811200E-008
3.8528200E-003   1.7273900E-008
4.0344000E-003   1.5902200E-008
4.2245300E-003   1.4833500E-008
4.4236300E-003   1.3948200E-008
4.6321100E-003   1.2935400E-008
4.8504100E-003   1.1777300E-008
5.0790100E-003   1.0826500E-008
5.3183700E-003   9.8566200E-009
5.5690200E-003   8.9686543E-009
5.8314800E-003   8.2944549E-009
6.1063100E-003   7.3973200E-009
6.3940900E-003   6.7844579E-009
6.6954300E-003   6.1641300E-009
7.0109800E-003   5.4441500E-009
7.3414000E-003   4.8681000E-009
7.6873900E-003   4.4388728E-009
8.0496800E-003   4.0145451E-009
8.4290500E-003   3.5654100E-009
8.8263000E-003   3.1985301E-009
9.2422700E-003   2.8488300E-009
9.6778500E-003   2.6139200E-009
1.0133900E-002   2.3230611E-009
1.0611500E-002   2.1168600E-009
1.1111700E-002   1.8770510E-009
1.1635300E-002   1.6805620E-009
1.2183700E-002   1.4733870E-009
1.2757900E-002   1.3117800E-009
1.3359100E-002   1.1369919E-009
1.3988700E-002   9.6811900E-010
1.4648000E-002   8.1450002E-010
1.5338400E-002   7.1077100E-010
1.6061200E-002   6.0558902E-010
1.6818200E-002   5.2472798E-010
1.7610800E-002   4.6474599E-010
1.8440800E-002   3.9931700E-010
1.9309800E-002   3.4309999E-010
2.0219900E-002   2.9930400E-010
2.1172800E-002   2.5716601E-010
2.2170700E-002   2.2096100E-010
2.3215500E-002   1.8699400E-010
 31
 1   2   3   4
 xy
 100
1.0133900E-003   7.6777200E-008
1.0611500E-003   7.4055100E-008
1.1111700E-003   7.1298900E-008
1.1635300E-003   6.9064800E-008
1.2183700E-003   6.6982200E-008
1.2757900E-003   6.4736100E-008
1.3359100E-003   6.2742800E-008
1.3988700E-003   6.0412500E-008
1.4648000E-003   5.8408200E-008
1.5338400E-003   5.6769000E-008
1.6061200E-003   5.4909400E-008
1.6818200E-003   5.3059400E-008
1.7610800E-003   5.0123100E-008
1.8440800E-003   4.7372800E-008
1.9309800E-003   4.5641000E-008
2.0219900E-003   4.2902800E-008
2.1172800E-003   4.0937490E-008
2.2170700E-003   3.8714958E-008
2.3215500E-003   3.7024130E-008
2.4309700E-003   3.5014057E-008
2.5455300E-003   3.3166400E-008
2.6655000E-003   3.1428300E-008
2.7911200E-003   2.9559200E-008
2.9226600E-003   2.7287800E-008
3.0604000E-003   2.5330069E-008
3.2046400E-003   2.3688932E-008
3.3556700E-003   2.1927900E-008
3.5138100E-003   2.0933700E-008
3.6794100E-003   1.9647300E-008
3.8528200E-003   1.8324423E-008
4.0344000E-003   1.7002700E-008
4.2245300E-003   1.5578800E-008
4.4236300E-003   1.4235200E-008
4.6321100E-003   1.3194400E-008
4.8504100E-003   1.2175100E-008
5.0790100E-003   1.1169500E-008
5.3183700E-003   1.0466512E-008
5.5690200E-003   9.4835233E-009
5.8314800E-003   8.5801700E-009
6.1063100E-003   7.7424100E-009
6.3940900E-003   6.9398400E-009
6.6954300E-003   6.3448922E-009
7.0109800E-003   5.6979800E-009
7.3414000E-003   5.0959800E-009
7.6873900E-003   4.6415889E-009
8.0496800E-003   4.1787200E-009
8.4290500E-003   3.8384722E-009
8.8263000E-003   3.5039220E-009
9.2422700E-003   3.1264360E-009
9.6778500E-003   2.8556400E-009
1.0133900E-002   2.5464819E-009
1.0611500E-002   2.2721429E-009
1.1111700E-002   2.0292179E-009
1.1635300E-002   1.8089470E-009
1.2183700E-002   1.5626200E-009
1.2757900E-002   1.3900500E-009
1.3359100E-002   1.2033120E-009
1.3988700E-002   1.0332000E-009
1.4648000E-002   8.9937202E-010
1.5338400E-002   7.7848999E-010
1.6061200E-002   6.6843497E-010
1.6818200E-002   5.8657201E-010
1.7610800E-002   4.9280102E-010
1.8440800E-002   4.2096199E-010
1.9309800E-002   3.6817999E-010
2.0219900E-002   3.1844199E-010
2.1172800E-002   2.7542299E-010
2.2170700E-002   2.4359401E-010
2.3215500E-002   2.1305201E-010
 32
 1   2   3   4
 xy
 100
1.0133900E-003   7.6720800E-008
1.0611500E-003   7.4902600E-008
1.1111700E-003   7.3027000E-008
1.1635300E-003   7.1181600E-008
1.2183700E-003   6.8775300E-008
1.2757900E-003   6.6485200E-008
1.3359100E-003   6.4282600E-008
1.3988700E-003   6.1806800E-008
1.4648000E-003   5.9378900E-008
1.5338400E-003   5.7210800E-008
1.6061200E-003   5.4758200E-008
1.6818200E-003   5.2258000E-008
1.7610800E-003   4.9863900E-008
1.8440800E-003   4.7439500E-008
1.9309800E-003   4.5548700E-008
2.0219900E-003   4.3793900E-008
2.1172800E-003   4.1683500E-008
2.2170700E-003   3.9698100E-008
2.3215500E-003   3.7399800E-008
2.4309700E-003   3.5138600E-008
2.5455300E-003   3.3395300E-008
2.6655000E-003   3.1547500E-008
2.7911200E-003   2.9456900E-008
2.9226600E-003   2.7693500E-008
3.0604000E-003   2.5902002E-008
3.2046400E-003   2.4727600E-008
3.3556700E-003   2.3058800E-008
3.5138100E-003   2.1338400E-008
3.6794100E-003   1.9836900E-008
3.8528200E-003   1.8624400E-008
4.0344000E-003   1.7255200E-008
4.2245300E-003   1.6172100E-008
4.4236300E-003   1.4830600E-008
4.6321100E-003   1.3707861E-008
4.8504100E-003   1.2519100E-008
5.0790100E-003   1.1848700E-008
5.3183700E-003   1.0809000E-008
5.5690200E-003   9.9788500E-009
5.8314800E-003   9.3490400E-009
6.1063100E-003   8.4589200E-009
6.3940900E-003   7.4809000E-009
6.6954300E-003   6.7091368E-009
7.0109800E-003   6.1359069E-009
7.3414000E-003   5.4789700E-009
7.6873900E-003   4.9941700E-009
8.0496800E-003   4.5538100E-009
8.4290500E-003   4.2296300E-009
8.8263000E-003   3.7156000E-009
9.2422700E-003   3.3831900E-009
9.6778500E-003   3.0699600E-009
1.0133900E-002   2.6727400E-009
1.0611500E-002   2.3555600E-009
1.1111700E-002   2.0776660E-009
1.1635300E-002   1.8249400E-009
1.2183700E-002   1.6619039E-009
1.2757900E-002   1.4863500E-009
1.3359100E-002   1.3145830E-009
1.3988700E-002   1.1424000E-009
1.4648000E-002   1.0162100E-009
1.5338400E-002   9.1967900E-010
1.6061200E-002   8.1339802E-010
1.6818200E-002   7.4351098E-010
1.7610800E-002   6.5526800E-010
1.8440800E-002   5.6863200E-010
1.9309800E-002   4.9770199E-010
2.0219900E-002   4.3019299E-010
2.1172800E-002   3.7649400E-010
2.2170700E-002   3.3298500E-010
2.3215500E-002   2.9450400E-010
 33
 1   2   3   4
 xy
 100
1.0133900E-003   7.7007200E-008
1.0611500E-003   7.4703300E-008
1.1111700E-003   7.2438500E-008
1.1635300E-003   7.0772200E-008
1.2183700E-003   6.8033600E-008
1.2757900E-003   6.6098700E-008
1.3359100E-003   6.4196400E-008
1.3988700E-003   6.1408100E-008
1.4648000E-003   5.9171100E-008
1.5338400E-003   5.7143000E-008
1.6061200E-003   5.5270200E-008
1.6818200E-003   5.2685100E-008
1.7610800E-003   5.0320100E-008
1.8440800E-003   4.8197100E-008
1.9309800E-003   4.5827300E-008
2.0219900E-003   4.3812100E-008
2.1172800E-003   4.1606900E-008
2.2170700E-003   3.9344900E-008
2.3215500E-003   3.7450800E-008
2.4309700E-003   3.5435600E-008
2.5455300E-003   3.3376800E-008
2.6655000E-003   3.1556000E-008
2.7911200E-003   2.9914400E-008
2.9226600E-003   2.8127700E-008
3.0604000E-003   2.6233800E-008
3.2046400E-003   2.4314900E-008
3.3556700E-003   2.2778200E-008
3.5138100E-003   2.1277900E-008
3.6794100E-003   2.0172000E-008
3.8528200E-003   1.8895800E-008
4.0344000E-003   1.7651200E-008
4.2245300E-003   1.6042100E-008
4.4236300E-003   1.4822078E-008
4.6321100E-003   1.3645100E-008
4.8504100E-003   1.2397478E-008
5.0790100E-003   1.1465525E-008
5.3183700E-003   1.0485908E-008
5.5690200E-003   9.6866100E-009
5.8314800E-003   8.8397000E-009
6.1063100E-003   8.1425000E-009
6.3940900E-003   7.5041300E-009
6.6954300E-003   6.8087700E-009
7.0109800E-003   6.1359069E-009
7.3414000E-003   5.5577800E-009
7.6873900E-003   5.0752158E-009
8.0496800E-003   4.5390989E-009
8.4290500E-003   4.1512780E-009
8.8263000E-003   3.7321300E-009
9.2422700E-003   3.3283100E-009
9.6778500E-003   3.0794931E-009
1.0133900E-002   2.7694680E-009
1.0611500E-002   2.5005300E-009
1.1111700E-002   2.2399089E-009
1.1635300E-002   1.9816631E-009
1.2183700E-002   1.7453700E-009
1.2757900E-002   1.5716780E-009
1.3359100E-002   1.3900500E-009
1.3988700E-002   1.2569600E-009
1.4648000E-002   1.0939300E-009
1.5338400E-002   9.6167896E-010
1.6061200E-002   8.4110202E-010
1.6818200E-002   7.2747502E-010
1.7610800E-002   6.1955402E-010
1.8440800E-002   5.3218302E-010
1.9309800E-002   4.5085399E-010
2.0219900E-002   3.8738099E-010
2.1172800E-002   3.3284400E-010
2.2170700E-002   2.8326200E-010
2.3215500E-002   2.4398200E-010
 34
 1   2   3   4
 xy
 100
1.0133900E-003   7.5577200E-008
1.0611500E-003   7.3804300E-008
1.1111700E-003   7.1445500E-008
1.1635300E-003   6.9442900E-008
1.2183700E-003   6.7502500E-008
1.2757900E-003   6.5414100E-008
1.3359100E-003   6.3579900E-008
1.3988700E-003   6.1080600E-008
1.4648000E-003   5.9150200E-008
1.5338400E-003   5.6687700E-008
1.6061200E-003   5.4942600E-008
1.6818200E-003   5.2585300E-008
1.7610800E-003   5.0490600E-008
1.8440800E-003   4.8089500E-008
1.9309800E-003   4.6329700E-008
2.0219900E-003   4.4098500E-008
2.1172800E-003   4.1708500E-008
2.2170700E-003   4.0151000E-008
2.3215500E-003   3.7943300E-008
2.4309700E-003   3.5695400E-008
2.5455300E-003   3.3679100E-008
2.6655000E-003   3.1752300E-008
2.7911200E-003   3.0270700E-008
2.9226600E-003   2.8138300E-008
3.0604000E-003   2.6676200E-008
3.2046400E-003   2.4918200E-008
3.3556700E-003   2.3457400E-008
3.5138100E-003   2.1922600E-008
3.6794100E-003   2.0262300E-008
3.8528200E-003   1.8818400E-008
4.0344000E-003   1.7717700E-008
4.2245300E-003   1.6246500E-008
4.4236300E-003   1.5230200E-008
4.6321100E-003   1.4017374E-008
4.8504100E-003   1.2934600E-008
5.0790100E-003   1.1959500E-008
5.3183700E-003   1.0942600E-008
5.5690200E-003   1.0027400E-008
5.8314800E-003   9.2224600E-009
6.1063100E-003   8.3076700E-009
6.3940900E-003   7.5015594E-009
6.6954300E-003   6.9376460E-009
7.0109800E-003   6.3592100E-009
7.3414000E-003   5.7433400E-009
7.6873900E-003   5.3097100E-009
8.0496800E-003   4.7563200E-009
8.4290500E-003   4.2602000E-009
8.8263000E-003   3.8256900E-009
9.2422700E-003   3.3578449E-009
9.6778500E-003   3.0071400E-009
1.0133900E-002   2.7267391E-009
1.0611500E-002   2.4047000E-009
1.1111700E-002   2.1653600E-009
1.1635300E-002   1.9369959E-009
1.2183700E-002   1.6994290E-009
1.2757900E-002   1.5199110E-009
1.3359100E-002   1.3146551E-009
1.3988700E-002   1.1730240E-009
1.4648000E-002   1.0283030E-009
1.5338400E-002   8.9937202E-010
1.6061200E-002   7.9543699E-010
1.6818200E-002   6.8675800E-010
1.7610800E-002   5.9193900E-010
1.8440800E-002   5.2043198E-010
1.9309800E-002   4.6064499E-010
2.0219900E-002   4.1166601E-010
2.1172800E-002   3.6005099E-010
2.2170700E-002   3.1844199E-010
2.3215500E-002   2.8164199E-010
 35
 1   2   3   4
 xy
 100
1.0133900E-003   7.5756500E-008
1.0611500E-003   7.3673200E-008
1.1111700E-003   7.1844800E-008
1.1635300E-003   7.0256500E-008
1.2183700E-003   6.7627600E-008
1.2757900E-003   6.6023400E-008
1.3359100E-003   6.4109400E-008
1.3988700E-003   6.1766900E-008
1.4648000E-003   5.9573400E-008
1.5338400E-003   5.7008500E-008
1.6061200E-003   5.4536700E-008
1.6818200E-003   5.2334475E-008
1.7610800E-003   5.0145900E-008
1.8440800E-003   4.8316500E-008
1.9309800E-003   4.5772651E-008
2.0219900E-003   4.4204300E-008
2.1172800E-003   4.2106400E-008
2.2170700E-003   4.0026000E-008
2.3215500E-003   3.8049500E-008
2.4309700E-003   3.5864000E-008
2.5455300E-003   3.4192700E-008
2.6655000E-003   3.1885500E-008
2.7911200E-003   3.0066400E-008
2.9226600E-003   2.8639780E-008
3.0604000E-003   2.7084901E-008
3.2046400E-003   2.5614439E-008
3.3556700E-003   2.3690100E-008
3.5138100E-003   2.2118500E-008
3.6794100E-003   2.0527600E-008
3.8528200E-003   1.9376383E-008
4.0344000E-003   1.8120986E-008
4.2245300E-003   1.6758781E-008
4.4236300E-003   1.5672600E-008
4.6321100E-003   1.4333876E-008
4.8504100E-003   1.3073400E-008
5.0790100E-003   1.1989136E-008
5.3183700E-003   1.1087879E-008
5.5690200E-003   1.0122700E-008
5.8314800E-003   9.0693417E-009
6.1063100E-003   8.3124300E-009
6.3940900E-003   7.5015594E-009
6.6954300E-003   6.8606241E-009
7.0109800E-003   6.1463100E-009
7.3414000E-003   5.5493539E-009
7.6873900E-003   4.9631521E-009
8.0496800E-003   4.5026209E-009
8.4290500E-003   4.1101851E-009
8.8263000E-003   3.7473500E-009
9.2422700E-003   3.3477461E-009
9.6778500E-003   3.0559659E-009
1.0133900E-002   2.7465521E-009
1.0611500E-002   2.4329800E-009
1.1111700E-002   2.1708690E-009
1.1635300E-002   1.9583900E-009
1.2183700E-002   1.7283180E-009
1.2757900E-002   1.5421220E-009
1.3359100E-002   1.3449710E-009
1.3988700E-002   1.1927600E-009
1.4648000E-002   1.0574700E-009
1.5338400E-002   9.3389296E-010
1.6061200E-002   8.1450002E-010
1.6818200E-002   7.2747502E-010
1.7610800E-002   6.4340600E-010
1.8440800E-002   5.6905097E-010
1.9309800E-002   4.9770199E-010
2.0219900E-002   4.3046700E-010
2.1172800E-002   3.7231401E-010
2.2170700E-002   3.2563199E-010
2.3215500E-002   2.7851499E-010
 36
 1   2   3   4
 xy
 100
1.0133900E-003   7.5293900E-008
1.0611500E-003   7.3337900E-008
1.1111700E-003   7.1291600E-008
1.1635300E-003   6.9594000E-008
1.2183700E-003   6.7599200E-008
1.2757900E-003   6.5426100E-008
1.3359100E-003   6.3832200E-008
1.3988700E-003   6.1409900E-008
1.4648000E-003   5.9323100E-008
1.5338400E-003   5.6807100E-008
1.6061200E-003   5.4644500E-008
1.6818200E-003   5.2449100E-008
1.7610800E-003   5.0494500E-008
1.8440800E-003   4.8524100E-008
1.9309800E-003   4.6723000E-008
2.0219900E-003   4.4362300E-008
2.1172800E-003   4.2141600E-008
2.2170700E-003   4.0026100E-008
2.3215500E-003   3.8213700E-008
2.4309700E-003   3.5875400E-008
2.5455300E-003   3.4098200E-008
2.6655000E-003   3.2549900E-008
2.7911200E-003   3.0512800E-008
2.9226600E-003   2.8835300E-008
3.0604000E-003   2.6850900E-008
3.2046400E-003   2.5031400E-008
3.3556700E-003   2.3585800E-008
3.5138100E-003   2.1939200E-008
3.6794100E-003   2.0360200E-008
3.8528200E-003   1.9043900E-008
4.0344000E-003   1.7859700E-008
4.2245300E-003   1.6478700E-008
4.4236300E-003   1.5149500E-008
4.6321100E-003   1.3772500E-008
4.8504100E-003   1.2823900E-008
5.0790100E-003   1.1856033E-008
5.3183700E-003   1.0811400E-008
5.5690200E-003   9.9166186E-009
5.8314800E-003   9.0029400E-009
6.1063100E-003   8.3176400E-009
6.3940900E-003   7.6524400E-009
6.6954300E-003   6.8067400E-009
7.0109800E-003   6.1402500E-009
7.3414000E-003   5.6466400E-009
7.6873900E-003   5.1071300E-009
8.0496800E-003   4.5275500E-009
8.4290500E-003   4.1101851E-009
8.8263000E-003   3.6673840E-009
9.2422700E-003   3.2837011E-009
9.6778500E-003   2.9197560E-009
1.0133900E-002   2.6024900E-009
1.0611500E-002   2.3620800E-009
1.1111700E-002   2.0787400E-009
1.1635300E-002   1.8581930E-009
1.2183700E-002   1.6252090E-009
1.2757900E-002   1.4535310E-009
1.3359100E-002   1.2850230E-009
1.3988700E-002   1.1497570E-009
1.4648000E-002   1.0055980E-009
1.5338400E-002   8.9226698E-010
1.6061200E-002   7.7819601E-010
1.6818200E-002   6.9435901E-010
1.7610800E-002   6.1955402E-010
1.8440800E-002   5.5648602E-010
1.9309800E-002   4.8671300E-010
2.0219900E-002   4.3046700E-010
2.1172800E-002   3.8072001E-010
2.2170700E-002   3.3298500E-010
2.3215500E-002   2.9123401E-010
 37
 1   2   3   4
 xy
 100
1.0133900E-003   7.4701400E-008
1.0611500E-003   7.3155200E-008
1.1111700E-003   7.0904000E-008
1.1635300E-003   6.8965300E-008
1.2183700E-003   6.7322600E-008
1.2757900E-003   6.4608700E-008
1.3359100E-003   6.3007600E-008
1.3988700E-003   6.1313600E-008
1.4648000E-003   5.9068000E-008
1.5338400E-003   5.7096300E-008
1.6061200E-003   5.4802000E-008
1.6818200E-003   5.2625600E-008
1.7610800E-003   5.0740500E-008
1.8440800E-003   4.8606200E-008
1.9309800E-003   4.6662600E-008
2.0219900E-003   4.4565700E-008
2.1172800E-003   4.2057700E-008
2.2170700E-003   4.0401400E-008
2.3215500E-003   3.8740541E-008
2.4309700E-003   3.6661200E-008
2.5455300E-003   3.4500000E-008
2.6655000E-003   3.2292700E-008
2.7911200E-003   3.0629800E-008
2.9226600E-003   2.8447600E-008
3.0604000E-003   2.6852300E-008
3.2046400E-003   2.5386000E-008
3.3556700E-003   2.3830900E-008
3.5138100E-003   2.2111800E-008
3.6794100E-003   2.0813408E-008
3.8528200E-003   1.9304300E-008
4.0344000E-003   1.7969400E-008
4.2245300E-003   1.6525800E-008
4.4236300E-003   1.5339062E-008
4.6321100E-003   1.4169900E-008
4.8504100E-003   1.2989600E-008
5.0790100E-003   1.2002300E-008
5.3183700E-003   1.1040800E-008
5.5690200E-003   1.0137180E-008
5.8314800E-003   9.1899599E-009
6.1063100E-003   8.3313200E-009
6.3940900E-003   7.6164300E-009
6.6954300E-003   6.9589500E-009
7.0109800E-003   6.2752799E-009
7.3414000E-003   5.6272449E-009
7.6873900E-003   5.0372400E-009
8.0496800E-003   4.5250279E-009
8.4290500E-003   4.0567700E-009
8.8263000E-003   3.5938400E-009
9.2422700E-003   3.2275711E-009
9.6778500E-003   2.8942659E-009
1.0133900E-002   2.6286500E-009
1.0611500E-002   2.4035000E-009
1.1111700E-002   2.1330160E-009
1.1635300E-002   1.8926900E-009
1.2183700E-002   1.6826400E-009
1.2757900E-002   1.5058000E-009
1.3359100E-002   1.3627000E-009
1.3988700E-002   1.2101530E-009
1.4648000E-002   1.0734190E-009
1.5338400E-002   9.5311600E-010
1.6061200E-002   8.5380902E-010
1.6818200E-002   7.4351098E-010
1.7610800E-002   6.6340999E-010
1.8440800E-002   5.7859700E-010
1.9309800E-002   5.1153498E-010
2.0219900E-002   4.4881901E-010
2.1172800E-002   4.0247000E-010
2.2170700E-002   3.5699499E-010
2.3215500E-002   3.2012901E-010
 38
 1   2   3   4
 xy
 100
1.0133900E-003   7.6263600E-008
1.0611500E-003   7.4447400E-008
1.1111700E-003   7.2369200E-008
1.1635300E-003   7.0147200E-008
1.2183700E-003   6.8236700E-008
1.2757900E-003   6.6470500E-008
1.3359100E-003   6.4459000E-008
1.3988700E-003   6.1757400E-008
1.4648000E-003   5.9950200E-008
1.5338400E-003   5.7703700E-008
1.6061200E-003   5.5440400E-008
1.6818200E-003   5.3160800E-008
1.7610800E-003   5.1418200E-008
1.8440800E-003   4.9299900E-008
1.9309800E-003   4.6821900E-008
2.0219900E-003   4.4899100E-008
2.1172800E-003   4.2527900E-008
2.2170700E-003   4.0640700E-008
2.3215500E-003   3.8294800E-008
2.4309700E-003   3.6420800E-008
2.5455300E-003   3.4369500E-008
2.6655000E-003   3.2297400E-008
2.7911200E-003   3.0433900E-008
2.9226600E-003   2.8399100E-008
3.0604000E-003   2.6876400E-008
3.2046400E-003   2.5250600E-008
3.3556700E-003   2.3608200E-008
3.5138100E-003   2.2074200E-008
3.6794100E-003   2.0857200E-008
3.8528200E-003   1.9229900E-008
4.0344000E-003   1.7913600E-008
4.2245300E-003   1.6526100E-008
4.4236300E-003   1.5388800E-008
4.6321100E-003   1.4108300E-008
4.8504100E-003   1.2839800E-008
5.0790100E-003   1.1859000E-008
5.3183700E-003   1.0918900E-008
5.5690200E-003   9.8969800E-009
5.8314800E-003   9.0457400E-009
6.1063100E-003   8.2277400E-009
6.3940900E-003   7.4989419E-009
6.6954300E-003   6.8567100E-009
7.0109800E-003   6.2522300E-009
7.3414000E-003   5.6234128E-009
7.6873900E-003   5.0480660E-009
8.0496800E-003   4.6591300E-009
8.4290500E-003   4.1666950E-009
8.8263000E-003   3.7855150E-009
9.2422700E-003   3.3576979E-009
9.6778500E-003   2.9664400E-009
1.0133900E-002   2.6143100E-009
1.0611500E-002   2.3713740E-009
1.1111700E-002   2.1058300E-009
1.1635300E-002   1.9027100E-009
1.2183700E-002   1.6821800E-009
1.2757900E-002   1.5421220E-009
1.3359100E-002   1.3823720E-009
1.3988700E-002   1.2277470E-009
1.4648000E-002   1.0954790E-009
1.5338400E-002   9.5257200E-010
1.6061200E-002   8.3328200E-010
1.6818200E-002   7.3212197E-010
1.7610800E-002   6.4938199E-010
1.8440800E-002   5.7859700E-010
1.9309800E-002   5.1089699E-010
2.0219900E-002   4.5958800E-010
2.1172800E-002   4.1666900E-010
2.2170700E-002   3.6629900E-010
2.3215500E-002   3.2781200E-010
 39
 1   2   3   4
 xy
 100
1.0133900E-003   7.4771300E-008
1.0611500E-003   7.2929000E-008
1.1111700E-003   7.1226600E-008
1.1635300E-003   6.9175200E-008
1.2183700E-003   6.7288500E-008
1.2757900E-003   6.5522300E-008
1.3359100E-003   6.3326600E-008
1.3988700E-003   6.1266500E-008
1.4648000E-003   5.9159900E-008
1.5338400E-003   5.7299300E-008
1.6061200E-003   5.4978200E-008
1.6818200E-003   5.2930400E-008
1.7610800E-003   5.0726100E-008
1.8440800E-003   4.8517900E-008
1.9309800E-003   4.6485300E-008
2.0219900E-003   4.4411900E-008
2.1172800E-003   4.2191400E-008
2.2170700E-003   4.0274900E-008
2.3215500E-003   3.8103500E-008
2.4309700E-003   3.6156600E-008
2.5455300E-003   3.4121600E-008
2.6655000E-003   3.2435300E-008
2.7911200E-003   3.0648700E-008
2.9226600E-003   2.8559700E-008
3.0604000E-003   2.7055900E-008
3.2046400E-003   2.5393900E-008
3.3556700E-003   2.3768000E-008
3.5138100E-003   2.2219800E-008
3.6794100E-003   2.0639400E-008
3.8528200E-003   1.9263600E-008
4.0344000E-003   1.7805600E-008
4.2245300E-003   1.6467700E-008
4.4236300E-003   1.5069000E-008
4.6321100E-003   1.4039100E-008
4.8504100E-003   1.3025200E-008
5.0790100E-003   1.1840300E-008
5.3183700E-003   1.0945900E-008
5.5690200E-003   9.9151300E-009
5.8314800E-003   9.0542000E-009
6.1063100E-003   8.1243700E-009
6.3940900E-003   7.4410700E-009
6.6954300E-003   6.8129209E-009
7.0109800E-003   6.2643348E-009
7.3414000E-003   5.5976700E-009
7.6873900E-003   4.9878879E-009
8.0496800E-003   4.4241859E-009
8.4290500E-003   4.0679442E-009
8.8263000E-003   3.6121300E-009
9.2422700E-003   3.2390430E-009
9.6778500E-003   2.9063500E-009
1.0133900E-002   2.5261200E-009
1.0611500E-002   2.2133400E-009
1.1111700E-002   1.9809570E-009
1.1635300E-002   1.7782790E-009
1.2183700E-002   1.5585050E-009
1.2757900E-002   1.3990500E-009
1.3359100E-002   1.2559090E-009
1.3988700E-002   1.0875730E-009
1.4648000E-002   9.5858500E-010
1.5338400E-002   8.5564100E-010
1.6061200E-002   7.6065598E-010
1.6818200E-002   6.8129202E-010
1.7610800E-002   5.8997501E-010
1.8440800E-002   5.1773000E-010
1.9309800E-002   4.5862600E-010
2.0219900E-002   3.9931700E-010
2.1172800E-002   3.4309999E-010
2.2170700E-002   2.9930400E-010
2.3215500E-002   2.5716601E-010
 40
 1   2   3   4
 xy
 100
1.0133900E-003   7.3753300E-008
1.0611500E-003   7.1940500E-008
1.1111700E-003   7.0067700E-008
1.1635300E-003   6.8248500E-008
1.2183700E-003   6.6444000E-008
1.2757900E-003   6.4227300E-008
1.3359100E-003   6.2469000E-008
1.3988700E-003   6.0502300E-008
1.4648000E-003   5.8803400E-008
1.5338400E-003   5.6683700E-008
1.6061200E-003   5.4788500E-008
1.6818200E-003   5.2410600E-008
1.7610800E-003   5.0474200E-008
1.8440800E-003   4.8354200E-008
1.9309800E-003   4.6478800E-008
2.0219900E-003   4.4208900E-008
2.1172800E-003   4.2312200E-008
2.2170700E-003   3.9976900E-008
2.3215500E-003   3.7940700E-008
2.4309700E-003   3.5772900E-008
2.5455300E-003   3.4286900E-008
2.6655000E-003   3.2250600E-008
2.7911200E-003   3.0598200E-008
2.9226600E-003   2.8842900E-008
3.0604000E-003   2.7481500E-008
3.2046400E-003   2.5369400E-008
3.3556700E-003   2.3638100E-008
3.5138100E-003   2.1951500E-008
3.6794100E-003   2.0803100E-008
3.8528200E-003   1.9342200E-008
4.0344000E-003   1.7971100E-008
4.2245300E-003   1.6599500E-008
4.4236300E-003   1.5417000E-008
4.6321100E-003   1.4361800E-008
4.8504100E-003   1.3335214E-008
5.0790100E-003   1.1841600E-008
5.3183700E-003   1.0846600E-008
5.5690200E-003   9.9999999E-009
5.8314800E-003   9.1751100E-009
6.1063100E-003   8.1738900E-009
6.3940900E-003   7.5935000E-009
6.6954300E-003   6.9214598E-009
7.0109800E-003   6.2337400E-009
7.3414000E-003   5.5703500E-009
7.6873900E-003   5.0655600E-009
8.0496800E-003   4.5862558E-009
8.4290500E-003   4.1101851E-009
8.8263000E-003   3.6473500E-009
9.2422700E-003   3.2289400E-009
9.6778500E-003   2.9427270E-009
1.0133900E-002   2.5790421E-009
1.0611500E-002   2.2859700E-009
1.1111700E-002   2.0290449E-009
1.1635300E-002   1.7782790E-009
1.2183700E-002   1.5511500E-009
1.2757900E-002   1.3857360E-009
1.3359100E-002   1.2190200E-009
1.3988700E-002   1.0954790E-009
1.4648000E-002   9.9999997E-010
1.5338400E-002   8.9226698E-010
1.6061200E-002   7.7740800E-010
1.6818200E-002   6.9435901E-010
1.7610800E-002   6.0558902E-010
1.8440800E-002   5.2821000E-010
1.9309800E-002   4.6064499E-010
2.0219900E-002   4.1101900E-010
2.1172800E-002   3.5367101E-010
2.2170700E-002   3.0388000E-010
2.3215500E-002   2.6101599E-010
 41
 1   2   3   4
 xy
 100
1.0133900E-003   7.1418800E-008
1.0611500E-003   6.9672500E-008
1.1111700E-003   6.8456400E-008
1.1635300E-003   6.6818500E-008
1.2183700E-003   6.4884500E-008
1.2757900E-003   6.3117900E-008
1.3359100E-003   6.1193600E-008
1.3988700E-003   5.9227600E-008
1.4648000E-003   5.7025600E-008
1.5338400E-003   5.5343500E-008
1.6061200E-003   5.3715900E-008
1.6818200E-003   5.1557400E-008
1.7610800E-003   4.9861100E-008
1.8440800E-003   4.7759200E-008
1.9309800E-003   4.5632200E-008
2.0219900E-003   4.3640900E-008
2.1172800E-003   4.1557900E-008
2.2170700E-003   3.9797900E-008
2.3215500E-003   3.7873200E-008
2.4309700E-003   3.6276800E-008
2.5455300E-003   3.4625330E-008
2.6655000E-003   3.2745493E-008
2.7911200E-003   3.0682600E-008
2.9226600E-003   2.9087100E-008
3.0604000E-003   2.7005100E-008
3.2046400E-003   2.5459100E-008
3.3556700E-003   2.3948300E-008
3.5138100E-003   2.2404700E-008
3.6794100E-003   2.0949100E-008
3.8528200E-003   1.9382500E-008
4.0344000E-003   1.7979800E-008
4.2245300E-003   1.6835300E-008
4.4236300E-003   1.5429500E-008
4.6321100E-003   1.4333876E-008
4.8504100E-003   1.3299800E-008
5.0790100E-003   1.2308100E-008
5.3183700E-003   1.1200800E-008
5.5690200E-003   1.0217900E-008
5.8314800E-003   9.3592700E-009
6.1063100E-003   8.6265900E-009
6.3940900E-003   7.7740800E-009
6.6954300E-003   7.1006700E-009
7.0109800E-003   6.3448922E-009
7.3414000E-003   5.7729300E-009
7.6873900E-003   5.1346700E-009
8.0496800E-003   4.5948729E-009
8.4290500E-003   4.2120900E-009
8.8263000E-003   3.8823158E-009
9.2422700E-003   3.4336620E-009
9.6778500E-003   3.0368561E-009
1.0133900E-002   2.6915700E-009
1.0611500E-002   2.3562500E-009
1.1111700E-002   2.0934500E-009
1.1635300E-002   1.8581930E-009
1.2183700E-002   1.6434540E-009
1.2757900E-002   1.4733870E-009
1.3359100E-002   1.2999880E-009
1.3988700E-002   1.1465840E-009
1.4648000E-002   9.9999997E-010
1.5338400E-002   8.8044100E-010
1.6061200E-002   7.6069800E-010
1.6818200E-002   6.6532002E-010
1.7610800E-002   5.7592903E-010
1.8440800E-002   5.0707100E-010
1.9309800E-002   4.3707199E-010
2.0219900E-002   3.7673600E-010
2.1172800E-002   3.2563199E-010
2.2170700E-002   2.7990099E-010
2.3215500E-002   2.3619601E-010
