 41
 Wed Sep 04 11:11:26 2019
 1
 1   2   3   4
 xy
 100
1.0133900E-003   4.6329706E-008
1.0611500E-003   4.5307942E-008
1.1111700E-003   4.4805539E-008
1.1635300E-003   4.3817387E-008
1.2183700E-003   4.1975700E-008
1.2757900E-003   4.0692500E-008
1.3359100E-003   3.9602400E-008
1.3988700E-003   3.8009000E-008
1.4648000E-003   3.6948200E-008
1.5338400E-003   3.5709900E-008
1.6061200E-003   3.4582500E-008
1.6818200E-003   3.3459600E-008
1.7610800E-003   3.2620300E-008
1.8440800E-003   3.1177400E-008
1.9309800E-003   2.9987200E-008
2.0219900E-003   2.8683168E-008
2.1172800E-003   2.7431948E-008
2.2170700E-003   2.6290400E-008
2.3215500E-003   2.5157400E-008
2.4309700E-003   2.3996355E-008
2.5455300E-003   2.2892000E-008
2.6655000E-003   2.1577000E-008
2.7911200E-003   2.0815500E-008
2.9226600E-003   1.9670900E-008
3.0604000E-003   1.8697987E-008
3.2046400E-003   1.7518100E-008
3.3556700E-003   1.6559500E-008
3.5138100E-003   1.5378000E-008
3.6794100E-003   1.4575700E-008
3.8528200E-003   1.3740879E-008
4.0344000E-003   1.2748100E-008
4.2245300E-003   1.2054800E-008
4.4236300E-003   1.1444400E-008
4.6321100E-003   1.0751697E-008
4.8504100E-003   9.8826130E-009
5.0790100E-003   9.3008579E-009
5.3183700E-003   8.5608187E-009
5.5690200E-003   8.0457960E-009
5.8314800E-003   7.4416748E-009
6.1063100E-003   6.9600929E-009
6.3940900E-003   6.4733400E-009
6.6954300E-003   6.0184848E-009
7.0109800E-003   5.5070641E-009
7.3414000E-003   5.0935638E-009
7.6873900E-003   4.6415889E-009
8.0496800E-003   4.1892000E-009
8.4290500E-003   3.8425130E-009
8.8263000E-003   3.4663890E-009
9.2422700E-003   3.1810030E-009
9.6778500E-003   2.8267151E-009
1.0133900E-002   2.5719140E-009
1.0611500E-002   2.2854640E-009
1.1111700E-002   2.0874329E-009
1.1635300E-002   1.9064900E-009
1.2183700E-002   1.7269830E-009
1.2757900E-002   1.5620850E-009
1.3359100E-002   1.4201900E-009
1.3988700E-002   1.2740900E-009
1.4648000E-002   1.1304950E-009
1.5338400E-002   9.9999997E-010
1.6061200E-002   8.8862401E-010
1.6818200E-002   7.8965201E-010
1.7610800E-002   6.9696800E-010
1.8440800E-002   6.2355099E-010
1.9309800E-002   5.5489900E-010
2.0219900E-002   5.0047999E-010
2.1172800E-002   4.4805501E-010
2.2170700E-002   3.9633499E-010
2.3215500E-002   3.5058600E-010
 2
 1   2   3   4
 xy
 100
1.0133900E-003   4.3541600E-008
1.0611500E-003   4.2756000E-008
1.1111700E-003   4.1976300E-008
1.1635300E-003   4.0807900E-008
1.2183700E-003   3.9965700E-008
1.2757900E-003   3.9214800E-008
1.3359100E-003   3.8310800E-008
1.3988700E-003   3.7856882E-008
1.4648000E-003   3.6197900E-008
1.5338400E-003   3.5193300E-008
1.6061200E-003   3.4473398E-008
1.6818200E-003   3.3049600E-008
1.7610800E-003   3.1678000E-008
1.8440800E-003   3.0178200E-008
1.9309800E-003   2.9071000E-008
2.0219900E-003   2.7575900E-008
2.1172800E-003   2.6810400E-008
2.2170700E-003   2.5696100E-008
2.3215500E-003   2.4601400E-008
2.4309700E-003   2.3500700E-008
2.5455300E-003   2.2596300E-008
2.6655000E-003   2.1118500E-008
2.7911200E-003   2.0404600E-008
2.9226600E-003   1.9248500E-008
3.0604000E-003   1.8449600E-008
3.2046400E-003   1.7197700E-008
3.3556700E-003   1.6252700E-008
3.5138100E-003   1.5148700E-008
3.6794100E-003   1.4490700E-008
3.8528200E-003   1.3746000E-008
4.0344000E-003   1.3009800E-008
4.2245300E-003   1.2014100E-008
4.4236300E-003   1.1193300E-008
4.6321100E-003   1.0572100E-008
4.8504100E-003   9.8826400E-009
5.0790100E-003   9.1311700E-009
5.3183700E-003   8.5937200E-009
5.5690200E-003   7.9828890E-009
5.8314800E-003   7.3549882E-009
6.1063100E-003   6.8258500E-009
6.3940900E-003   6.4627200E-009
6.6954300E-003   5.9293370E-009
7.0109800E-003   5.3507300E-009
7.3414000E-003   4.9253000E-009
7.6873900E-003   4.5277400E-009
8.0496800E-003   4.1450989E-009
8.4290500E-003   3.8040100E-009
8.8263000E-003   3.4777321E-009
9.2422700E-003   3.1967800E-009
9.6778500E-003   2.8603500E-009
1.0133900E-002   2.6268200E-009
1.0611500E-002   2.4008671E-009
1.1111700E-002   2.1933600E-009
1.1635300E-002   1.9835169E-009
1.2183700E-002   1.8058050E-009
1.2757900E-002   1.6165490E-009
1.3359100E-002   1.4591590E-009
1.3988700E-002   1.3320590E-009
1.4648000E-002   1.2079560E-009
1.5338400E-002   1.0929400E-009
1.6061200E-002   9.7453101E-010
1.6818200E-002   8.7897700E-010
1.7610800E-002   7.8965201E-010
1.8440800E-002   7.0459600E-010
1.9309800E-002   6.2740202E-010
2.0219900E-002   5.5410199E-010
2.1172800E-002   4.9238802E-010
2.2170700E-002   4.3310600E-010
2.3215500E-002   3.8266801E-010
 3
 1   2   3   4
 xy
 100
1.0133900E-003   4.3770500E-008
1.0611500E-003   4.3055300E-008
1.1111700E-003   4.2201400E-008
1.1635300E-003   4.1439100E-008
1.2183700E-003   4.0275700E-008
1.2757900E-003   3.9233700E-008
1.3359100E-003   3.8443300E-008
1.3988700E-003   3.7177700E-008
1.4648000E-003   3.5584500E-008
1.5338400E-003   3.4789900E-008
1.6061200E-003   3.3692500E-008
1.6818200E-003   3.2294400E-008
1.7610800E-003   3.1392318E-008
1.8440800E-003   3.0058900E-008
1.9309800E-003   2.8923125E-008
2.0219900E-003   2.7668000E-008
2.1172800E-003   2.6646552E-008
2.2170700E-003   2.5603100E-008
2.3215500E-003   2.4164000E-008
2.4309700E-003   2.3134600E-008
2.5455300E-003   2.2097627E-008
2.6655000E-003   2.0980100E-008
2.7911200E-003   1.9781700E-008
2.9226600E-003   1.8830400E-008
3.0604000E-003   1.7985400E-008
3.2046400E-003   1.7081602E-008
3.3556700E-003   1.6019300E-008
3.5138100E-003   1.5081800E-008
3.6794100E-003   1.4164691E-008
3.8528200E-003   1.2979400E-008
4.0344000E-003   1.2308808E-008
4.2245300E-003   1.1387025E-008
4.4236300E-003   1.0598300E-008
4.6321100E-003   9.9707851E-009
4.8504100E-003   9.3610900E-009
5.0790100E-003   8.6643954E-009
5.3183700E-003   7.9903186E-009
5.5690200E-003   7.3386500E-009
5.8314800E-003   6.8353600E-009
6.1063100E-003   6.3169621E-009
6.3940900E-003   5.9100200E-009
6.6954300E-003   5.4254352E-009
7.0109800E-003   4.9823692E-009
7.3414000E-003   4.5383568E-009
7.6873900E-003   4.0556332E-009
8.0496800E-003   3.6652410E-009
8.4290500E-003   3.2570211E-009
8.8263000E-003   2.9269980E-009
9.2422700E-003   2.6452480E-009
9.6778500E-003   2.3638851E-009
1.0133900E-002   2.1124491E-009
1.0611500E-002   1.9091071E-009
1.1111700E-002   1.7448510E-009
1.1635300E-002   1.5947260E-009
1.2183700E-002   1.4693690E-009
1.2757900E-002   1.3431780E-009
1.3359100E-002   1.2278250E-009
1.3988700E-002   1.1080730E-009
1.4648000E-002   1.0129100E-009
1.5338400E-002   9.1411900E-010
1.6061200E-002   8.2496299E-010
1.6818200E-002   7.4450301E-010
1.7610800E-002   6.7188999E-010
1.8440800E-002   6.1418698E-010
1.9309800E-002   5.5428401E-010
2.0219900E-002   4.9384802E-010
2.1172800E-002   4.4568199E-010
2.2170700E-002   4.0740600E-010
2.3215500E-002   3.6767100E-010
 4
 1   2   3   4
 xy
 100
1.0133900E-003   5.0341143E-008
1.0611500E-003   4.8559535E-008
1.1111700E-003   4.7106074E-008
1.1635300E-003   4.5065704E-008
1.2183700E-003   4.3236881E-008
1.2757900E-003   4.2135667E-008
1.3359100E-003   4.0016666E-008
1.3988700E-003   3.8579900E-008
1.4648000E-003   3.7200300E-008
1.5338400E-003   3.6273700E-008
1.6061200E-003   3.5173734E-008
1.6818200E-003   3.4177660E-008
1.7610800E-003   3.2971600E-008
1.8440800E-003   3.1227000E-008
1.9309800E-003   3.0045100E-008
2.0219900E-003   2.9077900E-008
2.1172800E-003   2.7412900E-008
2.2170700E-003   2.6143693E-008
2.3215500E-003   2.4886000E-008
2.4309700E-003   2.3956900E-008
2.5455300E-003   2.2852200E-008
2.6655000E-003   2.1703935E-008
2.7911200E-003   2.0484600E-008
2.9226600E-003   1.9455400E-008
3.0604000E-003   1.8261584E-008
3.2046400E-003   1.7393406E-008
3.3556700E-003   1.6640019E-008
3.5138100E-003   1.5804100E-008
3.6794100E-003   1.4857800E-008
3.8528200E-003   1.4094136E-008
4.0344000E-003   1.3104500E-008
4.2245300E-003   1.2111000E-008
4.4236300E-003   1.1543400E-008
4.6321100E-003   1.0920400E-008
4.8504100E-003   1.0058200E-008
5.0790100E-003   9.4316900E-009
5.3183700E-003   8.8501500E-009
5.5690200E-003   8.3223393E-009
5.8314800E-003   7.7098300E-009
6.1063100E-003   7.2259629E-009
6.3940900E-003   6.6387442E-009
6.6954300E-003   6.1769300E-009
7.0109800E-003   5.6373000E-009
7.3414000E-003   5.2195900E-009
7.6873900E-003   4.8160649E-009
8.0496800E-003   4.4569570E-009
8.4290500E-003   4.1246260E-009
8.8263000E-003   3.7751100E-009
9.2422700E-003   3.4663890E-009
9.6778500E-003   3.1274641E-009
1.0133900E-002   2.8173100E-009
1.0611500E-002   2.5503900E-009
1.1111700E-002   2.2871200E-009
1.1635300E-002   2.0961200E-009
1.2183700E-002   1.9004049E-009
1.2757900E-002   1.7393410E-009
1.3359100E-002   1.5662890E-009
1.3988700E-002   1.4063100E-009
1.4648000E-002   1.2553700E-009
1.5338400E-002   1.1196430E-009
1.6061200E-002   9.9999997E-010
1.6818200E-002   8.9314101E-010
1.7610800E-002   7.9770202E-010
1.8440800E-002   7.1741302E-010
1.9309800E-002   6.4538103E-010
2.0219900E-002   5.8461702E-010
2.1172800E-002   5.3710802E-010
2.2170700E-002   4.8559501E-010
2.3215500E-002   4.3798201E-010
 5
 1   2   3   4
 xy
 100
1.0133900E-003   4.4983600E-008
1.0611500E-003   4.3836000E-008
1.1111700E-003   4.3257900E-008
1.1635300E-003   4.2459000E-008
1.2183700E-003   4.1252100E-008
1.2757900E-003   4.0175300E-008
1.3359100E-003   3.9095500E-008
1.3988700E-003   3.8071100E-008
1.4648000E-003   3.6796300E-008
1.5338400E-003   3.5716100E-008
1.6061200E-003   3.4803100E-008
1.6818200E-003   3.3426800E-008
1.7610800E-003   3.2192500E-008
1.8440800E-003   3.1276200E-008
1.9309800E-003   2.9593000E-008
2.0219900E-003   2.8711200E-008
2.1172800E-003   2.7158400E-008
2.2170700E-003   2.6219400E-008
2.3215500E-003   2.5101200E-008
2.4309700E-003   2.3835900E-008
2.5455300E-003   2.2810500E-008
2.6655000E-003   2.1774900E-008
2.7911200E-003   2.0920600E-008
2.9226600E-003   1.9367848E-008
3.0604000E-003   1.8251000E-008
3.2046400E-003   1.7486300E-008
3.3556700E-003   1.6566400E-008
3.5138100E-003   1.5548300E-008
3.6794100E-003   1.4547900E-008
3.8528200E-003   1.3692000E-008
4.0344000E-003   1.3085900E-008
4.2245300E-003   1.2390700E-008
4.4236300E-003   1.1386000E-008
4.6321100E-003   1.0613100E-008
4.8504100E-003   1.0107700E-008
5.0790100E-003   9.4548200E-009
5.3183700E-003   8.7819254E-009
5.5690200E-003   8.2011660E-009
5.8314800E-003   7.5260200E-009
6.1063100E-003   6.8524200E-009
6.3940900E-003   6.2726400E-009
6.6954300E-003   5.8866200E-009
7.0109800E-003   5.4794700E-009
7.3414000E-003   5.1335400E-009
7.6873900E-003   4.7295150E-009
8.0496800E-003   4.2737280E-009
8.4290500E-003   3.8771870E-009
8.8263000E-003   3.5034600E-009
9.2422700E-003   3.1731900E-009
9.6778500E-003   2.9756300E-009
1.0133900E-002   2.7252520E-009
1.0611500E-002   2.4679960E-009
1.1111700E-002   2.2350251E-009
1.1635300E-002   2.0128300E-009
1.2183700E-002   1.8329810E-009
1.2757900E-002   1.6804200E-009
1.3359100E-002   1.5224950E-009
1.3988700E-002   1.3916840E-009
1.4648000E-002   1.2368230E-009
1.5338400E-002   1.1238500E-009
1.6061200E-002   1.0010300E-009
1.6818200E-002   9.0560298E-010
1.7610800E-002   8.1113100E-010
1.8440800E-002   7.2959300E-010
1.9309800E-002   6.4460098E-010
2.0219900E-002   5.8248001E-010
2.1172800E-002   5.1462601E-010
2.2170700E-002   4.5982401E-010
2.3215500E-002   4.1085799E-010
 6
 1   2   3   4
 xy
 100
1.0133900E-003   4.8645376E-008
1.0611500E-003   4.7029637E-008
1.1111700E-003   4.5467566E-008
1.1635300E-003   4.3957378E-008
1.2183700E-003   4.2978556E-008
1.2757900E-003   4.1226900E-008
1.3359100E-003   3.9639100E-008
1.3988700E-003   3.8327800E-008
1.4648000E-003   3.7284400E-008
1.5338400E-003   3.6304100E-008
1.6061200E-003   3.4937000E-008
1.6818200E-003   3.3676000E-008
1.7610800E-003   3.2440600E-008
1.8440800E-003   3.1411700E-008
1.9309800E-003   3.0476700E-008
2.0219900E-003   2.8743600E-008
2.1172800E-003   2.7994800E-008
2.2170700E-003   2.6607400E-008
2.3215500E-003   2.5461600E-008
2.4309700E-003   2.4067800E-008
2.5455300E-003   2.3094800E-008
2.6655000E-003   2.1820400E-008
2.7911200E-003   2.0908900E-008
2.9226600E-003   1.9792000E-008
3.0604000E-003   1.8789500E-008
3.2046400E-003   1.7622800E-008
3.3556700E-003   1.6650800E-008
3.5138100E-003   1.5915800E-008
3.6794100E-003   1.5045700E-008
3.8528200E-003   1.4036000E-008
4.0344000E-003   1.3198800E-008
4.2245300E-003   1.2455309E-008
4.4236300E-003   1.1511309E-008
4.6321100E-003   1.0657900E-008
4.8504100E-003   1.0039600E-008
5.0790100E-003   9.4253300E-009
5.3183700E-003   8.7861100E-009
5.5690200E-003   8.1867300E-009
5.8314800E-003   7.6216899E-009
6.1063100E-003   7.0934210E-009
6.3940900E-003   6.5558030E-009
6.6954300E-003   6.0589320E-009
7.0109800E-003   5.5370220E-009
7.3414000E-003   5.1417000E-009
7.6873900E-003   4.6912700E-009
8.0496800E-003   4.3241171E-009
8.4290500E-003   3.9498169E-009
8.8263000E-003   3.5907300E-009
9.2422700E-003   3.2875800E-009
9.6778500E-003   3.0342491E-009
1.0133900E-002   2.6963061E-009
1.0611500E-002   2.4532600E-009
1.1111700E-002   2.2321220E-009
1.1635300E-002   1.9835169E-009
1.2183700E-002   1.7757780E-009
1.2757900E-002   1.5747700E-009
1.3359100E-002   1.3992400E-009
1.3988700E-002   1.2368230E-009
1.4648000E-002   1.0775400E-009
1.5338400E-002   9.5386599E-010
1.6061200E-002   8.2784402E-010
1.6818200E-002   7.3472700E-010
1.7610800E-002   6.3845201E-010
1.8440800E-002   5.6734401E-010
1.9309800E-002   5.0415500E-010
2.0219900E-002   4.4455101E-010
2.1172800E-002   3.9276399E-010
2.2170700E-002   3.3928299E-010
2.3215500E-002   2.9640301E-010
 7
 1   2   3   4
 xy
 100
1.0133900E-003   4.3461800E-008
1.0611500E-003   4.3077700E-008
1.1111700E-003   4.2540500E-008
1.1635300E-003   4.1773400E-008
1.2183700E-003   4.0502400E-008
1.2757900E-003   3.9201000E-008
1.3359100E-003   3.8508800E-008
1.3988700E-003   3.7671100E-008
1.4648000E-003   3.6200600E-008
1.5338400E-003   3.5388700E-008
1.6061200E-003   3.4421200E-008
1.6818200E-003   3.2920100E-008
1.7610800E-003   3.2037900E-008
1.8440800E-003   3.0896800E-008
1.9309800E-003   2.9715800E-008
2.0219900E-003   2.8494400E-008
2.1172800E-003   2.7234800E-008
2.2170700E-003   2.6478400E-008
2.3215500E-003   2.4892100E-008
2.4309700E-003   2.4022300E-008
2.5455300E-003   2.2777400E-008
2.6655000E-003   2.2113400E-008
2.7911200E-003   2.0705500E-008
2.9226600E-003   1.9710800E-008
3.0604000E-003   1.8861100E-008
3.2046400E-003   1.7608900E-008
3.3556700E-003   1.6561800E-008
3.5138100E-003   1.5756100E-008
3.6794100E-003   1.4761400E-008
3.8528200E-003   1.3986400E-008
4.0344000E-003   1.3062800E-008
4.2245300E-003   1.2341200E-008
4.4236300E-003   1.1637700E-008
4.6321100E-003   1.0911000E-008
4.8504100E-003   1.0140400E-008
5.0790100E-003   9.4219700E-009
5.3183700E-003   8.8002200E-009
5.5690200E-003   8.1134200E-009
5.8314800E-003   7.5645700E-009
6.1063100E-003   6.8708600E-009
6.3940900E-003   6.4433100E-009
6.6954300E-003   6.0465300E-009
7.0109800E-003   5.4759761E-009
7.3414000E-003   5.0564400E-009
7.6873900E-003   4.6304200E-009
8.0496800E-003   4.3221200E-009
8.4290500E-003   3.9722500E-009
8.8263000E-003   3.5910900E-009
9.2422700E-003   3.2344400E-009
9.6778500E-003   2.9824000E-009
1.0133900E-002   2.7548490E-009
1.0611500E-002   2.5047300E-009
1.1111700E-002   2.2656200E-009
1.1635300E-002   2.0845790E-009
1.2183700E-002   1.9151760E-009
1.2757900E-002   1.7214620E-009
1.3359100E-002   1.5494730E-009
1.3988700E-002   1.4177159E-009
1.4648000E-002   1.2810890E-009
1.5338400E-002   1.1576300E-009
1.6061200E-002   1.0494200E-009
1.6818200E-002   9.5386599E-010
1.7610800E-002   8.6613900E-010
1.8440800E-002   7.7184598E-010
1.9309800E-002   6.9261302E-010
2.0219900E-002   6.0952299E-010
2.1172800E-002   5.4488902E-010
2.2170700E-002   4.7809401E-010
2.3215500E-002   4.2739701E-010
 8
 1   2   3   4
 xy
 100
1.0133900E-003   4.5433500E-008
1.0611500E-003   4.4882300E-008
1.1111700E-003   4.4125400E-008
1.1635300E-003   4.2511900E-008
1.2183700E-003   4.1589200E-008
1.2757900E-003   4.0642725E-008
1.3359100E-003   3.9872100E-008
1.3988700E-003   3.8489500E-008
1.4648000E-003   3.7635800E-008
1.5338400E-003   3.6677600E-008
1.6061200E-003   3.5193100E-008
1.6818200E-003   3.4158400E-008
1.7610800E-003   3.3019100E-008
1.8440800E-003   3.2070997E-008
1.9309800E-003   3.0318700E-008
2.0219900E-003   2.9070300E-008
2.1172800E-003   2.7864600E-008
2.2170700E-003   2.6770500E-008
2.3215500E-003   2.5368100E-008
2.4309700E-003   2.4080400E-008
2.5455300E-003   2.3141600E-008
2.6655000E-003   2.2078700E-008
2.7911200E-003   2.1031500E-008
2.9226600E-003   1.9825579E-008
3.0604000E-003   1.8950000E-008
3.2046400E-003   1.7949400E-008
3.3556700E-003   1.6880444E-008
3.5138100E-003   1.5956365E-008
3.6794100E-003   1.4846500E-008
3.8528200E-003   1.3987700E-008
4.0344000E-003   1.3344648E-008
4.2245300E-003   1.2406500E-008
4.4236300E-003   1.1528000E-008
4.6321100E-003   1.0776600E-008
4.8504100E-003   1.0004100E-008
5.0790100E-003   9.3922400E-009
5.3183700E-003   8.6871097E-009
5.5690200E-003   8.2115550E-009
5.8314800E-003   7.6712600E-009
6.1063100E-003   7.1737412E-009
6.3940900E-003   6.5806000E-009
6.6954300E-003   6.0908278E-009
7.0109800E-003   5.5935589E-009
7.3414000E-003   5.1084200E-009
7.6873900E-003   4.6604520E-009
8.0496800E-003   4.2799622E-009
8.4290500E-003   3.9058000E-009
8.8263000E-003   3.6158000E-009
9.2422700E-003   3.3180620E-009
9.6778500E-003   3.0653950E-009
1.0133900E-002   2.7686009E-009
1.0611500E-002   2.5005431E-009
1.1111700E-002   2.2578200E-009
1.1635300E-002   2.0309181E-009
1.2183700E-002   1.8047220E-009
1.2757900E-002   1.6420429E-009
1.3359100E-002   1.4670550E-009
1.3988700E-002   1.2966430E-009
1.4648000E-002   1.1253360E-009
1.5338400E-002   9.9070196E-010
1.6061200E-002   8.6788399E-010
1.6818200E-002   7.5322198E-010
1.7610800E-002   6.6920303E-010
1.8440800E-002   5.8716798E-010
1.9309800E-002   5.0902299E-010
2.0219900E-002   4.5071000E-010
2.1172800E-002   3.9662201E-010
2.2170700E-002   3.4800199E-010
2.3215500E-002   3.0534200E-010
 9
 1   2   3   4
 xy
 100
1.0133900E-003   4.7352100E-008
1.0611500E-003   4.6482700E-008
1.1111700E-003   4.4929400E-008
1.1635300E-003   4.3620200E-008
1.2183700E-003   4.3197900E-008
1.2757900E-003   4.2287400E-008
1.3359100E-003   4.0717000E-008
1.3988700E-003   3.9779300E-008
1.4648000E-003   3.7974072E-008
1.5338400E-003   3.6910300E-008
1.6061200E-003   3.5692300E-008
1.6818200E-003   3.4772000E-008
1.7610800E-003   3.3242400E-008
1.8440800E-003   3.2235400E-008
1.9309800E-003   3.1217800E-008
2.0219900E-003   3.0138072E-008
2.1172800E-003   2.8720700E-008
2.2170700E-003   2.7115300E-008
2.3215500E-003   2.6019000E-008
2.4309700E-003   2.4630900E-008
2.5455300E-003   2.3540600E-008
2.6655000E-003   2.2712522E-008
2.7911200E-003   2.1345200E-008
2.9226600E-003   2.0012500E-008
3.0604000E-003   1.8969500E-008
3.2046400E-003   1.8258700E-008
3.3556700E-003   1.6923931E-008
3.5138100E-003   1.5996300E-008
3.6794100E-003   1.4998000E-008
3.8528200E-003   1.4337900E-008
4.0344000E-003   1.3241500E-008
4.2245300E-003   1.2468755E-008
4.4236300E-003   1.1535200E-008
4.6321100E-003   1.0724000E-008
4.8504100E-003   9.9521600E-009
5.0790100E-003   9.3830100E-009
5.3183700E-003   8.5533400E-009
5.5690200E-003   7.8405931E-009
5.8314800E-003   7.1709400E-009
6.1063100E-003   6.6919519E-009
6.3940900E-003   6.0440319E-009
6.6954300E-003   5.5209619E-009
7.0109800E-003   5.1005462E-009
7.3414000E-003   4.6067079E-009
7.6873900E-003   4.2080281E-009
8.0496800E-003   3.8663400E-009
8.4290500E-003   3.5743040E-009
8.8263000E-003   3.2073220E-009
9.2422700E-003   2.8942659E-009
9.6778500E-003   2.5719140E-009
1.0133900E-002   2.2964379E-009
1.0611500E-002   2.0309181E-009
1.1111700E-002   1.8352350E-009
1.1635300E-002   1.6406280E-009
1.2183700E-002   1.4943150E-009
1.2757900E-002   1.3358590E-009
1.3359100E-002   1.1942060E-009
1.3988700E-002   1.0702470E-009
1.4648000E-002   9.5436803E-010
1.5338400E-002   8.3737700E-010
1.6061200E-002   7.4858197E-010
1.6818200E-002   6.6920303E-010
1.7610800E-002   5.8716798E-010
1.8440800E-002   5.1519000E-010
1.9309800E-002   4.5291801E-010
2.0219900E-002   3.9662201E-010
2.1172800E-002   3.4800199E-010
2.2170700E-002   3.0138100E-010
2.3215500E-002   2.6015601E-010
 10
 1   2   3   4
 xy
 100
1.0133900E-003   4.5890200E-008
1.0611500E-003   4.5274200E-008
1.1111700E-003   4.4345100E-008
1.1635300E-003   4.3197200E-008
1.2183700E-003   4.2356000E-008
1.2757900E-003   4.1690700E-008
1.3359100E-003   4.0441500E-008
1.3988700E-003   3.8912600E-008
1.4648000E-003   3.8016800E-008
1.5338400E-003   3.6972500E-008
1.6061200E-003   3.5792600E-008
1.6818200E-003   3.4687600E-008
1.7610800E-003   3.3504100E-008
1.8440800E-003   3.2255183E-008
1.9309800E-003   3.1127500E-008
2.0219900E-003   2.9854200E-008
2.1172800E-003   2.8823100E-008
2.2170700E-003   2.7594200E-008
2.3215500E-003   2.6196600E-008
2.4309700E-003   2.5292200E-008
2.5455300E-003   2.3775700E-008
2.6655000E-003   2.2497300E-008
2.7911200E-003   2.1463242E-008
2.9226600E-003   2.0455100E-008
3.0604000E-003   1.9385155E-008
3.2046400E-003   1.8483300E-008
3.3556700E-003   1.7464500E-008
3.5138100E-003   1.6479600E-008
3.6794100E-003   1.5769300E-008
3.8528200E-003   1.4641200E-008
4.0344000E-003   1.3805405E-008
4.2245300E-003   1.3046052E-008
4.4236300E-003   1.2102300E-008
4.6321100E-003   1.1328500E-008
4.8504100E-003   1.0492100E-008
5.0790100E-003   9.9435846E-009
5.3183700E-003   9.2613200E-009
5.5690200E-003   8.5854800E-009
5.8314800E-003   7.8803700E-009
6.1063100E-003   7.1620421E-009
6.3940900E-003   6.5902300E-009
6.6954300E-003   6.1128080E-009
7.0109800E-003   5.6004100E-009
7.3414000E-003   5.2172870E-009
7.6873900E-003   4.7657660E-009
8.0496800E-003   4.3275700E-009
8.4290500E-003   3.9750900E-009
8.8263000E-003   3.6324239E-009
9.2422700E-003   3.3180620E-009
9.6778500E-003   3.0020300E-009
1.0133900E-002   2.7458000E-009
1.0611500E-002   2.5005431E-009
1.1111700E-002   2.2841380E-009
1.1635300E-002   2.0779600E-009
1.2183700E-002   1.8844490E-009
1.2757900E-002   1.7213621E-009
1.3359100E-002   1.5546990E-009
1.3988700E-002   1.3918410E-009
1.4648000E-002   1.2539501E-009
1.5338400E-002   1.1325409E-009
1.6061200E-002   9.9982900E-010
1.6818200E-002   8.9301699E-010
1.7610800E-002   7.7122198E-010
1.8440800E-002   6.8532602E-010
1.9309800E-002   6.0783201E-010
2.0219900E-002   5.3065902E-010
2.1172800E-002   4.5807200E-010
2.2170700E-002   4.0446399E-010
2.3215500E-002   3.5712899E-010
 11
 1   2   3   4
 xy
 100
1.0133900E-003   4.8276600E-008
1.0611500E-003   4.7687800E-008
1.1111700E-003   4.6676000E-008
1.1635300E-003   4.5506900E-008
1.2183700E-003   4.4308800E-008
1.2757900E-003   4.3416600E-008
1.3359100E-003   4.2360100E-008
1.3988700E-003   4.0878200E-008
1.4648000E-003   3.9932800E-008
1.5338400E-003   3.8800200E-008
1.6061200E-003   3.7101900E-008
1.6818200E-003   3.6069400E-008
1.7610800E-003   3.5073300E-008
1.8440800E-003   3.4132611E-008
1.9309800E-003   3.2529100E-008
2.0219900E-003   3.1210400E-008
2.1172800E-003   2.9610100E-008
2.2170700E-003   2.8591600E-008
2.3215500E-003   2.7061700E-008
2.4309700E-003   2.6088500E-008
2.5455300E-003   2.4947500E-008
2.6655000E-003   2.4174100E-008
2.7911200E-003   2.2955700E-008
2.9226600E-003   2.1439900E-008
3.0604000E-003   2.0393600E-008
3.2046400E-003   1.9367400E-008
3.3556700E-003   1.8289900E-008
3.5138100E-003   1.7196000E-008
3.6794100E-003   1.6175035E-008
3.8528200E-003   1.5113365E-008
4.0344000E-003   1.4030300E-008
4.2245300E-003   1.3344648E-008
4.4236300E-003   1.2342100E-008
4.6321100E-003   1.1498200E-008
4.8504100E-003   1.0798900E-008
5.0790100E-003   1.0068300E-008
5.3183700E-003   9.2802500E-009
5.5690200E-003   8.6550700E-009
5.8314800E-003   7.9826000E-009
6.1063100E-003   7.4063600E-009
6.3940900E-003   6.7681012E-009
6.6954300E-003   6.3958279E-009
7.0109800E-003   5.8780159E-009
7.3414000E-003   5.4759761E-009
7.6873900E-003   5.1005462E-009
8.0496800E-003   4.6591282E-009
8.4290500E-003   4.2231938E-009
8.8263000E-003   3.8425130E-009
9.2422700E-003   3.4961469E-009
9.6778500E-003   3.1067600E-009
1.0133900E-002   2.8319691E-009
1.0611500E-002   2.5719140E-009
1.1111700E-002   2.3400799E-009
1.1635300E-002   2.0794511E-009
1.2183700E-002   1.8478500E-009
1.2757900E-002   1.6828450E-009
1.3359100E-002   1.4940290E-009
1.3988700E-002   1.3276300E-009
1.4648000E-002   1.1942060E-009
1.5338400E-002   1.0734190E-009
1.6061200E-002   9.5436803E-010
1.6818200E-002   8.4762802E-010
1.7610800E-002   7.5361600E-010
1.8440800E-002   6.8532602E-010
1.9309800E-002   6.0952299E-010
2.0219900E-002   5.3669802E-010
2.1172800E-002   4.7809401E-010
2.2170700E-002   4.2739701E-010
2.3215500E-002   3.7500500E-010
 12
 1   2   3   4
 xy
 100
1.0133900E-003   5.0517000E-008
1.0611500E-003   4.9725500E-008
1.1111700E-003   4.9024600E-008
1.1635300E-003   4.7996000E-008
1.2183700E-003   4.6660800E-008
1.2757900E-003   4.5501100E-008
1.3359100E-003   4.4522900E-008
1.3988700E-003   4.2915800E-008
1.4648000E-003   4.1096800E-008
1.5338400E-003   3.9873300E-008
1.6061200E-003   3.9007000E-008
1.6818200E-003   3.7235700E-008
1.7610800E-003   3.6457400E-008
1.8440800E-003   3.4821300E-008
1.9309800E-003   3.3121700E-008
2.0219900E-003   3.1793500E-008
2.1172800E-003   3.0827866E-008
2.2170700E-003   2.9362400E-008
2.3215500E-003   2.7619000E-008
2.4309700E-003   2.6888000E-008
2.5455300E-003   2.5722869E-008
2.6655000E-003   2.4034517E-008
2.7911200E-003   2.2712522E-008
2.9226600E-003   2.1349100E-008
3.0604000E-003   2.0376500E-008
3.2046400E-003   1.9165300E-008
3.3556700E-003   1.7728000E-008
3.5138100E-003   1.7105900E-008
3.6794100E-003   1.6255100E-008
3.8528200E-003   1.5285343E-008
4.0344000E-003   1.4282070E-008
4.2245300E-003   1.3251600E-008
4.4236300E-003   1.2610639E-008
4.6321100E-003   1.1694300E-008
4.8504100E-003   1.0861691E-008
5.0790100E-003   1.0109700E-008
5.3183700E-003   9.4266852E-009
5.5690200E-003   8.7322200E-009
5.8314800E-003   7.9903186E-009
6.1063100E-003   7.2700681E-009
6.3940900E-003   6.6919519E-009
6.6954300E-003   6.1128080E-009
7.0109800E-003   5.5837859E-009
7.3414000E-003   5.1585860E-009
7.6873900E-003   4.8199960E-009
8.0496800E-003   4.4160142E-009
8.4290500E-003   4.0675849E-009
8.8263000E-003   3.7578429E-009
9.2422700E-003   3.4145491E-009
9.6778500E-003   3.1067600E-009
1.0133900E-002   2.8267151E-009
1.0611500E-002   2.5289979E-009
1.1111700E-002   2.3101301E-009
1.1635300E-002   2.0629860E-009
1.2183700E-002   1.8632460E-009
1.2757900E-002   1.6812840E-009
1.3359100E-002   1.5028100E-009
1.3988700E-002   1.3420360E-009
1.4648000E-002   1.2120990E-009
1.5338400E-002   1.0734190E-009
1.6061200E-002   9.5596000E-010
1.6818200E-002   8.5350099E-010
1.7610800E-002   7.5361600E-010
1.8440800E-002   6.6542000E-010
1.9309800E-002   5.8716798E-010
2.0219900E-002   5.0415500E-010
2.1172800E-002   4.3545700E-010
2.2170700E-002   3.8207601E-010
2.3215500E-002   3.2903399E-010
 13
 1   2   3   4
 xy
 100
1.0133900E-003   5.0147600E-008
1.0611500E-003   4.8726100E-008
1.1111700E-003   4.7923100E-008
1.1635300E-003   4.7275200E-008
1.2183700E-003   4.6328438E-008
1.2757900E-003   4.4782222E-008
1.3359100E-003   4.3328900E-008
1.3988700E-003   4.2277100E-008
1.4648000E-003   4.0637200E-008
1.5338400E-003   3.9736200E-008
1.6061200E-003   3.9046400E-008
1.6818200E-003   3.6853400E-008
1.7610800E-003   3.5412000E-008
1.8440800E-003   3.4189600E-008
1.9309800E-003   3.3368870E-008
2.0219900E-003   3.1824900E-008
2.1172800E-003   3.0628400E-008
2.2170700E-003   2.9429800E-008
2.3215500E-003   2.8159922E-008
2.4309700E-003   2.6698600E-008
2.5455300E-003   2.4951900E-008
2.6655000E-003   2.4024100E-008
2.7911200E-003   2.2383900E-008
2.9226600E-003   2.1463242E-008
3.0604000E-003   2.0385700E-008
3.2046400E-003   1.9467700E-008
3.3556700E-003   1.8600100E-008
3.5138100E-003   1.7455600E-008
3.6794100E-003   1.6131200E-008
3.8528200E-003   1.5416500E-008
4.0344000E-003   1.4570400E-008
4.2245300E-003   1.3443200E-008
4.4236300E-003   1.2610639E-008
4.6321100E-003   1.1650353E-008
4.8504100E-003   1.0848900E-008
5.0790100E-003   1.0047800E-008
5.3183700E-003   9.3432900E-009
5.5690200E-003   8.6269200E-009
5.8314800E-003   7.9787300E-009
6.1063100E-003   7.3062200E-009
6.3940900E-003   6.7864550E-009
6.6954300E-003   6.3095729E-009
7.0109800E-003   5.7408260E-009
7.3414000E-003   5.3750200E-009
7.6873900E-003   4.8660831E-009
8.0496800E-003   4.5413000E-009
8.4290500E-003   4.1112700E-009
8.8263000E-003   3.7437900E-009
9.2422700E-003   3.3348551E-009
9.6778500E-003   2.9845600E-009
1.0133900E-002   2.6942400E-009
1.0611500E-002   2.4288209E-009
1.1111700E-002   2.1291440E-009
1.1635300E-002   1.8802300E-009
1.2183700E-002   1.6715670E-009
1.2757900E-002   1.4943150E-009
1.3359100E-002   1.3269360E-009
1.3988700E-002   1.1721020E-009
1.4648000E-002   1.0463000E-009
1.5338400E-002   9.4499597E-010
1.6061200E-002   8.3440299E-010
1.6818200E-002   7.4513701E-010
1.7610800E-002   6.5724598E-010
1.8440800E-002   5.8585498E-010
1.9309800E-002   5.1624899E-010
2.0219900E-002   4.6328399E-010
2.1172800E-002   4.0906600E-010
2.2170700E-002   3.5732101E-010
2.3215500E-002   3.0770900E-010
 14
 1   2   3   4
 xy
 100
1.0133900E-003   4.9359300E-008
1.0611500E-003   4.8360700E-008
1.1111700E-003   4.7224900E-008
1.1635300E-003   4.6256300E-008
1.2183700E-003   4.5540900E-008
1.2757900E-003   4.4075300E-008
1.3359100E-003   4.2375400E-008
1.3988700E-003   4.1428300E-008
1.4648000E-003   4.0437400E-008
1.5338400E-003   3.9080600E-008
1.6061200E-003   3.7490200E-008
1.6818200E-003   3.6195400E-008
1.7610800E-003   3.5046800E-008
1.8440800E-003   3.4180800E-008
1.9309800E-003   3.2661900E-008
2.0219900E-003   3.1145400E-008
2.1172800E-003   3.0427800E-008
2.2170700E-003   2.8608400E-008
2.3215500E-003   2.7400500E-008
2.4309700E-003   2.6091700E-008
2.5455300E-003   2.5324400E-008
2.6655000E-003   2.3985100E-008
2.7911200E-003   2.2832900E-008
2.9226600E-003   2.1445500E-008
3.0604000E-003   2.0143800E-008
3.2046400E-003   1.9244600E-008
3.3556700E-003   1.8067800E-008
3.5138100E-003   1.7416015E-008
3.6794100E-003   1.6392600E-008
3.8528200E-003   1.5298300E-008
4.0344000E-003   1.4187300E-008
4.2245300E-003   1.3220700E-008
4.4236300E-003   1.2337400E-008
4.6321100E-003   1.1645745E-008
4.8504100E-003   1.0727100E-008
5.0790100E-003   1.0028788E-008
5.3183700E-003   9.4213100E-009
5.5690200E-003   8.7098300E-009
5.8314800E-003   8.0998100E-009
6.1063100E-003   7.4316900E-009
6.3940900E-003   6.8145300E-009
6.6954300E-003   6.2395600E-009
7.0109800E-003   5.7013100E-009
7.3414000E-003   5.2648900E-009
7.6873900E-003   4.8044968E-009
8.0496800E-003   4.3873700E-009
8.4290500E-003   4.0433519E-009
8.8263000E-003   3.6880050E-009
9.2422700E-003   3.3348551E-009
9.6778500E-003   2.9984990E-009
1.0133900E-002   2.6963061E-009
1.0611500E-002   2.3831400E-009
1.1111700E-002   2.1551600E-009
1.1635300E-002   1.9427600E-009
1.2183700E-002   1.7466150E-009
1.2757900E-002   1.5245900E-009
1.3359100E-002   1.3699900E-009
1.3988700E-002   1.2368230E-009
1.4648000E-002   1.1155600E-009
1.5338400E-002   1.0093850E-009
1.6061200E-002   9.1936703E-010
1.6818200E-002   8.3737700E-010
1.7610800E-002   7.7708101E-010
1.8440800E-002   7.0419098E-010
1.9309800E-002   6.3272798E-010
2.0219900E-002   5.6563398E-010
2.1172800E-002   5.1519000E-010
2.2170700E-002   4.6056001E-010
2.3215500E-002   4.1172199E-010
 15
 1   2   3   4
 xy
 100
1.0133900E-003   5.4995176E-008
1.0611500E-003   5.3130428E-008
1.1111700E-003   5.0742084E-008
1.1635300E-003   4.9588476E-008
1.2183700E-003   4.7907058E-008
1.2757900E-003   4.5753517E-008
1.3359100E-003   4.4202132E-008
1.3988700E-003   4.3197208E-008
1.4648000E-003   4.1732498E-008
1.5338400E-003   3.9856520E-008
1.6061200E-003   3.8840200E-008
1.6818200E-003   3.7178900E-008
1.7610800E-003   3.6222161E-008
1.8440800E-003   3.5376750E-008
1.9309800E-003   3.3930228E-008
2.0219900E-003   3.2302900E-008
2.1172800E-003   3.0771300E-008
2.2170700E-003   2.9172000E-008
2.3215500E-003   2.7905697E-008
2.4309700E-003   2.6350700E-008
2.5455300E-003   2.5596100E-008
2.6655000E-003   2.4062900E-008
2.7911200E-003   2.2950863E-008
2.9226600E-003   2.1919163E-008
3.0604000E-003   2.0797500E-008
3.2046400E-003   1.9314909E-008
3.3556700E-003   1.8446654E-008
3.5138100E-003   1.7583600E-008
3.6794100E-003   1.6442961E-008
3.8528200E-003   1.5171333E-008
4.0344000E-003   1.4187800E-008
4.2245300E-003   1.3120450E-008
4.4236300E-003   1.2477565E-008
4.6321100E-003   1.1380983E-008
4.8504100E-003   1.0869379E-008
5.0790100E-003   1.0010200E-008
5.3183700E-003   9.2066701E-009
5.5690200E-003   8.4399927E-009
5.8314800E-003   7.6614200E-009
6.1063100E-003   7.1003878E-009
6.3940900E-003   6.4200900E-009
6.6954300E-003   5.9092939E-009
7.0109800E-003   5.3899600E-009
7.3414000E-003   4.9420800E-009
7.6873900E-003   4.5360640E-009
8.0496800E-003   4.1231200E-009
8.4290500E-003   3.6880050E-009
8.8263000E-003   3.3348551E-009
9.2422700E-003   3.0331759E-009
9.6778500E-003   2.6963061E-009
1.0133900E-002   2.4532600E-009
1.0611500E-002   2.1954000E-009
1.1111700E-002   1.9372219E-009
1.1635300E-002   1.7266470E-009
1.2183700E-002   1.5297320E-009
1.2757900E-002   1.3562340E-009
1.3359100E-002   1.2089180E-009
1.3988700E-002   1.0483659E-009
1.4648000E-002   9.3160302E-010
1.5338400E-002   8.0852303E-010
1.6061200E-002   7.2890599E-010
1.6818200E-002   6.4230399E-010
1.7610800E-002   5.6734401E-010
1.8440800E-002   5.0451199E-010
1.9309800E-002   4.5491200E-010
2.0219900E-002   4.0086301E-010
2.1172800E-002   3.5323600E-010
2.2170700E-002   3.1696701E-010
2.3215500E-002   2.8335601E-010
 16
 1   2   3   4
 xy
 100
1.0133900E-003   5.0745900E-008
1.0611500E-003   4.9787600E-008
1.1111700E-003   4.8227000E-008
1.1635300E-003   4.6811600E-008
1.2183700E-003   4.5874000E-008
1.2757900E-003   4.4921600E-008
1.3359100E-003   4.3866000E-008
1.3988700E-003   4.2172900E-008
1.4648000E-003   4.0978100E-008
1.5338400E-003   3.9907500E-008
1.6061200E-003   3.8194200E-008
1.6818200E-003   3.7058200E-008
1.7610800E-003   3.5955300E-008
1.8440800E-003   3.5121094E-008
1.9309800E-003   3.3355100E-008
2.0219900E-003   3.2404976E-008
2.1172800E-003   3.0522900E-008
2.2170700E-003   2.9358600E-008
2.3215500E-003   2.8107700E-008
2.4309700E-003   2.6532700E-008
2.5455300E-003   2.5205500E-008
2.6655000E-003   2.4123500E-008
2.7911200E-003   2.3077700E-008
2.9226600E-003   2.1919163E-008
3.0604000E-003   2.0723700E-008
3.2046400E-003   1.9490100E-008
3.3556700E-003   1.8506400E-008
3.5138100E-003   1.7403400E-008
3.6794100E-003   1.6200700E-008
3.8528200E-003   1.5143400E-008
4.0344000E-003   1.4172500E-008
4.2245300E-003   1.3147100E-008
4.4236300E-003   1.2188500E-008
4.6321100E-003   1.1508000E-008
4.8504100E-003   1.0648300E-008
5.0790100E-003   1.0040700E-008
5.3183700E-003   9.3299200E-009
5.5690200E-003   8.4582300E-009
5.8314800E-003   7.9272300E-009
6.1063100E-003   7.3014400E-009
6.3940900E-003   6.7836070E-009
6.6954300E-003   6.3313759E-009
7.0109800E-003   5.8400000E-009
7.3414000E-003   5.3084700E-009
7.6873900E-003   4.8236100E-009
8.0496800E-003   4.4353800E-009
8.4290500E-003   4.0433519E-009
8.8263000E-003   3.6880050E-009
9.2422700E-003   3.3638869E-009
9.6778500E-003   3.0387600E-009
1.0133900E-002   2.7837300E-009
1.0611500E-002   2.4689200E-009
1.1111700E-002   2.2321220E-009
1.1635300E-002   2.0309181E-009
1.2183700E-002   1.8499760E-009
1.2757900E-002   1.6812840E-009
1.3359100E-002   1.5224950E-009
1.3988700E-002   1.3593560E-009
1.4648000E-002   1.2368230E-009
1.5338400E-002   1.0877050E-009
1.6061200E-002   9.6055397E-010
1.6818200E-002   8.2784402E-010
1.7610800E-002   7.3472700E-010
1.8440800E-002   6.5681699E-010
1.9309800E-002   5.7915700E-010
2.0219900E-002   5.1519000E-010
2.1172800E-002   4.5203499E-010
2.2170700E-002   3.9662201E-010
2.3215500E-002   3.4800199E-010
 17
 1   2   3   4
 xy
 100
1.0133900E-003   4.7366300E-008
1.0611500E-003   4.6282651E-008
1.1111700E-003   4.5379500E-008
1.1635300E-003   4.4529100E-008
1.2183700E-003   4.3695900E-008
1.2757900E-003   4.2182300E-008
1.3359100E-003   4.1075900E-008
1.3988700E-003   4.0335200E-008
1.4648000E-003   3.9294200E-008
1.5338400E-003   3.7886600E-008
1.6061200E-003   3.6730000E-008
1.6818200E-003   3.5597800E-008
1.7610800E-003   3.4344500E-008
1.8440800E-003   3.3163400E-008
1.9309800E-003   3.1830200E-008
2.0219900E-003   3.0613900E-008
2.1172800E-003   2.9346500E-008
2.2170700E-003   2.8259100E-008
2.3215500E-003   2.7152500E-008
2.4309700E-003   2.5924200E-008
2.5455300E-003   2.4736500E-008
2.6655000E-003   2.3736200E-008
2.7911200E-003   2.2499500E-008
2.9226600E-003   2.1497200E-008
3.0604000E-003   2.0457918E-008
3.2046400E-003   1.9378500E-008
3.3556700E-003   1.8189300E-008
3.5138100E-003   1.7235300E-008
3.6794100E-003   1.6240500E-008
3.8528200E-003   1.5354700E-008
4.0344000E-003   1.4520400E-008
4.2245300E-003   1.3485500E-008
4.4236300E-003   1.2559600E-008
4.6321100E-003   1.1674800E-008
4.8504100E-003   1.0930300E-008
5.0790100E-003   1.0262093E-008
5.3183700E-003   9.5787100E-009
5.5690200E-003   8.9670600E-009
5.8314800E-003   8.3700800E-009
6.1063100E-003   7.6656900E-009
6.3940900E-003   7.0034200E-009
6.6954300E-003   6.5444500E-009
7.0109800E-003   6.0544900E-009
7.3414000E-003   5.5791340E-009
7.6873900E-003   5.0394200E-009
8.0496800E-003   4.5784400E-009
8.4290500E-003   4.2336659E-009
8.8263000E-003   3.8598000E-009
9.2422700E-003   3.5573700E-009
9.6778500E-003   3.2874099E-009
1.0133900E-002   3.0151000E-009
1.0611500E-002   2.7068600E-009
1.1111700E-002   2.5118860E-009
1.1635300E-002   2.3008200E-009
1.2183700E-002   2.0916391E-009
1.2757900E-002   1.8930131E-009
1.3359100E-002   1.6873920E-009
1.3988700E-002   1.5215010E-009
1.4648000E-002   1.3719190E-009
1.5338400E-002   1.2396710E-009
1.6061200E-002   1.1291150E-009
1.6818200E-002   1.0238970E-009
1.7610800E-002   9.1936703E-010
1.8440800E-002   8.1772900E-010
1.9309800E-002   7.3472700E-010
2.0219900E-002   6.5681699E-010
2.1172800E-002   5.8090199E-010
2.2170700E-002   5.2221899E-010
2.3215500E-002   4.6549500E-010
 18
 1   2   3   4
 xy
 100
1.0133900E-003   5.2542800E-008
1.0611500E-003   5.1684500E-008
1.1111700E-003   5.0635500E-008
1.1635300E-003   4.9148100E-008
1.2183700E-003   4.7885500E-008
1.2757900E-003   4.6858600E-008
1.3359100E-003   4.5409400E-008
1.3988700E-003   4.3712900E-008
1.4648000E-003   4.2046300E-008
1.5338400E-003   4.0783725E-008
1.6061200E-003   3.9207400E-008
1.6818200E-003   3.8046700E-008
1.7610800E-003   3.6774185E-008
1.8440800E-003   3.5444600E-008
1.9309800E-003   3.4322800E-008
2.0219900E-003   3.2812800E-008
2.1172800E-003   3.1448700E-008
2.2170700E-003   3.0438100E-008
2.3215500E-003   2.8295800E-008
2.4309700E-003   2.7101400E-008
2.5455300E-003   2.5909800E-008
2.6655000E-003   2.4723500E-008
2.7911200E-003   2.3585000E-008
2.9226600E-003   2.2688472E-008
3.0604000E-003   2.1211600E-008
3.2046400E-003   2.0007000E-008
3.3556700E-003   1.8781300E-008
3.5138100E-003   1.7683300E-008
3.6794100E-003   1.6674600E-008
3.8528200E-003   1.5387600E-008
4.0344000E-003   1.4427100E-008
4.2245300E-003   1.3700000E-008
4.4236300E-003   1.2973800E-008
4.6321100E-003   1.2128000E-008
4.8504100E-003   1.1250868E-008
5.0790100E-003   1.0315900E-008
5.3183700E-003   9.6067400E-009
5.5690200E-003   9.0428349E-009
5.8314800E-003   8.3146400E-009
6.1063100E-003   7.6885800E-009
6.3940900E-003   6.9620400E-009
6.6954300E-003   6.4045982E-009
7.0109800E-003   5.8156200E-009
7.3414000E-003   5.4426900E-009
7.6873900E-003   4.9015500E-009
8.0496800E-003   4.5729700E-009
8.4290500E-003   4.1886100E-009
8.8263000E-003   3.8328500E-009
9.2422700E-003   3.4087500E-009
9.6778500E-003   3.1037390E-009
1.0133900E-002   2.8203579E-009
1.0611500E-002   2.5526501E-009
1.1111700E-002   2.2753790E-009
1.1635300E-002   2.0754090E-009
1.2183700E-002   1.8930131E-009
1.2757900E-002   1.7069069E-009
1.3359100E-002   1.5512061E-009
1.3988700E-002   1.4049700E-009
1.4648000E-002   1.2630480E-009
1.5338400E-002   1.1082170E-009
1.6061200E-002   9.7393800E-010
1.6818200E-002   8.6612001E-010
1.7610800E-002   7.7204099E-010
1.8440800E-002   6.6920303E-010
1.9309800E-002   5.9824101E-010
2.0219900E-002   5.2825799E-010
2.1172800E-002   4.6549500E-010
2.2170700E-002   4.1172199E-010
2.3215500E-002   3.6986200E-010
 19
 1   2   3   4
 xy
 100
1.0133900E-003   5.0302900E-008
1.0611500E-003   4.8776100E-008
1.1111700E-003   4.7687300E-008
1.1635300E-003   4.6995500E-008
1.2183700E-003   4.6041400E-008
1.2757900E-003   4.4459700E-008
1.3359100E-003   4.3436700E-008
1.3988700E-003   4.2339500E-008
1.4648000E-003   4.0899900E-008
1.5338400E-003   3.9414500E-008
1.6061200E-003   3.8505085E-008
1.6818200E-003   3.7352500E-008
1.7610800E-003   3.5595900E-008
1.8440800E-003   3.4727600E-008
1.9309800E-003   3.3490400E-008
2.0219900E-003   3.2154700E-008
2.1172800E-003   3.0689800E-008
2.2170700E-003   2.9314700E-008
2.3215500E-003   2.7793700E-008
2.4309700E-003   2.6714600E-008
2.5455300E-003   2.5912800E-008
2.6655000E-003   2.4412400E-008
2.7911200E-003   2.3099000E-008
2.9226600E-003   2.2124100E-008
3.0604000E-003   2.1087600E-008
3.2046400E-003   1.9986300E-008
3.3556700E-003   1.8763200E-008
3.5138100E-003   1.7607200E-008
3.6794100E-003   1.6635500E-008
3.8528200E-003   1.5737200E-008
4.0344000E-003   1.4854500E-008
4.2245300E-003   1.3838011E-008
4.4236300E-003   1.3064863E-008
4.6321100E-003   1.2093800E-008
4.8504100E-003   1.1372700E-008
5.0790100E-003   1.0610800E-008
5.3183700E-003   9.7379600E-009
5.5690200E-003   8.9341600E-009
5.8314800E-003   8.2702800E-009
6.1063100E-003   7.6982500E-009
6.3940900E-003   7.1850450E-009
6.6954300E-003   6.6369500E-009
7.0109800E-003   6.1874341E-009
7.3414000E-003   5.7089249E-009
7.6873900E-003   5.2674212E-009
8.0496800E-003   4.8488600E-009
8.4290500E-003   4.4329380E-009
8.8263000E-003   4.0901131E-009
9.2422700E-003   3.7478800E-009
9.6778500E-003   3.4648000E-009
1.0133900E-002   3.1920900E-009
1.0611500E-002   2.8968270E-009
1.1111700E-002   2.6422420E-009
1.1635300E-002   2.4532600E-009
1.2183700E-002   2.2321220E-009
1.2757900E-002   2.0529261E-009
1.3359100E-002   1.8705700E-009
1.3988700E-002   1.7006700E-009
1.4648000E-002   1.5568959E-009
1.5338400E-002   1.3999900E-009
1.6061200E-002   1.2658200E-009
1.6818200E-002   1.1545750E-009
1.7610800E-002   1.0478129E-009
1.8440800E-002   9.5436803E-010
1.9309800E-002   8.6788399E-010
2.0219900E-002   7.8965201E-010
2.1172800E-002   7.0419098E-010
2.2170700E-002   6.2770100E-010
2.3215500E-002   5.5951999E-010
 20
 1   2   3   4
 xy
 100
1.0133900E-003   4.9588476E-008
1.0611500E-003   4.8461100E-008
1.1111700E-003   4.7907058E-008
1.1635300E-003   4.5753517E-008
1.2183700E-003   4.4202132E-008
1.2757900E-003   4.2808300E-008
1.3359100E-003   4.1841400E-008
1.3988700E-003   4.0783725E-008
1.4648000E-003   3.9252400E-008
1.5338400E-003   3.8485000E-008
1.6061200E-003   3.6477900E-008
1.6818200E-003   3.5567600E-008
1.7610800E-003   3.4841500E-008
1.8440800E-003   3.3542314E-008
1.9309800E-003   3.2169700E-008
2.0219900E-003   3.1085900E-008
2.1172800E-003   2.9898914E-008
2.2170700E-003   2.8761000E-008
2.3215500E-003   2.7405700E-008
2.4309700E-003   2.6321900E-008
2.5455300E-003   2.4811800E-008
2.6655000E-003   2.3527100E-008
2.7911200E-003   2.2409100E-008
2.9226600E-003   2.1338900E-008
3.0604000E-003   2.0689500E-008
3.2046400E-003   1.9358800E-008
3.3556700E-003   1.8403100E-008
3.5138100E-003   1.7368800E-008
3.6794100E-003   1.6493200E-008
3.8528200E-003   1.5530600E-008
4.0344000E-003   1.4335600E-008
4.2245300E-003   1.3490800E-008
4.4236300E-003   1.2546400E-008
4.6321100E-003   1.1871900E-008
4.8504100E-003   1.1090800E-008
5.0790100E-003   1.0380773E-008
5.3183700E-003   9.4684669E-009
5.5690200E-003   8.9394510E-009
5.8314800E-003   8.2043000E-009
6.1063100E-003   7.5068700E-009
6.3940900E-003   6.9612400E-009
6.6954300E-003   6.3313759E-009
7.0109800E-003   5.7574000E-009
7.3414000E-003   5.2462900E-009
7.6873900E-003   4.9097500E-009
8.0496800E-003   4.5036600E-009
8.4290500E-003   4.1374149E-009
8.8263000E-003   3.7579300E-009
9.2422700E-003   3.3864900E-009
9.6778500E-003   3.0682550E-009
1.0133900E-002   2.7141100E-009
1.0611500E-002   2.4460600E-009
1.1111700E-002   2.2321220E-009
1.1635300E-002   1.9943000E-009
1.2183700E-002   1.7668150E-009
1.2757900E-002   1.5852600E-009
1.3359100E-002   1.4112800E-009
1.3988700E-002   1.2513480E-009
1.4648000E-002   1.1026740E-009
1.5338400E-002   9.9070196E-010
1.6061200E-002   8.6925700E-010
1.6818200E-002   7.7204099E-010
1.7610800E-002   6.6920303E-010
1.8440800E-002   5.9824101E-010
1.9309800E-002   5.2825799E-010
2.0219900E-002   4.6924498E-010
2.1172800E-002   4.1973100E-010
2.2170700E-002   3.6986200E-010
2.3215500E-002   3.2903399E-010
 21
 1   2   3   4
 xy
 100
1.0133900E-003   5.0161965E-008
1.0611500E-003   4.8050400E-008
1.1111700E-003   4.6861400E-008
1.1635300E-003   4.5671100E-008
1.2183700E-003   4.4981100E-008
1.2757900E-003   4.4075800E-008
1.3359100E-003   4.2681300E-008
1.3988700E-003   4.1531000E-008
1.4648000E-003   4.0719500E-008
1.5338400E-003   3.9066200E-008
1.6061200E-003   3.8144600E-008
1.6818200E-003   3.7017300E-008
1.7610800E-003   3.5123400E-008
1.8440800E-003   3.4692500E-008
1.9309800E-003   3.3286000E-008
2.0219900E-003   3.1518500E-008
2.1172800E-003   3.0327300E-008
2.2170700E-003   2.9380600E-008
2.3215500E-003   2.8209600E-008
2.4309700E-003   2.7271270E-008
2.5455300E-003   2.5997400E-008
2.6655000E-003   2.4422500E-008
2.7911200E-003   2.3509800E-008
2.9226600E-003   2.2688472E-008
3.0604000E-003   2.1195300E-008
3.2046400E-003   2.0067300E-008
3.3556700E-003   1.8730000E-008
3.5138100E-003   1.7641500E-008
3.6794100E-003   1.6780300E-008
3.8528200E-003   1.5713400E-008
4.0344000E-003   1.4961700E-008
4.2245300E-003   1.3757000E-008
4.4236300E-003   1.2930000E-008
4.6321100E-003   1.2042400E-008
4.8504100E-003   1.1157000E-008
5.0790100E-003   1.0553600E-008
5.3183700E-003   9.6928200E-009
5.5690200E-003   9.1327900E-009
5.8314800E-003   8.3333000E-009
6.1063100E-003   7.7692500E-009
6.3940900E-003   7.0622200E-009
6.6954300E-003   6.5535919E-009
7.0109800E-003   6.0315400E-009
7.3414000E-003   5.5350800E-009
7.6873900E-003   5.0267800E-009
8.0496800E-003   4.5828100E-009
8.4290500E-003   4.2801400E-009
8.8263000E-003   3.8438100E-009
9.2422700E-003   3.5629539E-009
9.6778500E-003   3.2333600E-009
1.0133900E-002   2.9634311E-009
1.0611500E-002   2.6422420E-009
1.1111700E-002   2.3401600E-009
1.1635300E-002   2.0994111E-009
1.2183700E-002   1.8930131E-009
1.2757900E-002   1.7214620E-009
1.3359100E-002   1.5499700E-009
1.3988700E-002   1.4038340E-009
1.4648000E-002   1.2573100E-009
1.5338400E-002   1.1253360E-009
1.6061200E-002   9.9999997E-010
1.6818200E-002   8.7613700E-010
1.7610800E-002   7.7122198E-010
1.8440800E-002   6.7936500E-010
1.9309800E-002   5.9948402E-010
2.0219900E-002   5.2853899E-010
2.1172800E-002   4.7087900E-010
2.2170700E-002   4.2458501E-010
2.3215500E-002   3.7414000E-010
 22
 1   2   3   4
 xy
 100
1.0133900E-003   4.9027100E-008
1.0611500E-003   4.7957000E-008
1.1111700E-003   4.7649100E-008
1.1635300E-003   4.6471900E-008
1.2183700E-003   4.4778800E-008
1.2757900E-003   4.3963400E-008
1.3359100E-003   4.3377100E-008
1.3988700E-003   4.2113500E-008
1.4648000E-003   4.0469200E-008
1.5338400E-003   3.9627800E-008
1.6061200E-003   3.8340700E-008
1.6818200E-003   3.6866300E-008
1.7610800E-003   3.6019100E-008
1.8440800E-003   3.4779300E-008
1.9309800E-003   3.3568400E-008
2.0219900E-003   3.2500100E-008
2.1172800E-003   3.0915600E-008
2.2170700E-003   2.9777700E-008
2.3215500E-003   2.8096900E-008
2.4309700E-003   2.7076600E-008
2.5455300E-003   2.5704900E-008
2.6655000E-003   2.4722800E-008
2.7911200E-003   2.3214700E-008
2.9226600E-003   2.2134400E-008
3.0604000E-003   2.1126600E-008
3.2046400E-003   1.9881900E-008
3.3556700E-003   1.8485100E-008
3.5138100E-003   1.7737900E-008
3.6794100E-003   1.6506500E-008
3.8528200E-003   1.5706200E-008
4.0344000E-003   1.4566400E-008
4.2245300E-003   1.3685800E-008
4.4236300E-003   1.2767838E-008
4.6321100E-003   1.2054482E-008
4.8504100E-003   1.0995083E-008
5.0790100E-003   1.0240600E-008
5.3183700E-003   9.5009300E-009
5.5690200E-003   8.8098800E-009
5.8314800E-003   8.0605940E-009
6.1063100E-003   7.4372219E-009
6.3940900E-003   6.7497800E-009
6.6954300E-003   6.2925200E-009
7.0109800E-003   5.8417351E-009
7.3414000E-003   5.2908200E-009
7.6873900E-003   4.8600608E-009
8.0496800E-003   4.4032900E-009
8.4290500E-003   4.0642900E-009
8.8263000E-003   3.7306571E-009
9.2422700E-003   3.3367720E-009
9.6778500E-003   3.0682550E-009
1.0133900E-002   2.7620200E-009
1.0611500E-002   2.5118860E-009
1.1111700E-002   2.2753790E-009
1.1635300E-002   2.0309181E-009
1.2183700E-002   1.8499760E-009
1.2757900E-002   1.6812840E-009
1.3359100E-002   1.5297320E-009
1.3988700E-002   1.3593560E-009
1.4648000E-002   1.2079560E-009
1.5338400E-002   1.0483659E-009
1.6061200E-002   9.3871599E-010
1.6818200E-002   8.2187801E-010
1.7610800E-002   7.2112799E-010
1.8440800E-002   6.4465999E-010
1.9309800E-002   5.8716798E-010
2.0219900E-002   5.2490601E-010
2.1172800E-002   4.6924498E-010
2.2170700E-002   4.1973100E-010
2.3215500E-002   3.7500500E-010
 23
 1   2   3   4
 xy
 100
1.0133900E-003   4.5445800E-008
1.0611500E-003   4.4463800E-008
1.1111700E-003   4.3245000E-008
1.1635300E-003   4.2942400E-008
1.2183700E-003   4.2441300E-008
1.2757900E-003   4.1382000E-008
1.3359100E-003   4.0368000E-008
1.3988700E-003   3.9551800E-008
1.4648000E-003   3.8628500E-008
1.5338400E-003   3.7124800E-008
1.6061200E-003   3.6277500E-008
1.6818200E-003   3.5220500E-008
1.7610800E-003   3.3955100E-008
1.8440800E-003   3.3207600E-008
1.9309800E-003   3.2131500E-008
2.0219900E-003   3.0801200E-008
2.1172800E-003   2.9704800E-008
2.2170700E-003   2.8303500E-008
2.3215500E-003   2.7761000E-008
2.4309700E-003   2.6379600E-008
2.5455300E-003   2.5424100E-008
2.6655000E-003   2.4105600E-008
2.7911200E-003   2.3313600E-008
2.9226600E-003   2.2054500E-008
3.0604000E-003   2.0975200E-008
3.2046400E-003   1.9819200E-008
3.3556700E-003   1.8667100E-008
3.5138100E-003   1.7850900E-008
3.6794100E-003   1.6680000E-008
3.8528200E-003   1.6053800E-008
4.0344000E-003   1.4795700E-008
4.2245300E-003   1.3873600E-008
4.4236300E-003   1.3233000E-008
4.6321100E-003   1.2227600E-008
4.8504100E-003   1.1328300E-008
5.0790100E-003   1.0495100E-008
5.3183700E-003   9.7030400E-009
5.5690200E-003   8.9318100E-009
5.8314800E-003   8.3713000E-009
6.1063100E-003   7.7962000E-009
6.3940900E-003   7.1981000E-009
6.6954300E-003   6.7060522E-009
7.0109800E-003   6.2273000E-009
7.3414000E-003   5.6436562E-009
7.6873900E-003   5.2072000E-009
8.0496800E-003   4.6415889E-009
8.4290500E-003   4.2826280E-009
8.8263000E-003   3.8513500E-009
9.2422700E-003   3.5346800E-009
9.6778500E-003   3.2126719E-009
1.0133900E-002   2.9303291E-009
1.0611500E-002   2.6727991E-009
1.1111700E-002   2.4379021E-009
1.1635300E-002   2.1877600E-009
1.2183700E-002   1.9372219E-009
1.2757900E-002   1.7668150E-009
1.3359100E-002   1.5931150E-009
1.3988700E-002   1.4200700E-009
1.4648000E-002   1.2804590E-009
1.5338400E-002   1.1253360E-009
1.6061200E-002   9.9426700E-010
1.6818200E-002   8.8063300E-010
1.7610800E-002   7.7204099E-010
1.8440800E-002   6.8031403E-010
1.9309800E-002   6.1342997E-010
2.0219900E-002   5.3436799E-010
2.1172800E-002   4.7632398E-010
2.2170700E-002   4.1493300E-010
2.3215500E-002   3.6145401E-010
 24
 1   2   3   4
 xy
 100
1.0133900E-003   4.5734900E-008
1.0611500E-003   4.4866300E-008
1.1111700E-003   4.4601500E-008
1.1635300E-003   4.3909200E-008
1.2183700E-003   4.2916900E-008
1.2757900E-003   4.1705700E-008
1.3359100E-003   4.1257500E-008
1.3988700E-003   4.0249200E-008
1.4648000E-003   3.8869700E-008
1.5338400E-003   3.8129600E-008
1.6061200E-003   3.7467800E-008
1.6818200E-003   3.5733900E-008
1.7610800E-003   3.4535700E-008
1.8440800E-003   3.3686500E-008
1.9309800E-003   3.2285000E-008
2.0219900E-003   3.1880700E-008
2.1172800E-003   3.0225800E-008
2.2170700E-003   2.8958000E-008
2.3215500E-003   2.7717100E-008
2.4309700E-003   2.6794800E-008
2.5455300E-003   2.5602700E-008
2.6655000E-003   2.4743100E-008
2.7911200E-003   2.3288900E-008
2.9226600E-003   2.2493800E-008
3.0604000E-003   2.1102700E-008
3.2046400E-003   1.9851100E-008
3.3556700E-003   1.9174600E-008
3.5138100E-003   1.8029700E-008
3.6794100E-003   1.6954100E-008
3.8528200E-003   1.5774500E-008
4.0344000E-003   1.4905700E-008
4.2245300E-003   1.4055900E-008
4.4236300E-003   1.3116400E-008
4.6321100E-003   1.2381792E-008
4.8504100E-003   1.1547100E-008
5.0790100E-003   1.0670000E-008
5.3183700E-003   9.7974900E-009
5.5690200E-003   9.3007700E-009
5.8314800E-003   8.7076200E-009
6.1063100E-003   7.9816600E-009
6.3940900E-003   7.3146600E-009
6.6954300E-003   6.7482600E-009
7.0109800E-003   6.2203438E-009
7.3414000E-003   5.6791600E-009
7.6873900E-003   5.2058882E-009
8.0496800E-003   4.7672400E-009
8.4290500E-003   4.3390000E-009
8.8263000E-003   3.9154662E-009
9.2422700E-003   3.5187770E-009
9.6778500E-003   3.1249661E-009
1.0133900E-002   2.8418961E-009
1.0611500E-002   2.5118860E-009
1.1111700E-002   2.2621300E-009
1.1635300E-002   2.0142981E-009
1.2183700E-002   1.8240600E-009
1.2757900E-002   1.6223000E-009
1.3359100E-002   1.4591590E-009
1.3988700E-002   1.2966430E-009
1.4648000E-002   1.1522280E-009
1.5338400E-002   1.0240220E-009
1.6061200E-002   8.9868701E-010
1.6818200E-002   7.8965201E-010
1.7610800E-002   7.0878697E-010
1.8440800E-002   6.2355099E-010
1.9309800E-002   5.5241800E-010
2.0219900E-002   4.8089599E-010
2.1172800E-002   4.2044701E-010
2.2170700E-002   3.6463299E-010
2.3215500E-002   3.1436601E-010
 25
 1   2   3   4
 xy
 100
1.0133900E-003   4.4972300E-008
1.0611500E-003   4.4286000E-008
1.1111700E-003   4.2939100E-008
1.1635300E-003   4.2166500E-008
1.2183700E-003   4.1763500E-008
1.2757900E-003   4.1185000E-008
1.3359100E-003   3.9953100E-008
1.3988700E-003   3.9141000E-008
1.4648000E-003   3.8635500E-008
1.5338400E-003   3.7339195E-008
1.6061200E-003   3.6179900E-008
1.6818200E-003   3.5298600E-008
1.7610800E-003   3.4323400E-008
1.8440800E-003   3.3068300E-008
1.9309800E-003   3.2064700E-008
2.0219900E-003   3.0841100E-008
2.1172800E-003   3.0002500E-008
2.2170700E-003   2.8553800E-008
2.3215500E-003   2.7642900E-008
2.4309700E-003   2.6207000E-008
2.5455300E-003   2.5384700E-008
2.6655000E-003   2.4289600E-008
2.7911200E-003   2.3374800E-008
2.9226600E-003   2.1963900E-008
3.0604000E-003   2.0783200E-008
3.2046400E-003   2.0021700E-008
3.3556700E-003   1.8662600E-008
3.5138100E-003   1.7871400E-008
3.6794100E-003   1.6888200E-008
3.8528200E-003   1.5872600E-008
4.0344000E-003   1.4795100E-008
4.2245300E-003   1.3837500E-008
4.4236300E-003   1.2962800E-008
4.6321100E-003   1.2070800E-008
4.8504100E-003   1.1229700E-008
5.0790100E-003   1.0420200E-008
5.3183700E-003   9.7654151E-009
5.5690200E-003   9.0941663E-009
5.8314800E-003   8.3691321E-009
6.1063100E-003   7.7088400E-009
6.3940900E-003   7.1748200E-009
6.6954300E-003   6.6091400E-009
7.0109800E-003   6.1177400E-009
7.3414000E-003   5.6068372E-009
7.6873900E-003   5.1242000E-009
8.0496800E-003   4.7525099E-009
8.4290500E-003   4.3568771E-009
8.8263000E-003   3.8711900E-009
9.2422700E-003   3.5607901E-009
9.6778500E-003   3.1810030E-009
1.0133900E-002   2.9101641E-009
1.0611500E-002   2.6465521E-009
1.1111700E-002   2.3960021E-009
1.1635300E-002   2.1629749E-009
1.2183700E-002   1.9549500E-009
1.2757900E-002   1.7481800E-009
1.3359100E-002   1.6006300E-009
1.3988700E-002   1.4251030E-009
1.4648000E-002   1.2830610E-009
1.5338400E-002   1.1522280E-009
1.6061200E-002   1.0238970E-009
1.6818200E-002   8.9868701E-010
1.7610800E-002   7.8965201E-010
1.8440800E-002   6.8532602E-010
1.9309800E-002   6.0744199E-010
2.0219900E-002   5.2058902E-010
2.1172800E-002   4.4800400E-010
2.2170700E-002   3.7974099E-010
2.3215500E-002   3.2382400E-010
 26
 1   2   3   4
 xy
 100
1.0133900E-003   4.5470700E-008
1.0611500E-003   4.4950200E-008
1.1111700E-003   4.4815200E-008
1.1635300E-003   4.3865200E-008
1.2183700E-003   4.2521700E-008
1.2757900E-003   4.1705600E-008
1.3359100E-003   4.1157900E-008
1.3988700E-003   3.9888900E-008
1.4648000E-003   3.8511200E-008
1.5338400E-003   3.7725400E-008
1.6061200E-003   3.6364300E-008
1.6818200E-003   3.5607901E-008
1.7610800E-003   3.4538400E-008
1.8440800E-003   3.3376400E-008
1.9309800E-003   3.1958500E-008
2.0219900E-003   3.1196300E-008
2.1172800E-003   2.9666600E-008
2.2170700E-003   2.8921100E-008
2.3215500E-003   2.7752298E-008
2.4309700E-003   2.6399300E-008
2.5455300E-003   2.4755200E-008
2.6655000E-003   2.3988000E-008
2.7911200E-003   2.2512100E-008
2.9226600E-003   2.1757200E-008
3.0604000E-003   2.0506700E-008
3.2046400E-003   1.9405500E-008
3.3556700E-003   1.8484900E-008
3.5138100E-003   1.7527000E-008
3.6794100E-003   1.6272000E-008
3.8528200E-003   1.5494100E-008
4.0344000E-003   1.4709100E-008
4.2245300E-003   1.3531900E-008
4.4236300E-003   1.2646300E-008
4.6321100E-003   1.1936200E-008
4.8504100E-003   1.1193500E-008
5.0790100E-003   1.0330700E-008
5.3183700E-003   9.5363344E-009
5.5690200E-003   8.8469200E-009
5.8314800E-003   8.1492500E-009
6.1063100E-003   7.4934000E-009
6.3940900E-003   6.9157000E-009
6.6954300E-003   6.4132400E-009
7.0109800E-003   5.8204900E-009
7.3414000E-003   5.3930100E-009
7.6873900E-003   4.8166200E-009
8.0496800E-003   4.3443000E-009
8.4290500E-003   3.9622159E-009
8.8263000E-003   3.6033050E-009
9.2422700E-003   3.2808300E-009
9.6778500E-003   3.0342491E-009
1.0133900E-002   2.7752300E-009
1.0611500E-002   2.5539739E-009
1.1111700E-002   2.2952220E-009
1.1635300E-002   2.0626849E-009
1.2183700E-002   1.8537080E-009
1.2757900E-002   1.6857929E-009
1.3359100E-002   1.4971240E-009
1.3988700E-002   1.3615090E-009
1.4648000E-002   1.2079560E-009
1.5338400E-002   1.0738110E-009
1.6061200E-002   9.6501895E-010
1.6818200E-002   8.4762802E-010
1.7610800E-002   7.5212298E-010
1.8440800E-002   6.6794698E-010
1.9309800E-002   5.7927702E-010
2.0219900E-002   4.9645099E-010
2.1172800E-002   4.2739701E-010
2.2170700E-002   3.6222200E-010
2.3215500E-002   2.9986300E-010
 27
 1   2   3   4
 xy
 100
1.0133900E-003   4.2442200E-008
1.0611500E-003   4.2303100E-008
1.1111700E-003   4.1970600E-008
1.1635300E-003   4.1075000E-008
1.2183700E-003   4.0611000E-008
1.2757900E-003   4.0177900E-008
1.3359100E-003   3.9279000E-008
1.3988700E-003   3.7788400E-008
1.4648000E-003   3.6898637E-008
1.5338400E-003   3.6368600E-008
1.6061200E-003   3.5187771E-008
1.6818200E-003   3.4365000E-008
1.7610800E-003   3.3795800E-008
1.8440800E-003   3.2571700E-008
1.9309800E-003   3.1861200E-008
2.0219900E-003   3.0354600E-008
2.1172800E-003   2.9424600E-008
2.2170700E-003   2.8216200E-008
2.3215500E-003   2.6922400E-008
2.4309700E-003   2.6333700E-008
2.5455300E-003   2.5539741E-008
2.6655000E-003   2.4169500E-008
2.7911200E-003   2.3087600E-008
2.9226600E-003   2.1716100E-008
3.0604000E-003   2.0991300E-008
3.2046400E-003   1.9738400E-008
3.3556700E-003   1.8630500E-008
3.5138100E-003   1.7497900E-008
3.6794100E-003   1.6509300E-008
3.8528200E-003   1.5532000E-008
4.0344000E-003   1.4734500E-008
4.2245300E-003   1.3777653E-008
4.4236300E-003   1.2875400E-008
4.6321100E-003   1.2091334E-008
4.8504100E-003   1.1255900E-008
5.0790100E-003   1.0362485E-008
5.3183700E-003   9.6501953E-009
5.5690200E-003   8.9756300E-009
5.8314800E-003   8.4314400E-009
6.1063100E-003   7.6517100E-009
6.3940900E-003   7.0602200E-009
6.6954300E-003   6.4847300E-009
7.0109800E-003   6.0027538E-009
7.3414000E-003   5.5901399E-009
7.6873900E-003   5.1444649E-009
8.0496800E-003   4.6415889E-009
8.4290500E-003   4.2546708E-009
8.8263000E-003   3.8456700E-009
9.2422700E-003   3.4961469E-009
9.6778500E-003   3.1622780E-009
1.0133900E-002   2.9101641E-009
1.0611500E-002   2.6465521E-009
1.1111700E-002   2.4068181E-009
1.1635300E-002   2.1374551E-009
1.2183700E-002   1.8920081E-009
1.2757900E-002   1.7059200E-009
1.3359100E-002   1.5297320E-009
1.3988700E-002   1.3777650E-009
1.4648000E-002   1.2079560E-009
1.5338400E-002   1.0478129E-009
1.6061200E-002   9.0941699E-010
1.6818200E-002   7.8965201E-010
1.7610800E-002   6.8532602E-010
1.8440800E-002   6.0027500E-010
1.9309800E-002   5.1620302E-010
2.0219900E-002   4.5148099E-010
2.1172800E-002   3.9810699E-010
2.2170700E-002   3.4772599E-010
2.3215500E-002   3.0516600E-010
 28
 1   2   3   4
 xy
 100
1.0133900E-003   4.8095600E-008
1.0611500E-003   4.7147100E-008
1.1111700E-003   4.6186900E-008
1.1635300E-003   4.5308400E-008
1.2183700E-003   4.4673700E-008
1.2757900E-003   4.3683400E-008
1.3359100E-003   4.2433400E-008
1.3988700E-003   4.1653700E-008
1.4648000E-003   4.0777800E-008
1.5338400E-003   3.9243000E-008
1.6061200E-003   3.7821300E-008
1.6818200E-003   3.7591700E-008
1.7610800E-003   3.6231800E-008
1.8440800E-003   3.5128800E-008
1.9309800E-003   3.3602400E-008
2.0219900E-003   3.2012700E-008
2.1172800E-003   3.1271800E-008
2.2170700E-003   2.9831500E-008
2.3215500E-003   2.9031900E-008
2.4309700E-003   2.7450800E-008
2.5455300E-003   2.6521400E-008
2.6655000E-003   2.5539741E-008
2.7911200E-003   2.4080500E-008
2.9226600E-003   2.2944000E-008
3.0604000E-003   2.1607400E-008
3.2046400E-003   2.0378300E-008
3.3556700E-003   1.9286800E-008
3.5138100E-003   1.8537076E-008
3.6794100E-003   1.7262886E-008
3.8528200E-003   1.6289700E-008
4.0344000E-003   1.5294600E-008
4.2245300E-003   1.4278400E-008
4.4236300E-003   1.3367700E-008
4.6321100E-003   1.2549900E-008
4.8504100E-003   1.1807690E-008
5.0790100E-003   1.0866320E-008
5.3183700E-003   9.9999999E-009
5.5690200E-003   9.2027479E-009
5.8314800E-003   8.5115600E-009
6.1063100E-003   7.8869160E-009
6.3940900E-003   7.2581301E-009
6.6954300E-003   6.8399282E-009
7.0109800E-003   6.2946142E-009
7.3414000E-003   5.7927738E-009
7.6873900E-003   5.2553000E-009
8.0496800E-003   4.8660831E-009
8.4290500E-003   4.4610100E-009
8.8263000E-003   4.0095238E-009
9.2422700E-003   3.7339190E-009
9.6778500E-003   3.3731900E-009
1.0133900E-002   3.0880949E-009
1.0611500E-002   2.7607410E-009
1.1111700E-002   2.4646349E-009
1.1635300E-002   2.2321220E-009
1.2183700E-002   1.9670461E-009
1.2757900E-002   1.7565300E-009
1.3359100E-002   1.5699160E-009
1.3988700E-002   1.3918410E-009
1.4648000E-002   1.2368230E-009
1.5338400E-002   1.0996060E-009
1.6061200E-002   9.6501895E-010
1.6818200E-002   8.4762802E-010
1.7610800E-002   7.5322198E-010
1.8440800E-002   6.6920303E-010
1.9309800E-002   5.8619398E-010
2.0219900E-002   5.1519000E-010
2.1172800E-002   4.5687101E-010
2.2170700E-002   3.9662201E-010
2.3215500E-002   3.4800199E-010
 29
 1   2   3   4
 xy
 100
1.0133900E-003   4.7339200E-008
1.0611500E-003   4.6278700E-008
1.1111700E-003   4.5458900E-008
1.1635300E-003   4.5250800E-008
1.2183700E-003   4.4464300E-008
1.2757900E-003   4.3038000E-008
1.3359100E-003   4.2271200E-008
1.3988700E-003   4.1779800E-008
1.4648000E-003   4.0682100E-008
1.5338400E-003   3.9264800E-008
1.6061200E-003   3.8503700E-008
1.6818200E-003   3.7248000E-008
1.7610800E-003   3.6134800E-008
1.8440800E-003   3.4932800E-008
1.9309800E-003   3.3652200E-008
2.0219900E-003   3.2802600E-008
2.1172800E-003   3.1453700E-008
2.2170700E-003   3.0156535E-008
2.3215500E-003   2.9279700E-008
2.4309700E-003   2.7541400E-008
2.5455300E-003   2.6749300E-008
2.6655000E-003   2.5389000E-008
2.7911200E-003   2.4256700E-008
2.9226600E-003   2.3018073E-008
3.0604000E-003   2.1960400E-008
3.2046400E-003   2.0873133E-008
3.3556700E-003   1.9728000E-008
3.5138100E-003   1.8604500E-008
3.6794100E-003   1.7350000E-008
3.8528200E-003   1.6563000E-008
4.0344000E-003   1.5621000E-008
4.2245300E-003   1.4612600E-008
4.4236300E-003   1.3738238E-008
4.6321100E-003   1.2689610E-008
4.8504100E-003   1.1915200E-008
5.0790100E-003   1.1053500E-008
5.3183700E-003   1.0234500E-008
5.5690200E-003   9.5281400E-009
5.8314800E-003   8.6960100E-009
6.1063100E-003   8.0820300E-009
6.3940900E-003   7.4024100E-009
6.6954300E-003   6.8201700E-009
7.0109800E-003   6.4404900E-009
7.3414000E-003   5.9319278E-009
7.6873900E-003   5.4775600E-009
8.0496800E-003   4.9823692E-009
8.4290500E-003   4.5332560E-009
8.8263000E-003   4.1246260E-009
9.2422700E-003   3.6652410E-009
9.6778500E-003   3.3348551E-009
1.0133900E-002   3.0342491E-009
1.0611500E-002   2.7752300E-009
1.1111700E-002   2.5118860E-009
1.1635300E-002   2.2851500E-009
1.2183700E-002   2.0873130E-009
1.2757900E-002   1.8982369E-009
1.3359100E-002   1.6697200E-009
1.3988700E-002   1.4971240E-009
1.4648000E-002   1.3295700E-009
1.5338400E-002   1.1668370E-009
1.6061200E-002   1.0238970E-009
1.6818200E-002   8.9084401E-010
1.7610800E-002   7.6982798E-010
1.8440800E-002   6.7339401E-010
1.9309800E-002   5.8191701E-010
2.0219900E-002   5.0286703E-010
2.1172800E-002   4.4525900E-010
2.2170700E-002   3.8948300E-010
2.3215500E-002   3.4069400E-010
 30
 1   2   3   4
 xy
 100
1.0133900E-003   4.6774800E-008
1.0611500E-003   4.6710100E-008
1.1111700E-003   4.5718500E-008
1.1635300E-003   4.4822700E-008
1.2183700E-003   4.4091800E-008
1.2757900E-003   4.3310300E-008
1.3359100E-003   4.2268900E-008
1.3988700E-003   4.1235800E-008
1.4648000E-003   4.0643600E-008
1.5338400E-003   3.9738200E-008
1.6061200E-003   3.8263400E-008
1.6818200E-003   3.7332600E-008
1.7610800E-003   3.5949500E-008
1.8440800E-003   3.4772000E-008
1.9309800E-003   3.4051700E-008
2.0219900E-003   3.2517300E-008
2.1172800E-003   3.1643000E-008
2.2170700E-003   3.0385800E-008
2.3215500E-003   2.8988900E-008
2.4309700E-003   2.7551800E-008
2.5455300E-003   2.6568400E-008
2.6655000E-003   2.5122500E-008
2.7911200E-003   2.4467600E-008
2.9226600E-003   2.2857300E-008
3.0604000E-003   2.1944400E-008
3.2046400E-003   2.0663200E-008
3.3556700E-003   1.9658400E-008
3.5138100E-003   1.8520300E-008
3.6794100E-003   1.7425148E-008
3.8528200E-003   1.6624400E-008
4.0344000E-003   1.5507900E-008
4.2245300E-003   1.4164400E-008
4.4236300E-003   1.3407800E-008
4.6321100E-003   1.2584000E-008
4.8504100E-003   1.1498400E-008
5.0790100E-003   1.0625500E-008
5.3183700E-003   9.8861000E-009
5.5690200E-003   9.3416700E-009
5.8314800E-003   8.6117700E-009
6.1063100E-003   7.8498100E-009
6.3940900E-003   7.2383300E-009
6.6954300E-003   6.7516792E-009
7.0109800E-003   6.0602000E-009
7.3414000E-003   5.5854579E-009
7.6873900E-003   4.9597000E-009
8.0496800E-003   4.4996000E-009
8.4290500E-003   4.0547600E-009
8.8263000E-003   3.6668600E-009
9.2422700E-003   3.2934200E-009
9.6778500E-003   3.0333400E-009
1.0133900E-002   2.7075000E-009
1.0611500E-002   2.4447551E-009
1.1111700E-002   2.1936959E-009
1.1635300E-002   1.9419379E-009
1.2183700E-002   1.7497200E-009
1.2757900E-002   1.5436000E-009
1.3359100E-002   1.3750200E-009
1.3988700E-002   1.2087960E-009
1.4648000E-002   1.0846610E-009
1.5338400E-002   9.4726305E-010
1.6061200E-002   8.3855101E-010
1.6818200E-002   7.4858197E-010
1.7610800E-002   6.7516798E-010
1.8440800E-002   5.9824101E-010
1.9309800E-002   5.3630500E-010
2.0219900E-002   4.8711002E-010
2.1172800E-002   4.3545700E-010
2.2170700E-002   3.8746800E-010
2.3215500E-002   3.4800199E-010
 31
 1   2   3   4
 xy
 100
1.0133900E-003   4.5474900E-008
1.0611500E-003   4.4983900E-008
1.1111700E-003   4.5129400E-008
1.1635300E-003   4.4657400E-008
1.2183700E-003   4.3260000E-008
1.2757900E-003   4.2895400E-008
1.3359100E-003   4.2302200E-008
1.3988700E-003   4.1299500E-008
1.4648000E-003   3.9872300E-008
1.5338400E-003   3.9245400E-008
1.6061200E-003   3.8272100E-008
1.6818200E-003   3.6693400E-008
1.7610800E-003   3.6315300E-008
1.8440800E-003   3.5035400E-008
1.9309800E-003   3.3751400E-008
2.0219900E-003   3.2875600E-008
2.1172800E-003   3.1442300E-008
2.2170700E-003   3.0654400E-008
2.3215500E-003   2.9284700E-008
2.4309700E-003   2.8202700E-008
2.5455300E-003   2.7062900E-008
2.6655000E-003   2.6090100E-008
2.7911200E-003   2.4542400E-008
2.9226600E-003   2.3504300E-008
3.0604000E-003   2.2385900E-008
3.2046400E-003   2.1197200E-008
3.3556700E-003   2.0263400E-008
3.5138100E-003   1.9072900E-008
3.6794100E-003   1.7828200E-008
3.8528200E-003   1.6959700E-008
4.0344000E-003   1.5909100E-008
4.2245300E-003   1.5140600E-008
4.4236300E-003   1.3954000E-008
4.6321100E-003   1.2974000E-008
4.8504100E-003   1.2195700E-008
5.0790100E-003   1.1371200E-008
5.3183700E-003   1.0513200E-008
5.5690200E-003   9.7305400E-009
5.8314800E-003   9.0099386E-009
6.1063100E-003   8.3351000E-009
6.3940900E-003   7.7120200E-009
6.6954300E-003   7.0710900E-009
7.0109800E-003   6.4347300E-009
7.3414000E-003   5.8672511E-009
7.6873900E-003   5.4187100E-009
8.0496800E-003   4.9513500E-009
8.4290500E-003   4.5490000E-009
8.8263000E-003   4.1530770E-009
9.2422700E-003   3.7307681E-009
9.6778500E-003   3.3448311E-009
1.0133900E-002   3.0106111E-009
1.0611500E-002   2.7044740E-009
1.1111700E-002   2.4532600E-009
1.1635300E-002   2.1800250E-009
1.2183700E-002   1.9372219E-009
1.2757900E-002   1.7214620E-009
1.3359100E-002   1.5124700E-009
1.3988700E-002   1.3276300E-009
1.4648000E-002   1.1745130E-009
1.5338400E-002   1.0238970E-009
1.6061200E-002   9.0234997E-010
1.6818200E-002   7.9173601E-010
1.7610800E-002   6.8706602E-010
1.8440800E-002   6.0952299E-010
1.9309800E-002   5.3497201E-010
2.0219900E-002   4.6275300E-010
2.1172800E-002   4.0492801E-010
2.2170700E-002   3.5005601E-010
2.3215500E-002   3.0261901E-010
 32
 1   2   3   4
 xy
 100
1.0133900E-003   4.9438000E-008
1.0611500E-003   4.8637800E-008
1.1111700E-003   4.7833500E-008
1.1635300E-003   4.7261000E-008
1.2183700E-003   4.6373900E-008
1.2757900E-003   4.5145800E-008
1.3359100E-003   4.4353700E-008
1.3988700E-003   4.3496700E-008
1.4648000E-003   4.2152300E-008
1.5338400E-003   4.0987600E-008
1.6061200E-003   4.0203200E-008
1.6818200E-003   3.9077900E-008
1.7610800E-003   3.7643800E-008
1.8440800E-003   3.6751900E-008
1.9309800E-003   3.5186000E-008
2.0219900E-003   3.4488100E-008
2.1172800E-003   3.2971100E-008
2.2170700E-003   3.1619800E-008
2.3215500E-003   3.0425100E-008
2.4309700E-003   2.9005400E-008
2.5455300E-003   2.7969000E-008
2.6655000E-003   2.6549900E-008
2.7911200E-003   2.5445700E-008
2.9226600E-003   2.4270700E-008
3.0604000E-003   2.3102900E-008
3.2046400E-003   2.1734800E-008
3.3556700E-003   2.0602000E-008
3.5138100E-003   1.9372000E-008
3.6794100E-003   1.8086826E-008
3.8528200E-003   1.7147500E-008
4.0344000E-003   1.6232800E-008
4.2245300E-003   1.5319700E-008
4.4236300E-003   1.4261600E-008
4.6321100E-003   1.3253400E-008
4.8504100E-003   1.2258100E-008
5.0790100E-003   1.1458400E-008
5.3183700E-003   1.0638701E-008
5.5690200E-003   9.7957367E-009
5.8314800E-003   8.9917900E-009
6.1063100E-003   8.4034149E-009
6.3940900E-003   7.6628200E-009
6.6954300E-003   7.1244748E-009
7.0109800E-003   6.4983100E-009
7.3414000E-003   5.9630200E-009
7.6873900E-003   5.4538500E-009
8.0496800E-003   4.9429030E-009
8.4290500E-003   4.4984600E-009
8.8263000E-003   4.1414978E-009
9.2422700E-003   3.7377900E-009
9.6778500E-003   3.4377700E-009
1.0133900E-002   3.1576191E-009
1.0611500E-002   2.7886200E-009
1.1111700E-002   2.5118860E-009
1.1635300E-002   2.2430151E-009
1.2183700E-002   2.0171469E-009
1.2757900E-002   1.8355421E-009
1.3359100E-002   1.6507060E-009
1.3988700E-002   1.4844820E-009
1.4648000E-002   1.3349970E-009
1.5338400E-002   1.1979300E-009
1.6061200E-002   1.0659650E-009
1.6818200E-002   9.3811803E-010
1.7610800E-002   8.4500601E-010
1.8440800E-002   7.4366002E-010
1.9309800E-002   6.4691202E-010
2.0219900E-002   5.6275001E-010
2.1172800E-002   4.8904097E-010
2.2170700E-002   4.1936599E-010
2.3215500E-002   3.7044701E-010
 33
 1   2   3   4
 xy
 100
1.0133900E-003   4.8091600E-008
1.0611500E-003   4.7993100E-008
1.1111700E-003   4.7171700E-008
1.1635300E-003   4.6265900E-008
1.2183700E-003   4.5719000E-008
1.2757900E-003   4.5353500E-008
1.3359100E-003   4.3484300E-008
1.3988700E-003   4.2672400E-008
1.4648000E-003   4.2315800E-008
1.5338400E-003   4.1112600E-008
1.6061200E-003   3.9845100E-008
1.6818200E-003   3.9049800E-008
1.7610800E-003   3.7422700E-008
1.8440800E-003   3.6470300E-008
1.9309800E-003   3.5476500E-008
2.0219900E-003   3.4353600E-008
2.1172800E-003   3.3241800E-008
2.2170700E-003   3.2006800E-008
2.3215500E-003   3.0422500E-008
2.4309700E-003   2.9249600E-008
2.5455300E-003   2.7923000E-008
2.6655000E-003   2.6593200E-008
2.7911200E-003   2.5496900E-008
2.9226600E-003   2.3961600E-008
3.0604000E-003   2.3002600E-008
3.2046400E-003   2.1920900E-008
3.3556700E-003   2.0485900E-008
3.5138100E-003   1.9425400E-008
3.6794100E-003   1.8572300E-008
3.8528200E-003   1.7009400E-008
4.0344000E-003   1.6115200E-008
4.2245300E-003   1.5037000E-008
4.4236300E-003   1.4102300E-008
4.6321100E-003   1.3185700E-008
4.8504100E-003   1.2229300E-008
5.0790100E-003   1.1424600E-008
5.3183700E-003   1.0433700E-008
5.5690200E-003   9.6716500E-009
5.8314800E-003   8.9713900E-009
6.1063100E-003   8.2520089E-009
6.3940900E-003   7.5794900E-009
6.6954300E-003   6.9683000E-009
7.0109800E-003   6.3125400E-009
7.3414000E-003   5.7408260E-009
7.6873900E-003   5.1843100E-009
8.0496800E-003   4.7651100E-009
8.4290500E-003   4.2433300E-009
8.8263000E-003   3.8264711E-009
9.2422700E-003   3.4665100E-009
9.6778500E-003   3.1713300E-009
1.0133900E-002   2.9405700E-009
1.0611500E-002   2.6522839E-009
1.1111700E-002   2.3586300E-009
1.1635300E-002   2.1438471E-009
1.2183700E-002   1.8920081E-009
1.2757900E-002   1.7049000E-009
1.3359100E-002   1.5396420E-009
1.3988700E-002   1.3593560E-009
1.4648000E-002   1.1797630E-009
1.5338400E-002   1.0478129E-009
1.6061200E-002   9.1936703E-010
1.6818200E-002   8.0666601E-010
1.7610800E-002   7.2112799E-010
1.8440800E-002   6.3358002E-010
1.9309800E-002   5.6275801E-010
2.0219900E-002   4.9985199E-010
2.1172800E-002   4.3874601E-010
2.2170700E-002   3.8057299E-010
2.3215500E-002   3.3404801E-010
 34
 1   2   3   4
 xy
 100
1.0133900E-003   5.0565500E-008
1.0611500E-003   4.9546100E-008
1.1111700E-003   4.8790900E-008
1.1635300E-003   4.8481600E-008
1.2183700E-003   4.7604800E-008
1.2757900E-003   4.6151600E-008
1.3359100E-003   4.5459000E-008
1.3988700E-003   4.4672200E-008
1.4648000E-003   4.3541100E-008
1.5338400E-003   4.2348100E-008
1.6061200E-003   4.1098502E-008
1.6818200E-003   3.9957800E-008
1.7610800E-003   3.8659300E-008
1.8440800E-003   3.8050800E-008
1.9309800E-003   3.6244600E-008
2.0219900E-003   3.5013300E-008
2.1172800E-003   3.3941500E-008
2.2170700E-003   3.3071000E-008
2.3215500E-003   3.1788400E-008
2.4309700E-003   3.0214600E-008
2.5455300E-003   2.8695700E-008
2.6655000E-003   2.7607300E-008
2.7911200E-003   2.6492488E-008
2.9226600E-003   2.5115700E-008
3.0604000E-003   2.3558100E-008
3.2046400E-003   2.2277600E-008
3.3556700E-003   2.1314300E-008
3.5138100E-003   2.0046200E-008
3.6794100E-003   1.8870100E-008
3.8528200E-003   1.7577500E-008
4.0344000E-003   1.6643600E-008
4.2245300E-003   1.5641800E-008
4.4236300E-003   1.4563700E-008
4.6321100E-003   1.3607800E-008
4.8504100E-003   1.2696817E-008
5.0790100E-003   1.1502352E-008
5.3183700E-003   1.0888016E-008
5.5690200E-003   9.9853500E-009
5.8314800E-003   9.2782300E-009
6.1063100E-003   8.3661726E-009
6.3940900E-003   7.7473601E-009
6.6954300E-003   7.0552700E-009
7.0109800E-003   6.4284298E-009
7.3414000E-003   5.9126300E-009
7.6873900E-003   5.3904100E-009
8.0496800E-003   4.8604400E-009
8.4290500E-003   4.5146200E-009
8.8263000E-003   4.0688300E-009
9.2422700E-003   3.7180100E-009
9.6778500E-003   3.4008321E-009
1.0133900E-002   3.0208600E-009
1.0611500E-002   2.6963061E-009
1.1111700E-002   2.4139200E-009
1.1635300E-002   2.1922091E-009
1.2183700E-002   1.9835169E-009
1.2757900E-002   1.7909400E-009
1.3359100E-002   1.6230600E-009
1.3988700E-002   1.4666570E-009
1.4648000E-002   1.3111340E-009
1.5338400E-002   1.1522280E-009
1.6061200E-002   1.0238970E-009
1.6818200E-002   9.0986002E-010
1.7610800E-002   8.0729501E-010
1.8440800E-002   7.1847300E-010
1.9309800E-002   6.3845201E-010
2.0219900E-002   5.6195598E-010
2.1172800E-002   5.0908899E-010
2.2170700E-002   4.4625501E-010
2.3215500E-002   3.9117601E-010
 35
 1   2   3   4
 xy
 100
1.0133900E-003   4.6631600E-008
1.0611500E-003   4.6557300E-008
1.1111700E-003   4.5904000E-008
1.1635300E-003   4.5104300E-008
1.2183700E-003   4.4631400E-008
1.2757900E-003   4.4305400E-008
1.3359100E-003   4.3004900E-008
1.3988700E-003   4.2379100E-008
1.4648000E-003   4.1702600E-008
1.5338400E-003   4.0597100E-008
1.6061200E-003   3.9771900E-008
1.6818200E-003   3.8798200E-008
1.7610800E-003   3.7592400E-008
1.8440800E-003   3.6715200E-008
1.9309800E-003   3.5766400E-008
2.0219900E-003   3.4180200E-008
2.1172800E-003   3.3404200E-008
2.2170700E-003   3.1961700E-008
2.3215500E-003   3.0697400E-008
2.4309700E-003   2.9755800E-008
2.5455300E-003   2.8631100E-008
2.6655000E-003   2.7351600E-008
2.7911200E-003   2.5906900E-008
2.9226600E-003   2.4651900E-008
3.0604000E-003   2.3654900E-008
3.2046400E-003   2.2534700E-008
3.3556700E-003   2.1219000E-008
3.5138100E-003   2.0172400E-008
3.6794100E-003   1.8963800E-008
3.8528200E-003   1.8110500E-008
4.0344000E-003   1.6724400E-008
4.2245300E-003   1.5687100E-008
4.4236300E-003   1.4639900E-008
4.6321100E-003   1.3742700E-008
4.8504100E-003   1.2844800E-008
5.0790100E-003   1.1915200E-008
5.3183700E-003   1.1087200E-008
5.5690200E-003   1.0228900E-008
5.8314800E-003   9.3726400E-009
6.1063100E-003   8.7236700E-009
6.3940900E-003   7.9193390E-009
6.6954300E-003   7.3040600E-009
7.0109800E-003   6.7869800E-009
7.3414000E-003   6.1988800E-009
7.6873900E-003   5.6350000E-009
8.0496800E-003   5.1612310E-009
8.4290500E-003   4.7272941E-009
8.8263000E-003   4.2051900E-009
9.2422700E-003   3.8709200E-009
9.6778500E-003   3.4763250E-009
1.0133900E-002   3.1492859E-009
1.0611500E-002   2.8410700E-009
1.1111700E-002   2.5008811E-009
1.1635300E-002   2.2164071E-009
1.2183700E-002   1.9428470E-009
1.2757900E-002   1.7030510E-009
1.3359100E-002   1.5093300E-009
1.3988700E-002   1.3230410E-009
1.4648000E-002   1.1597450E-009
1.5338400E-002   1.0278240E-009
1.6061200E-002   8.9112900E-010
1.6818200E-002   7.9848100E-010
1.7610800E-002   6.9228701E-010
1.8440800E-002   6.2715899E-010
1.9309800E-002   5.5516503E-010
2.0219900E-002   4.9629600E-010
2.1172800E-002   4.4366899E-010
2.2170700E-002   3.9117601E-010
2.3215500E-002   3.4800199E-010
 36
 1   2   3   4
 xy
 100
1.0133900E-003   5.0493700E-008
1.0611500E-003   4.9671900E-008
1.1111700E-003   4.9055200E-008
1.1635300E-003   4.8860400E-008
1.2183700E-003   4.7872400E-008
1.2757900E-003   4.6973400E-008
1.3359100E-003   4.6044700E-008
1.3988700E-003   4.4815000E-008
1.4648000E-003   4.3902800E-008
1.5338400E-003   4.2174500E-008
1.6061200E-003   4.1503800E-008
1.6818200E-003   4.0422500E-008
1.7610800E-003   3.9240200E-008
1.8440800E-003   3.8780300E-008
1.9309800E-003   3.6827600E-008
2.0219900E-003   3.5886900E-008
2.1172800E-003   3.4690900E-008
2.2170700E-003   3.2972000E-008
2.3215500E-003   3.1934400E-008
2.4309700E-003   3.0402100E-008
2.5455300E-003   2.9428700E-008
2.6655000E-003   2.8204000E-008
2.7911200E-003   2.7012800E-008
2.9226600E-003   2.5262200E-008
3.0604000E-003   2.3983500E-008
3.2046400E-003   2.2933400E-008
3.3556700E-003   2.1484600E-008
3.5138100E-003   1.9957200E-008
3.6794100E-003   1.9058792E-008
3.8528200E-003   1.7868700E-008
4.0344000E-003   1.6754300E-008
4.2245300E-003   1.5450700E-008
4.4236300E-003   1.4265800E-008
4.6321100E-003   1.3287500E-008
4.8504100E-003   1.2350900E-008
5.0790100E-003   1.1583000E-008
5.3183700E-003   1.0683300E-008
5.5690200E-003   9.7635000E-009
5.8314800E-003   8.9897600E-009
6.1063100E-003   8.2400400E-009
6.3940900E-003   7.5289200E-009
6.6954300E-003   6.9013100E-009
7.0109800E-003   6.4253000E-009
7.3414000E-003   5.8408900E-009
7.6873900E-003   5.2758011E-009
8.0496800E-003   4.6756830E-009
8.4290500E-003   4.1851500E-009
8.8263000E-003   3.7528309E-009
9.2422700E-003   3.3348551E-009
9.6778500E-003   2.9810840E-009
1.0133900E-002   2.6333760E-009
1.0611500E-002   2.3400799E-009
1.1111700E-002   2.0751241E-009
1.1635300E-002   1.8190019E-009
1.2183700E-002   1.6037190E-009
1.2757900E-002   1.4251030E-009
1.3359100E-002   1.2630480E-009
1.3988700E-002   1.1099210E-009
1.4648000E-002   9.7292896E-010
1.5338400E-002   8.5316798E-010
1.6061200E-002   7.4858197E-010
1.6818200E-002   6.6920303E-010
1.7610800E-002   5.8716798E-010
1.8440800E-002   5.2039001E-010
1.9309800E-002   4.4625501E-010
2.0219900E-002   3.9117601E-010
2.1172800E-002   3.4156100E-010
2.2170700E-002   2.9414399E-010
2.3215500E-002   2.5775301E-010
 37
 1   2   3   4
 xy
 100
1.0133900E-003   4.5981100E-008
1.0611500E-003   4.5825200E-008
1.1111700E-003   4.4970800E-008
1.1635300E-003   4.4325600E-008
1.2183700E-003   4.4060400E-008
1.2757900E-003   4.3658400E-008
1.3359100E-003   4.2793600E-008
1.3988700E-003   4.1986400E-008
1.4648000E-003   4.1359800E-008
1.5338400E-003   4.0292400E-008
1.6061200E-003   3.9499700E-008
1.6818200E-003   3.9018800E-008
1.7610800E-003   3.7668200E-008
1.8440800E-003   3.6778300E-008
1.9309800E-003   3.5751300E-008
2.0219900E-003   3.4240600E-008
2.1172800E-003   3.3575300E-008
2.2170700E-003   3.2107100E-008
2.3215500E-003   3.1478700E-008
2.4309700E-003   2.9958100E-008
2.5455300E-003   2.8941800E-008
2.6655000E-003   2.7987278E-008
2.7911200E-003   2.6472600E-008
2.9226600E-003   2.5198300E-008
3.0604000E-003   2.4156500E-008
3.2046400E-003   2.2892100E-008
3.3556700E-003   2.1742341E-008
3.5138100E-003   2.0581092E-008
3.6794100E-003   1.9501700E-008
3.8528200E-003   1.8364800E-008
4.0344000E-003   1.7025800E-008
4.2245300E-003   1.5894000E-008
4.4236300E-003   1.4914900E-008
4.6321100E-003   1.3792000E-008
4.8504100E-003   1.3085900E-008
5.0790100E-003   1.2135300E-008
5.3183700E-003   1.1180700E-008
5.5690200E-003   1.0305700E-008
5.8314800E-003   9.4369000E-009
6.1063100E-003   8.7417247E-009
6.3940900E-003   8.0001200E-009
6.6954300E-003   7.3670700E-009
7.0109800E-003   6.7169981E-009
7.3414000E-003   6.1134200E-009
7.6873900E-003   5.5734790E-009
8.0496800E-003   5.1455600E-009
8.4290500E-003   4.6246349E-009
8.8263000E-003   4.1752600E-009
9.2422700E-003   3.8373251E-009
9.6778500E-003   3.4763250E-009
1.0133900E-002   3.0925100E-009
1.0611500E-002   2.7751200E-009
1.1111700E-002   2.4900800E-009
1.1635300E-002   2.2243200E-009
1.2183700E-002   2.0139700E-009
1.2757900E-002   1.8047220E-009
1.3359100E-002   1.6420429E-009
1.3988700E-002   1.4591590E-009
1.4648000E-002   1.2966430E-009
1.5338400E-002   1.1597450E-009
1.6061200E-002   1.0284200E-009
1.6818200E-002   9.1936703E-010
1.7610800E-002   8.2187801E-010
1.8440800E-002   7.3134798E-010
1.9309800E-002   6.4465999E-010
2.0219900E-002   5.6563398E-010
2.1172800E-002   4.9259602E-010
2.2170700E-002   4.2739701E-010
2.3215500E-002   3.6806400E-010
 38
 1   2   3   4
 xy
 100
1.0133900E-003   4.8259500E-008
1.0611500E-003   4.7766800E-008
1.1111700E-003   4.7326300E-008
1.1635300E-003   4.6891700E-008
1.2183700E-003   4.6311800E-008
1.2757900E-003   4.5311400E-008
1.3359100E-003   4.4535700E-008
1.3988700E-003   4.4039600E-008
1.4648000E-003   4.3156800E-008
1.5338400E-003   4.2023600E-008
1.6061200E-003   4.1250300E-008
1.6818200E-003   4.0362800E-008
1.7610800E-003   3.9296100E-008
1.8440800E-003   3.8085800E-008
1.9309800E-003   3.7046700E-008
2.0219900E-003   3.5887100E-008
2.1172800E-003   3.4659600E-008
2.2170700E-003   3.3432600E-008
2.3215500E-003   3.2085700E-008
2.4309700E-003   3.0944200E-008
2.5455300E-003   2.9646200E-008
2.6655000E-003   2.8292400E-008
2.7911200E-003   2.7080700E-008
2.9226600E-003   2.5913100E-008
3.0604000E-003   2.4515400E-008
3.2046400E-003   2.3294300E-008
3.3556700E-003   2.1877800E-008
3.5138100E-003   2.0910200E-008
3.6794100E-003   1.9598000E-008
3.8528200E-003   1.8315500E-008
4.0344000E-003   1.7175000E-008
4.2245300E-003   1.6175200E-008
4.4236300E-003   1.5166200E-008
4.6321100E-003   1.4119600E-008
4.8504100E-003   1.3149100E-008
5.0790100E-003   1.2194600E-008
5.3183700E-003   1.1376772E-008
5.5690200E-003   1.0420257E-008
5.8314800E-003   9.5337200E-009
6.1063100E-003   8.6480400E-009
6.3940900E-003   7.9698300E-009
6.6954300E-003   7.3335769E-009
7.0109800E-003   6.7169981E-009
7.3414000E-003   6.2201679E-009
7.6873900E-003   5.6098600E-009
8.0496800E-003   5.1048819E-009
8.4290500E-003   4.5350700E-009
8.8263000E-003   4.0997800E-009
9.2422700E-003   3.6750200E-009
9.6778500E-003   3.3244900E-009
1.0133900E-002   2.9594800E-009
1.0611500E-002   2.6333760E-009
1.1111700E-002   2.3414639E-009
1.1635300E-002   2.0751241E-009
1.2183700E-002   1.8190019E-009
1.2757900E-002   1.6420429E-009
1.3359100E-002   1.4604330E-009
1.3988700E-002   1.3085960E-009
1.4648000E-002   1.1522280E-009
1.5338400E-002   1.0426800E-009
1.6061200E-002   9.4008500E-010
1.6818200E-002   8.1620599E-010
1.7610800E-002   7.2336298E-010
1.8440800E-002   6.3272798E-010
1.9309800E-002   5.5582000E-010
2.0219900E-002   4.9259602E-010
2.1172800E-002   4.2708301E-010
2.2170700E-002   3.6624101E-010
2.3215500E-002   3.1753200E-010
 39
 1   2   3   4
 xy
 100
1.0133900E-003   4.7696552E-008
1.0611500E-003   4.7072200E-008
1.1111700E-003   4.6917300E-008
1.1635300E-003   4.5889800E-008
1.2183700E-003   4.5353400E-008
1.2757900E-003   4.5087700E-008
1.3359100E-003   4.4721800E-008
1.3988700E-003   4.4196725E-008
1.4648000E-003   4.2943388E-008
1.5338400E-003   4.2218100E-008
1.6061200E-003   4.0871300E-008
1.6818200E-003   3.9767038E-008
1.7610800E-003   3.9224600E-008
1.8440800E-003   3.7723100E-008
1.9309800E-003   3.6842900E-008
2.0219900E-003   3.5585300E-008
2.1172800E-003   3.4342700E-008
2.2170700E-003   3.3441100E-008
2.3215500E-003   3.1992800E-008
2.4309700E-003   3.0939300E-008
2.5455300E-003   2.9499100E-008
2.6655000E-003   2.8486200E-008
2.7911200E-003   2.7080578E-008
2.9226600E-003   2.5707900E-008
3.0604000E-003   2.4687800E-008
3.2046400E-003   2.3393300E-008
3.3556700E-003   2.2109700E-008
3.5138100E-003   2.1171500E-008
3.6794100E-003   1.9510200E-008
3.8528200E-003   1.8302200E-008
4.0344000E-003   1.7265817E-008
4.2245300E-003   1.6233700E-008
4.4236300E-003   1.5143700E-008
4.6321100E-003   1.4200500E-008
4.8504100E-003   1.3334600E-008
5.0790100E-003   1.2330700E-008
5.3183700E-003   1.1406900E-008
5.5690200E-003   1.0552400E-008
5.8314800E-003   9.5569900E-009
6.1063100E-003   8.8709100E-009
6.3940900E-003   8.1844913E-009
6.6954300E-003   7.5426600E-009
7.0109800E-003   6.8802800E-009
7.3414000E-003   6.2494000E-009
7.6873900E-003   5.7618800E-009
8.0496800E-003   5.2504000E-009
8.4290500E-003   4.7272941E-009
8.8263000E-003   4.2544319E-009
9.2422700E-003   3.8373251E-009
9.6778500E-003   3.4219920E-009
1.0133900E-002   3.0690051E-009
1.0611500E-002   2.7300900E-009
1.1111700E-002   2.3960021E-009
1.1635300E-002   2.1131100E-009
1.2183700E-002   1.8939800E-009
1.2757900E-002   1.7030510E-009
1.3359100E-002   1.5303400E-009
1.3988700E-002   1.3702600E-009
1.4648000E-002   1.2251810E-009
1.5338400E-002   1.0739630E-009
1.6061200E-002   9.5386599E-010
1.6818200E-002   8.4762802E-010
1.7610800E-002   7.5583401E-010
1.8440800E-002   6.5370898E-010
1.9309800E-002   5.6734401E-010
2.0219900E-002   4.9259602E-010
2.1172800E-002   4.1780901E-010
2.2170700E-002   3.6224199E-010
2.3215500E-002   3.0724501E-010
 40
 1   2   3   4
 xy
 100
1.0133900E-003   4.7980200E-008
1.0611500E-003   4.7138300E-008
1.1111700E-003   4.6408200E-008
1.1635300E-003   4.6492300E-008
1.2183700E-003   4.6163700E-008
1.2757900E-003   4.4940800E-008
1.3359100E-003   4.4459500E-008
1.3988700E-003   4.3978600E-008
1.4648000E-003   4.2915800E-008
1.5338400E-003   4.1845500E-008
1.6061200E-003   4.1301000E-008
1.6818200E-003   4.0106800E-008
1.7610800E-003   3.8827000E-008
1.8440800E-003   3.8291100E-008
1.9309800E-003   3.6718300E-008
2.0219900E-003   3.5900800E-008
2.1172800E-003   3.4407500E-008
2.2170700E-003   3.3330300E-008
2.3215500E-003   3.2286500E-008
2.4309700E-003   3.0690200E-008
2.5455300E-003   2.9766400E-008
2.6655000E-003   2.8339000E-008
2.7911200E-003   2.6963500E-008
2.9226600E-003   2.5979800E-008
3.0604000E-003   2.4346900E-008
3.2046400E-003   2.3261000E-008
3.3556700E-003   2.2494800E-008
3.5138100E-003   2.1064000E-008
3.6794100E-003   1.9963487E-008
3.8528200E-003   1.8701121E-008
4.0344000E-003   1.7406400E-008
4.2245300E-003   1.6329200E-008
4.4236300E-003   1.5373091E-008
4.6321100E-003   1.4101400E-008
4.8504100E-003   1.3096600E-008
5.0790100E-003   1.2180900E-008
5.3183700E-003   1.1190600E-008
5.5690200E-003   1.0252400E-008
5.8314800E-003   9.6084000E-009
6.1063100E-003   8.8352300E-009
6.3940900E-003   8.0575300E-009
6.6954300E-003   7.3565600E-009
7.0109800E-003   6.7944028E-009
7.3414000E-003   6.2310000E-009
7.6873900E-003   5.7082259E-009
8.0496800E-003   5.2321010E-009
8.4290500E-003   4.6415889E-009
8.8263000E-003   4.0961200E-009
9.2422700E-003   3.6178200E-009
9.6778500E-003   3.2908100E-009
1.0133900E-002   2.9650400E-009
1.0611500E-002   2.5946800E-009
1.1111700E-002   2.2992700E-009
1.1635300E-002   2.0480100E-009
1.2183700E-002   1.8398200E-009
1.2757900E-002   1.6321720E-009
1.3359100E-002   1.4591590E-009
1.3988700E-002   1.2966430E-009
1.4648000E-002   1.1395610E-009
1.5338400E-002   9.8917197E-010
1.6061200E-002   8.2784402E-010
1.6818200E-002   6.9842300E-010
1.7610800E-002   6.0899702E-010
1.8440800E-002   5.2753500E-010
1.9309800E-002   4.6163900E-010
2.0219900E-002   3.9637699E-010
2.1172800E-002   3.3744699E-010
2.2170700E-002   2.8602901E-010
2.3215500E-002   2.3762201E-010
 41
 1   2   3   4
 xy
 100
1.0133900E-003   4.9819519E-008
1.0611500E-003   4.9280079E-008
1.1111700E-003   4.8746479E-008
1.1635300E-003   4.7696552E-008
1.2183700E-003   4.6669239E-008
1.2757900E-003   4.5169610E-008
1.3359100E-003   4.4196725E-008
1.3988700E-003   4.3718167E-008
1.4648000E-003   4.2860000E-008
1.5338400E-003   4.1499900E-008
1.6061200E-003   4.0641200E-008
1.6818200E-003   3.9963600E-008
1.7610800E-003   3.8710300E-008
1.8440800E-003   3.7731500E-008
1.9309800E-003   3.6810200E-008
2.0219900E-003   3.5938136E-008
2.1172800E-003   3.4413100E-008
2.2170700E-003   3.3665632E-008
2.3215500E-003   3.2243800E-008
2.4309700E-003   3.1536825E-008
2.5455300E-003   2.9989000E-008
2.6655000E-003   2.8363900E-008
2.7911200E-003   2.7595300E-008
2.9226600E-003   2.6250200E-008
3.0604000E-003   2.4688400E-008
3.2046400E-003   2.3570600E-008
3.3556700E-003   2.2312100E-008
3.5138100E-003   2.1240200E-008
3.6794100E-003   2.0100300E-008
3.8528200E-003   1.8911500E-008
4.0344000E-003   1.7863800E-008
4.2245300E-003   1.6635000E-008
4.4236300E-003   1.5376000E-008
4.6321100E-003   1.4282900E-008
4.8504100E-003   1.3262300E-008
5.0790100E-003   1.2469700E-008
5.3183700E-003   1.1533000E-008
5.5690200E-003   1.0556100E-008
5.8314800E-003   9.7704900E-009
6.1063100E-003   9.0340800E-009
6.3940900E-003   8.3322600E-009
6.6954300E-003   7.5758724E-009
7.0109800E-003   7.0013400E-009
7.3414000E-003   6.3316300E-009
7.6873900E-003   5.7282700E-009
8.0496800E-003   5.2172500E-009
8.4290500E-003   4.7872100E-009
8.8263000E-003   4.2646300E-009
9.2422700E-003   3.8995678E-009
9.6778500E-003   3.4961469E-009
1.0133900E-002   3.1810030E-009
1.0611500E-002   2.8267151E-009
1.1111700E-002   2.5620200E-009
1.1635300E-002   2.2873790E-009
1.2183700E-002   2.0292179E-009
1.2757900E-002   1.8221000E-009
1.3359100E-002   1.6334400E-009
1.3988700E-002   1.4591590E-009
1.4648000E-002   1.2754400E-009
1.5338400E-002   1.1188800E-009
1.6061200E-002   9.5386599E-010
1.6818200E-002   8.0852303E-010
1.7610800E-002   7.0170397E-010
1.8440800E-002   6.0899702E-010
1.9309800E-002   5.2490601E-010
2.0219900E-002   4.4366899E-010
2.1172800E-002   3.8207601E-010
2.2170700E-002   3.2294400E-010
2.3215500E-002   2.7296401E-010
