 41
 Wed Sep 04 11:11:26 2019
 1
 1   2   3   4
 xy
 100
1.0133900E-003   4.4239350E-008
1.0611500E-003   4.3287613E-008
1.1111700E-003   4.2356351E-008
1.1635300E-003   4.0996888E-008
1.2183700E-003   3.9681058E-008
1.2757900E-003   3.7992077E-008
1.3359100E-003   3.7087773E-008
1.3988700E-003   3.5592439E-008
1.4648000E-003   3.4826726E-008
1.5338400E-003   3.3744666E-008
1.6061200E-003   3.2274148E-008
1.6818200E-003   3.1229700E-008
1.7610800E-003   2.9867900E-008
1.8440800E-003   2.8444400E-008
1.9309800E-003   2.7392400E-008
2.0219900E-003   2.6411700E-008
2.1172800E-003   2.5244100E-008
2.2170700E-003   2.4450600E-008
2.3215500E-003   2.3252700E-008
2.4309700E-003   2.2057970E-008
2.5455300E-003   2.1135500E-008
2.6655000E-003   2.0250000E-008
2.7911200E-003   1.9443900E-008
2.9226600E-003   1.8535518E-008
3.0604000E-003   1.7611800E-008
3.2046400E-003   1.6773100E-008
3.3556700E-003   1.5918019E-008
3.5138100E-003   1.4912612E-008
3.6794100E-003   1.3970708E-008
3.8528200E-003   1.3107500E-008
4.0344000E-003   1.2364200E-008
4.2245300E-003   1.1578300E-008
4.4236300E-003   1.0814300E-008
4.6321100E-003   1.0291100E-008
4.8504100E-003   9.7198900E-009
5.0790100E-003   9.0018700E-009
5.3183700E-003   8.4719058E-009
5.5690200E-003   7.9073700E-009
5.8314800E-003   7.3550890E-009
6.1063100E-003   6.8160082E-009
6.3940900E-003   6.2481251E-009
6.6954300E-003   5.7901768E-009
7.0109800E-003   5.3657940E-009
7.3414000E-003   4.9187370E-009
7.6873900E-003   4.5089270E-009
8.0496800E-003   4.1332608E-009
8.4290500E-003   3.7479162E-009
8.8263000E-003   3.4508400E-009
9.2422700E-003   3.1403100E-009
9.6778500E-003   2.8557889E-009
1.0133900E-002   2.6178559E-009
1.0611500E-002   2.3949700E-009
1.1111700E-002   2.1760169E-009
1.1635300E-002   1.9518069E-009
1.2183700E-002   1.7506980E-009
1.2757900E-002   1.5703120E-009
1.3359100E-002   1.4085110E-009
1.3988700E-002   1.2368230E-009
1.4648000E-002   1.1088280E-009
1.5338400E-002   9.6265595E-010
1.6061200E-002   8.5745700E-010
1.6818200E-002   7.5322198E-010
1.7610800E-002   6.6512701E-010
1.8440800E-002   5.9948402E-010
1.9309800E-002   5.2932703E-010
2.0219900E-002   4.7141802E-010
2.1172800E-002   4.2425599E-010
2.2170700E-002   3.7982201E-010
2.3215500E-002   3.3299000E-010
 2
 1   2   3   4
 xy
 100
1.0133900E-003   4.4620322E-008
1.0611500E-003   4.3203013E-008
1.1111700E-003   4.2283236E-008
1.1635300E-003   4.0502016E-008
1.2183700E-003   3.9405879E-008
1.2757900E-003   3.8085922E-008
1.3359100E-003   3.6680300E-008
1.3988700E-003   3.5244900E-008
1.4648000E-003   3.4450068E-008
1.5338400E-003   3.3365600E-008
1.6061200E-003   3.2337700E-008
1.6818200E-003   3.1101100E-008
1.7610800E-003   3.0005600E-008
1.8440800E-003   2.9032000E-008
1.9309800E-003   2.7925400E-008
2.0219900E-003   2.7200660E-008
2.1172800E-003   2.5899500E-008
2.2170700E-003   2.4522200E-008
2.3215500E-003   2.3650035E-008
2.4309700E-003   2.2586354E-008
2.5455300E-003   2.1467216E-008
2.6655000E-003   2.0562888E-008
2.7911200E-003   1.9631500E-008
2.9226600E-003   1.8733100E-008
3.0604000E-003   1.7734500E-008
3.2046400E-003   1.6644400E-008
3.3556700E-003   1.5544931E-008
3.5138100E-003   1.4703700E-008
3.6794100E-003   1.3809785E-008
3.8528200E-003   1.3185700E-008
4.0344000E-003   1.2454700E-008
4.2245300E-003   1.1664900E-008
4.4236300E-003   1.1100500E-008
4.6321100E-003   1.0296100E-008
4.8504100E-003   9.6376329E-009
5.0790100E-003   8.8497300E-009
5.3183700E-003   8.2832200E-009
5.5690200E-003   7.8622500E-009
5.8314800E-003   7.2889900E-009
6.1063100E-003   6.7728152E-009
6.3940900E-003   6.2286301E-009
6.6954300E-003   5.6723900E-009
7.0109800E-003   5.1986700E-009
7.3414000E-003   4.8366800E-009
7.6873900E-003   4.4620321E-009
8.0496800E-003   4.0283590E-009
8.4290500E-003   3.6652410E-009
8.8263000E-003   3.3370640E-009
9.2422700E-003   3.0342491E-009
9.6778500E-003   2.8092999E-009
1.0133900E-002   2.5500111E-009
1.0611500E-002   2.3558571E-009
1.1111700E-002   2.1564210E-009
1.1635300E-002   1.9501869E-009
1.2183700E-002   1.7679280E-009
1.2757900E-002   1.6037190E-009
1.3359100E-002   1.4417120E-009
1.3988700E-002   1.2966430E-009
1.4648000E-002   1.1522280E-009
1.5338400E-002   1.0238970E-009
1.6061200E-002   9.2124802E-010
1.6818200E-002   8.2903900E-010
1.7610800E-002   7.3736800E-010
1.8440800E-002   6.4819400E-010
1.9309800E-002   5.6980398E-010
2.0219900E-002   5.0679799E-010
2.1172800E-002   4.5075901E-010
2.2170700E-002   4.0091599E-010
2.3215500E-002   3.5243100E-010
 3
 1   2   3   4
 xy
 100
1.0133900E-003   4.5159304E-008
1.0611500E-003   4.4145136E-008
1.1111700E-003   4.3153744E-008
1.1635300E-003   4.1237257E-008
1.2183700E-003   3.9855955E-008
1.2757900E-003   3.8213000E-008
1.3359100E-003   3.6928900E-008
1.3988700E-003   3.5593500E-008
1.4648000E-003   3.4682400E-008
1.5338400E-003   3.3613247E-008
1.6061200E-003   3.1994180E-008
1.6818200E-003   3.0720900E-008
1.7610800E-003   3.0277600E-008
1.8440800E-003   2.9620300E-008
1.9309800E-003   2.8286000E-008
2.0219900E-003   2.7089378E-008
2.1172800E-003   2.6181979E-008
2.2170700E-003   2.5113600E-008
2.3215500E-003   2.4457348E-008
2.4309700E-003   2.3126109E-008
2.5455300E-003   2.2586354E-008
2.6655000E-003   2.1792000E-008
2.7911200E-003   2.0550411E-008
2.9226600E-003   1.9684194E-008
3.0604000E-003   1.8697987E-008
3.2046400E-003   1.7419097E-008
3.3556700E-003   1.6277400E-008
3.5138100E-003   1.5352882E-008
3.6794100E-003   1.4505376E-008
3.8528200E-003   1.3861181E-008
4.0344000E-003   1.2808701E-008
4.2245300E-003   1.2095228E-008
4.4236300E-003   1.1219200E-008
4.6321100E-003   1.0467200E-008
4.8504100E-003   9.7477102E-009
5.0790100E-003   9.0600500E-009
5.3183700E-003   8.4409700E-009
5.5690200E-003   7.9169800E-009
5.8314800E-003   7.4438029E-009
6.1063100E-003   6.9144330E-009
6.3940900E-003   6.3311072E-009
6.6954300E-003   5.8812300E-009
7.0109800E-003   5.3815300E-009
7.3414000E-003   4.9935500E-009
7.6873900E-003   4.5545590E-009
8.0496800E-003   4.1558900E-009
8.4290500E-003   3.7828100E-009
8.8263000E-003   3.4624200E-009
9.2422700E-003   3.1810030E-009
9.6778500E-003   2.9247671E-009
1.0133900E-002   2.6405940E-009
1.0611500E-002   2.4112610E-009
1.1111700E-002   2.1800250E-009
1.1635300E-002   1.9432680E-009
1.2183700E-002   1.7346460E-009
1.2757900E-002   1.5484209E-009
1.3359100E-002   1.3821880E-009
1.3988700E-002   1.2114400E-009
1.4648000E-002   1.0806500E-009
1.5338400E-002   9.5436803E-010
1.6061200E-002   8.4817098E-010
1.6818200E-002   7.5711398E-010
1.7610800E-002   6.6920303E-010
1.8440800E-002   5.9824101E-010
1.9309800E-002   5.3480398E-010
2.0219900E-002   4.8069998E-010
2.1172800E-002   4.1948700E-010
2.2170700E-002   3.7019801E-010
2.3215500E-002   3.2903399E-010
 4
 1   2   3   4
 xy
 100
1.0133900E-003   4.4649340E-008
1.0611500E-003   4.4145136E-008
1.1111700E-003   4.2666432E-008
1.1635300E-003   4.1708248E-008
1.2183700E-003   3.9855955E-008
1.2757900E-003   3.8881552E-008
1.3359100E-003   3.8085922E-008
1.3988700E-003   3.6841500E-008
1.4648000E-003   3.5577170E-008
1.5338400E-003   3.4778193E-008
1.6061200E-003   3.3233668E-008
1.6818200E-003   3.1757740E-008
1.7610800E-003   3.0693968E-008
1.8440800E-003   2.9638100E-008
1.9309800E-003   2.8221400E-008
2.0219900E-003   2.7089378E-008
2.1172800E-003   2.6335300E-008
2.2170700E-003   2.5304974E-008
2.3215500E-003   2.4252000E-008
2.4309700E-003   2.3245100E-008
2.5455300E-003   2.2588328E-008
2.6655000E-003   2.1544347E-008
2.7911200E-003   2.0506600E-008
2.9226600E-003   1.9602330E-008
3.0604000E-003   1.8503100E-008
3.2046400E-003   1.7395781E-008
3.3556700E-003   1.6095600E-008
3.5138100E-003   1.5254100E-008
3.6794100E-003   1.4287200E-008
3.8528200E-003   1.3433993E-008
4.0344000E-003   1.2750100E-008
4.2245300E-003   1.2010300E-008
4.4236300E-003   1.1387025E-008
4.6321100E-003   1.0630300E-008
4.8504100E-003   9.7584700E-009
5.0790100E-003   9.1324200E-009
5.3183700E-003   8.5058236E-009
5.5690200E-003   7.7671007E-009
5.8314800E-003   7.2991100E-009
6.1063100E-003   6.7775501E-009
6.3940900E-003   6.2596128E-009
6.6954300E-003   5.7758100E-009
7.0109800E-003   5.3594600E-009
7.3414000E-003   4.9823692E-009
7.6873900E-003   4.6591930E-009
8.0496800E-003   4.3241171E-009
8.4290500E-003   3.9458000E-009
8.8263000E-003   3.5881500E-009
9.2422700E-003   3.3348551E-009
9.6778500E-003   3.0548300E-009
1.0133900E-002   2.7707000E-009
1.0611500E-002   2.5521429E-009
1.1111700E-002   2.3286700E-009
1.1635300E-002   2.1133600E-009
1.2183700E-002   1.9592100E-009
1.2757900E-002   1.7626000E-009
1.3359100E-002   1.6037190E-009
1.3988700E-002   1.4591590E-009
1.4648000E-002   1.3133100E-009
1.5338400E-002   1.1770800E-009
1.6061200E-002   1.0644540E-009
1.6818200E-002   9.5862300E-010
1.7610800E-002   8.5785801E-010
1.8440800E-002   7.6341500E-010
1.9309800E-002   6.8182299E-010
2.0219900E-002   6.1016903E-010
2.1172800E-002   5.5717603E-010
2.2170700E-002   4.9629600E-010
2.3215500E-002   4.4366899E-010
 5
 1   2   3   4
 xy
 100
1.0133900E-003   4.4145136E-008
1.0611500E-003   4.2666432E-008
1.1111700E-003   4.1708248E-008
1.1635300E-003   4.0311171E-008
1.2183700E-003   3.9405879E-008
1.2757900E-003   3.8215500E-008
1.3359100E-003   3.7094300E-008
1.3988700E-003   3.5983017E-008
1.4648000E-003   3.4853100E-008
1.5338400E-003   3.3939000E-008
1.6061200E-003   3.2635300E-008
1.6818200E-003   3.1304200E-008
1.7610800E-003   3.0004657E-008
1.8440800E-003   2.9330800E-008
1.9309800E-003   2.8028223E-008
2.0219900E-003   2.7345000E-008
2.1172800E-003   2.6181979E-008
2.2170700E-003   2.5304974E-008
2.3215500E-003   2.3908097E-008
2.4309700E-003   2.2931300E-008
2.5455300E-003   2.1706278E-008
2.6655000E-003   2.0664300E-008
2.7911200E-003   1.9792200E-008
2.9226600E-003   1.9050280E-008
3.0604000E-003   1.7849100E-008
3.2046400E-003   1.6770200E-008
3.3556700E-003   1.6007500E-008
3.5138100E-003   1.5111300E-008
3.6794100E-003   1.4165096E-008
3.8528200E-003   1.3284500E-008
4.0344000E-003   1.2571627E-008
4.2245300E-003   1.1746400E-008
4.4236300E-003   1.0838900E-008
4.6321100E-003   1.0290300E-008
4.8504100E-003   9.5604800E-009
5.0790100E-003   8.9033400E-009
5.3183700E-003   8.3148040E-009
5.5690200E-003   7.7346050E-009
5.8314800E-003   7.0757800E-009
6.1063100E-003   6.5258061E-009
6.3940900E-003   5.9140710E-009
6.6954300E-003   5.4537800E-009
7.0109800E-003   4.9873400E-009
7.3414000E-003   4.5917200E-009
7.6873900E-003   4.1315700E-009
8.0496800E-003   3.6970300E-009
8.4290500E-003   3.3748100E-009
8.8263000E-003   3.0261309E-009
9.2422700E-003   2.7292100E-009
9.6778500E-003   2.4286551E-009
1.0133900E-002   2.1706279E-009
1.0611500E-002   1.9253100E-009
1.1111700E-002   1.7214620E-009
1.1635300E-002   1.5661060E-009
1.2183700E-002   1.4165100E-009
1.2757900E-002   1.2868659E-009
1.3359100E-002   1.1525300E-009
1.3988700E-002   1.0405490E-009
1.4648000E-002   9.3670405E-010
1.5338400E-002   8.3737700E-010
1.6061200E-002   7.4858197E-010
1.6818200E-002   6.8182299E-010
1.7610800E-002   6.1016903E-010
1.8440800E-002   5.5717603E-010
1.9309800E-002   5.0565502E-010
2.0219900E-002   4.5416501E-010
2.1172800E-002   4.1003800E-010
2.2170700E-002   3.7019801E-010
2.3215500E-002   3.3422901E-010
 6
 1   2   3   4
 xy
 100
1.0133900E-003   4.5555055E-008
1.0611500E-003   4.4543103E-008
1.1111700E-003   4.3067171E-008
1.1635300E-003   4.1640142E-008
1.2183700E-003   4.0715154E-008
1.2757900E-003   3.9502600E-008
1.3359100E-003   3.8061668E-008
1.3988700E-003   3.7101100E-008
1.4648000E-003   3.6389459E-008
1.5338400E-003   3.5183696E-008
1.6061200E-003   3.4164400E-008
1.6818200E-003   3.3262218E-008
1.7610800E-003   3.1800873E-008
1.8440800E-003   3.0888800E-008
1.9309800E-003   2.9728344E-008
2.0219900E-003   2.8357100E-008
2.1172800E-003   2.7420600E-008
2.2170700E-003   2.6273153E-008
2.3215500E-003   2.4682000E-008
2.4309700E-003   2.3703500E-008
2.5455300E-003   2.2488500E-008
2.6655000E-003   2.1455200E-008
2.7911200E-003   2.0520838E-008
2.9226600E-003   1.9619273E-008
3.0604000E-003   1.8757317E-008
3.2046400E-003   1.7855800E-008
3.3556700E-003   1.6886100E-008
3.5138100E-003   1.5848933E-008
3.6794100E-003   1.4854600E-008
3.8528200E-003   1.4153900E-008
4.0344000E-003   1.3234200E-008
4.2245300E-003   1.2512200E-008
4.4236300E-003   1.1835067E-008
4.6321100E-003   1.0967200E-008
4.8504100E-003   1.0330200E-008
5.0790100E-003   9.5606580E-009
5.3183700E-003   8.8377448E-009
5.5690200E-003   8.2617708E-009
5.8314800E-003   7.6590300E-009
6.1063100E-003   7.0653100E-009
6.3940900E-003   6.5995178E-009
6.6954300E-003   6.1005059E-009
7.0109800E-003   5.5836500E-009
7.3414000E-003   5.1546021E-009
7.6873900E-003   4.7351100E-009
8.0496800E-003   4.3819200E-009
8.4290500E-003   4.0677600E-009
8.8263000E-003   3.7216170E-009
9.2422700E-003   3.4004400E-009
9.6778500E-003   3.1094449E-009
1.0133900E-002   2.8798900E-009
1.0611500E-002   2.6569920E-009
1.1111700E-002   2.4754000E-009
1.1635300E-002   2.2703750E-009
1.2183700E-002   2.0702950E-009
1.2757900E-002   1.8815240E-009
1.3359100E-002   1.7099649E-009
1.3988700E-002   1.5383330E-009
1.4648000E-002   1.3974260E-009
1.5338400E-002   1.2700070E-009
1.6061200E-002   1.1299430E-009
1.6818200E-002   1.0160620E-009
1.7610800E-002   9.0538799E-010
1.8440800E-002   8.0430501E-010
1.9309800E-002   7.1009898E-010
2.0219900E-002   6.2196398E-010
2.1172800E-002   5.5081700E-010
2.2170700E-002   4.8780902E-010
2.3215500E-002   4.3680501E-010
 7
 1   2   3   4
 xy
 100
1.0133900E-003   4.5151925E-008
1.0611500E-003   4.4656026E-008
1.1111700E-003   4.3200782E-008
1.1635300E-003   4.2257060E-008
1.2183700E-003   4.0431015E-008
1.2757900E-003   3.9407500E-008
1.3359100E-003   3.8184500E-008
1.3988700E-003   3.6702000E-008
1.4648000E-003   3.5683500E-008
1.5338400E-003   3.4956800E-008
1.6061200E-003   3.3740300E-008
1.6818200E-003   3.2418384E-008
1.7610800E-003   3.1710204E-008
1.8440800E-003   3.0339915E-008
1.9309800E-003   2.9036200E-008
2.0219900E-003   2.8153900E-008
2.1172800E-003   2.6755000E-008
2.2170700E-003   2.5993700E-008
2.3215500E-003   2.5016600E-008
2.4309700E-003   2.3795717E-008
2.5455300E-003   2.2817100E-008
2.6655000E-003   2.1675000E-008
2.7911200E-003   2.0435700E-008
2.9226600E-003   1.9345100E-008
3.0604000E-003   1.8458103E-008
3.2046400E-003   1.7283600E-008
3.3556700E-003   1.6483600E-008
3.5138100E-003   1.5777700E-008
3.6794100E-003   1.4800071E-008
3.8528200E-003   1.4160518E-008
4.0344000E-003   1.3252633E-008
4.2245300E-003   1.2266736E-008
4.4236300E-003   1.1455100E-008
4.6321100E-003   1.0626222E-008
4.8504100E-003   9.9449338E-009
5.0790100E-003   9.3073256E-009
5.3183700E-003   8.5203151E-009
5.5690200E-003   7.9324000E-009
5.8314800E-003   7.2997728E-009
6.1063100E-003   6.7567241E-009
6.3940900E-003   6.2155600E-009
6.6954300E-003   5.7376900E-009
7.0109800E-003   5.2893738E-009
7.3414000E-003   4.7525099E-009
7.6873900E-003   4.3439989E-009
8.0496800E-003   3.9343391E-009
8.4290500E-003   3.5377200E-009
8.8263000E-003   3.2570211E-009
9.2422700E-003   2.9513720E-009
9.6778500E-003   2.7018090E-009
1.0133900E-002   2.4543700E-009
1.0611500E-002   2.1904210E-009
1.1111700E-002   1.9835169E-009
1.1635300E-002   1.7626000E-009
1.2183700E-002   1.6037190E-009
1.2757900E-002   1.4251030E-009
1.3359100E-002   1.2610130E-009
1.3988700E-002   1.1291150E-009
1.4648000E-002   9.9070196E-010
1.5338400E-002   9.0234997E-010
1.6061200E-002   8.0666601E-010
1.6818200E-002   7.2112799E-010
1.7610800E-002   6.4465999E-010
1.8440800E-002   5.7630101E-010
1.9309800E-002   5.1550197E-010
2.0219900E-002   4.6160301E-010
2.1172800E-002   4.1334000E-010
2.2170700E-002   3.7012199E-010
2.3215500E-002   3.2418401E-010
 8
 1   2   3   4
 xy
 100
1.0133900E-003   4.3158973E-008
1.0611500E-003   4.2690552E-008
1.1111700E-003   4.2227214E-008
1.1635300E-003   4.1195445E-008
1.2183700E-003   4.0423608E-008
1.2757900E-003   3.9121641E-008
1.3359100E-003   3.8277044E-008
1.3988700E-003   3.6686500E-008
1.4648000E-003   3.5777200E-008
1.5338400E-003   3.4149100E-008
1.6061200E-003   3.3131400E-008
1.6818200E-003   3.2269900E-008
1.7610800E-003   3.1132300E-008
1.8440800E-003   3.0314300E-008
1.9309800E-003   2.9126300E-008
2.0219900E-003   2.7604800E-008
2.1172800E-003   2.6701784E-008
2.2170700E-003   2.5582200E-008
2.3215500E-003   2.4738020E-008
2.4309700E-003   2.3595200E-008
2.5455300E-003   2.2501200E-008
2.6655000E-003   2.1506500E-008
2.7911200E-003   2.0438400E-008
2.9226600E-003   1.9569800E-008
3.0604000E-003   1.8290500E-008
3.2046400E-003   1.7598000E-008
3.3556700E-003   1.6551200E-008
3.5138100E-003   1.5565700E-008
3.6794100E-003   1.4807600E-008
3.8528200E-003   1.3919000E-008
4.0344000E-003   1.3229400E-008
4.2245300E-003   1.2316498E-008
4.4236300E-003   1.1451100E-008
4.6321100E-003   1.0710600E-008
4.8504100E-003   1.0074400E-008
5.0790100E-003   9.4088700E-009
5.3183700E-003   8.6922600E-009
5.5690200E-003   8.1191907E-009
5.8314800E-003   7.5340791E-009
6.1063100E-003   6.9219600E-009
6.3940900E-003   6.5043700E-009
6.6954300E-003   6.0532770E-009
7.0109800E-003   5.6459899E-009
7.3414000E-003   5.2526579E-009
7.6873900E-003   4.8098840E-009
8.0496800E-003   4.4111288E-009
8.4290500E-003   3.9984869E-009
8.8263000E-003   3.6450200E-009
9.2422700E-003   3.2853960E-009
9.6778500E-003   2.9780609E-009
1.0133900E-002   2.7011859E-009
1.0611500E-002   2.4016540E-009
1.1111700E-002   2.1353370E-009
1.1635300E-002   1.8985511E-009
1.2183700E-002   1.6916800E-009
1.2757900E-002   1.5297320E-009
1.3359100E-002   1.3593560E-009
1.3988700E-002   1.2120670E-009
1.4648000E-002   1.0776620E-009
1.5338400E-002   9.5816099E-010
1.6061200E-002   8.3801300E-010
1.6818200E-002   7.4142897E-010
1.7610800E-002   6.4277500E-010
1.8440800E-002   5.6059500E-010
1.9309800E-002   4.8089599E-010
2.0219900E-002   4.1736201E-010
2.1172800E-002   3.6627301E-010
2.2170700E-002   3.2187900E-010
2.3215500E-002   2.8041200E-010
 9
 1   2   3   4
 xy
 100
1.0133900E-003   4.4358300E-008
1.0611500E-003   4.3821800E-008
1.1111700E-003   4.3179900E-008
1.1635300E-003   4.2249700E-008
1.2183700E-003   4.1195445E-008
1.2757900E-003   4.0324448E-008
1.3359100E-003   3.8915000E-008
1.3988700E-003   3.7724400E-008
1.4648000E-003   3.6587000E-008
1.5338400E-003   3.5800100E-008
1.6061200E-003   3.4704500E-008
1.6818200E-003   3.3987757E-008
1.7610800E-003   3.2565744E-008
1.8440800E-003   3.1125200E-008
1.9309800E-003   2.9912500E-008
2.0219900E-003   2.9073600E-008
2.1172800E-003   2.7503600E-008
2.2170700E-003   2.6689900E-008
2.3215500E-003   2.5726000E-008
2.4309700E-003   2.4609000E-008
2.5455300E-003   2.3383500E-008
2.6655000E-003   2.2405159E-008
2.7911200E-003   2.0913500E-008
2.9226600E-003   2.0092500E-008
3.0604000E-003   1.9069500E-008
3.2046400E-003   1.7860100E-008
3.3556700E-003   1.6970645E-008
3.5138100E-003   1.6087794E-008
3.6794100E-003   1.5088785E-008
3.8528200E-003   1.4457487E-008
4.0344000E-003   1.3396200E-008
4.2245300E-003   1.2553500E-008
4.4236300E-003   1.1811400E-008
4.6321100E-003   1.1012400E-008
4.8504100E-003   1.0180700E-008
5.0790100E-003   9.5198000E-009
5.3183700E-003   8.9363600E-009
5.5690200E-003   8.2945633E-009
5.8314800E-003   7.7794926E-009
6.1063100E-003   7.1003878E-009
6.3940900E-003   6.5570021E-009
6.6954300E-003   6.0198042E-009
7.0109800E-003   5.5645500E-009
7.3414000E-003   5.1283400E-009
7.6873900E-003   4.7587640E-009
8.0496800E-003   4.3977600E-009
8.4290500E-003   4.0283590E-009
8.8263000E-003   3.6629300E-009
9.2422700E-003   3.3806660E-009
9.6778500E-003   3.1036971E-009
1.0133900E-002   2.8267151E-009
1.0611500E-002   2.6032900E-009
1.1111700E-002   2.3953600E-009
1.1635300E-002   2.1582749E-009
1.2183700E-002   1.9603941E-009
1.2757900E-002   1.7806560E-009
1.3359100E-002   1.6173970E-009
1.3988700E-002   1.4471400E-009
1.4648000E-002   1.2966430E-009
1.5338400E-002   1.1721020E-009
1.6061200E-002   1.0675730E-009
1.6818200E-002   9.7236597E-010
1.7610800E-002   8.7966101E-010
1.8440800E-002   8.0666601E-010
1.9309800E-002   7.2112799E-010
2.0219900E-002   6.5681699E-010
2.1172800E-002   5.9824101E-010
2.2170700E-002   5.3809401E-010
2.3215500E-002   4.7842602E-010
 10
 1   2   3   4
 xy
 100
1.0133900E-003   4.4657300E-008
1.0611500E-003   4.3733300E-008
1.1111700E-003   4.2137200E-008
1.1635300E-003   4.1401300E-008
1.2183700E-003   4.0324448E-008
1.2757900E-003   3.9234000E-008
1.3359100E-003   3.8074300E-008
1.3988700E-003   3.7323600E-008
1.4648000E-003   3.6405400E-008
1.5338400E-003   3.5226400E-008
1.6061200E-003   3.4092100E-008
1.6818200E-003   3.3081500E-008
1.7610800E-003   3.1877207E-008
1.8440800E-003   3.0891400E-008
1.9309800E-003   2.9803600E-008
2.0219900E-003   2.8484800E-008
2.1172800E-003   2.7426100E-008
2.2170700E-003   2.6168400E-008
2.3215500E-003   2.5075100E-008
2.4309700E-003   2.3919200E-008
2.5455300E-003   2.2879300E-008
2.6655000E-003   2.1898200E-008
2.7911200E-003   2.0857700E-008
2.9226600E-003   2.0134660E-008
3.0604000E-003   1.9144821E-008
3.2046400E-003   1.7938400E-008
3.3556700E-003   1.6618000E-008
3.5138100E-003   1.5639800E-008
3.6794100E-003   1.4740400E-008
3.8528200E-003   1.3830700E-008
4.0344000E-003   1.3196000E-008
4.2245300E-003   1.2406900E-008
4.4236300E-003   1.1656100E-008
4.6321100E-003   1.0802700E-008
4.8504100E-003   1.0161564E-008
5.0790100E-003   9.4566600E-009
5.3183700E-003   8.9043900E-009
5.5690200E-003   8.2143600E-009
5.8314800E-003   7.6150108E-009
6.1063100E-003   6.9911330E-009
6.3940900E-003   6.4603549E-009
6.6954300E-003   5.8925278E-009
7.0109800E-003   5.4678808E-009
7.3414000E-003   5.0225700E-009
7.6873900E-003   4.5865100E-009
8.0496800E-003   4.2147400E-009
8.4290500E-003   3.8431449E-009
8.8263000E-003   3.4961469E-009
9.2422700E-003   3.1370380E-009
9.6778500E-003   2.8267151E-009
1.0133900E-002   2.5881710E-009
1.0611500E-002   2.3400799E-009
1.1111700E-002   2.1277800E-009
1.1635300E-002   1.9066100E-009
1.2183700E-002   1.7214620E-009
1.2757900E-002   1.5539900E-009
1.3359100E-002   1.4207400E-009
1.3988700E-002   1.2868659E-009
1.4648000E-002   1.1504080E-009
1.5338400E-002   1.0548770E-009
1.6061200E-002   9.5436803E-010
1.6818200E-002   8.6925700E-010
1.7610800E-002   7.9173601E-010
1.8440800E-002   7.2112799E-010
1.9309800E-002   6.6920303E-010
2.0219900E-002   6.0952299E-010
2.1172800E-002   5.5562199E-010
2.2170700E-002   5.0468002E-010
2.3215500E-002   4.5353701E-010
 11
 1   2   3   4
 xy
 100
1.0133900E-003   4.5930000E-008
1.0611500E-003   4.4932100E-008
1.1111700E-003   4.3894900E-008
1.1635300E-003   4.2744300E-008
1.2183700E-003   4.1580900E-008
1.2757900E-003   4.0324448E-008
1.3359100E-003   3.9188000E-008
1.3988700E-003   3.8411000E-008
1.4648000E-003   3.7677600E-008
1.5338400E-003   3.6065900E-008
1.6061200E-003   3.5094867E-008
1.6818200E-003   3.4246800E-008
1.7610800E-003   3.2929700E-008
1.8440800E-003   3.1877207E-008
1.9309800E-003   3.0225600E-008
2.0219900E-003   2.9140500E-008
2.1172800E-003   2.8072800E-008
2.2170700E-003   2.7156556E-008
2.3215500E-003   2.5830900E-008
2.4309700E-003   2.4223200E-008
2.5455300E-003   2.3308100E-008
2.6655000E-003   2.2405159E-008
2.7911200E-003   2.1057800E-008
2.9226600E-003   2.0134660E-008
3.0604000E-003   1.9052900E-008
3.2046400E-003   1.8019600E-008
3.3556700E-003   1.7337205E-008
3.5138100E-003   1.6435285E-008
3.6794100E-003   1.5250873E-008
3.8528200E-003   1.4303833E-008
4.0344000E-003   1.3336500E-008
4.2245300E-003   1.2521300E-008
4.4236300E-003   1.1741500E-008
4.6321100E-003   1.0933100E-008
4.8504100E-003   1.0161564E-008
5.0790100E-003   9.5305577E-009
5.3183700E-003   8.8437346E-009
5.5690200E-003   8.2496100E-009
5.8314800E-003   7.6380500E-009
6.1063100E-003   7.1421389E-009
6.3940900E-003   6.6147412E-009
6.6954300E-003   6.0844698E-009
7.0109800E-003   5.6298400E-009
7.3414000E-003   5.1283400E-009
7.6873900E-003   4.7525099E-009
8.0496800E-003   4.3069100E-009
8.4290500E-003   3.9261558E-009
8.8263000E-003   3.6432160E-009
9.2422700E-003   3.3381900E-009
9.6778500E-003   3.0380760E-009
1.0133900E-002   2.7891740E-009
1.0611500E-002   2.5188500E-009
1.1111700E-002   2.2525179E-009
1.1635300E-002   2.0459960E-009
1.2183700E-002   1.8047220E-009
1.2757900E-002   1.6420429E-009
1.3359100E-002   1.4691069E-009
1.3988700E-002   1.3344120E-009
1.4648000E-002   1.1797630E-009
1.5338400E-002   1.0548770E-009
1.6061200E-002   9.5436803E-010
1.6818200E-002   8.5316798E-010
1.7610800E-002   7.7380402E-010
1.8440800E-002   6.8799799E-010
1.9309800E-002   6.1827699E-010
2.0219900E-002   5.4488902E-010
2.1172800E-002   4.8875898E-010
2.2170700E-002   4.2739701E-010
2.3215500E-002   3.7500500E-010
 12
 1   2   3   4
 xy
 100
1.0133900E-003   4.8135387E-008
1.0611500E-003   4.7612954E-008
1.1111700E-003   4.7096190E-008
1.1635300E-003   4.6079432E-008
1.2183700E-003   4.4829918E-008
1.2757900E-003   4.3414087E-008
1.3359100E-003   4.2042970E-008
1.3988700E-003   4.1315570E-008
1.4648000E-003   3.9984872E-008
1.5338400E-003   3.8637317E-008
1.6061200E-003   3.7418456E-008
1.6818200E-003   3.6238042E-008
1.7610800E-003   3.5183696E-008
1.8440800E-003   3.3269153E-008
1.9309800E-003   3.1834908E-008
2.0219900E-003   3.0176913E-008
2.1172800E-003   2.8629900E-008
2.2170700E-003   2.7339900E-008
2.3215500E-003   2.6278400E-008
2.4309700E-003   2.5118863E-008
2.5455300E-003   2.3888576E-008
2.6655000E-003   2.2889102E-008
2.7911200E-003   2.1931447E-008
2.9226600E-003   2.0583400E-008
3.0604000E-003   1.9499488E-008
3.2046400E-003   1.8669200E-008
3.3556700E-003   1.7666200E-008
3.5138100E-003   1.6792200E-008
3.6794100E-003   1.5747650E-008
3.8528200E-003   1.4652500E-008
4.0344000E-003   1.3729000E-008
4.2245300E-003   1.2962500E-008
4.4236300E-003   1.2291000E-008
4.6321100E-003   1.1551676E-008
4.8504100E-003   1.0733500E-008
5.0790100E-003   1.0053567E-008
5.3183700E-003   9.3549300E-009
5.5690200E-003   8.7497440E-009
5.8314800E-003   8.1191907E-009
6.1063100E-003   7.5358400E-009
6.3940900E-003   7.0922200E-009
6.6954300E-003   6.5710800E-009
7.0109800E-003   6.0844698E-009
7.3414000E-003   5.6525100E-009
7.6873900E-003   5.2833000E-009
8.0496800E-003   4.8615520E-009
8.4290500E-003   4.4632582E-009
8.8263000E-003   4.0975952E-009
9.2422700E-003   3.7618890E-009
9.6778500E-003   3.3996970E-009
1.0133900E-002   3.1067600E-009
1.0611500E-002   2.8494189E-009
1.1111700E-002   2.5719140E-009
1.1635300E-002   2.3400799E-009
1.2183700E-002   2.1353370E-009
1.2757900E-002   1.9191500E-009
1.3359100E-002   1.7428000E-009
1.3988700E-002   1.5794100E-009
1.4648000E-002   1.4380450E-009
1.5338400E-002   1.3162900E-009
1.6061200E-002   1.1797630E-009
1.6818200E-002   1.0675730E-009
1.7610800E-002   9.5436803E-010
1.8440800E-002   8.5191099E-010
1.9309800E-002   7.5397799E-010
2.0219900E-002   6.6907002E-010
2.1172800E-002   5.8716798E-010
2.2170700E-002   5.1519000E-010
2.3215500E-002   4.4366899E-010
 13
 1   2   3   4
 xy
 100
1.0133900E-003   4.6619600E-008
1.0611500E-003   4.5625900E-008
1.1111700E-003   4.4588700E-008
1.1635300E-003   4.4142100E-008
1.2183700E-003   4.2794700E-008
1.2757900E-003   4.2085251E-008
1.3359100E-003   4.0757620E-008
1.3988700E-003   3.9324500E-008
1.4648000E-003   3.8243600E-008
1.5338400E-003   3.7147200E-008
1.6061200E-003   3.6189500E-008
1.6818200E-003   3.5094867E-008
1.7610800E-003   3.3269153E-008
1.8440800E-003   3.2187874E-008
1.9309800E-003   3.1124500E-008
2.0219900E-003   2.9897720E-008
2.1172800E-003   2.8743298E-008
2.2170700E-003   2.7914400E-008
2.3215500E-003   2.6870039E-008
2.4309700E-003   2.5689525E-008
2.5455300E-003   2.4286551E-008
2.6655000E-003   2.2703748E-008
2.7911200E-003   2.1806400E-008
2.9226600E-003   2.0960800E-008
3.0604000E-003   1.9802800E-008
3.2046400E-003   1.8757317E-008
3.3556700E-003   1.7839200E-008
3.5138100E-003   1.7019800E-008
3.6794100E-003   1.5917600E-008
3.8528200E-003   1.5037300E-008
4.0344000E-003   1.4151812E-008
4.2245300E-003   1.3271200E-008
4.4236300E-003   1.2493100E-008
4.6321100E-003   1.1667400E-008
4.8504100E-003   1.0950732E-008
5.0790100E-003   1.0170900E-008
5.3183700E-003   9.5353800E-009
5.5690200E-003   8.9127500E-009
5.8314800E-003   8.4286000E-009
6.1063100E-003   7.8630613E-009
6.3940900E-003   7.3747861E-009
6.6954300E-003   6.9346671E-009
7.0109800E-003   6.4603549E-009
7.3414000E-003   6.0198042E-009
7.6873900E-003   5.5859850E-009
8.0496800E-003   5.1283400E-009
8.4290500E-003   4.7587640E-009
8.8263000E-003   4.3241171E-009
9.2422700E-003   4.0283590E-009
9.6778500E-003   3.7325711E-009
1.0133900E-002   3.4536880E-009
1.0611500E-002   3.2047971E-009
1.1111700E-002   2.9396301E-009
1.1635300E-002   2.6994771E-009
1.2183700E-002   2.4469531E-009
1.2757900E-002   2.2829190E-009
1.3359100E-002   2.0354360E-009
1.3988700E-002   1.8556960E-009
1.4648000E-002   1.6918280E-009
1.5338400E-002   1.5472960E-009
1.6061200E-002   1.3873310E-009
1.6818200E-002   1.2575520E-009
1.7610800E-002   1.1275419E-009
1.8440800E-002   1.0220650E-009
1.9309800E-002   9.2678998E-010
2.0219900E-002   8.3550900E-010
2.1172800E-002   7.4674200E-010
2.2170700E-002   6.6740602E-010
2.3215500E-002   6.0323702E-010
 14
 1   2   3   4
 xy
 100
1.0133900E-003   4.5254357E-008
1.0611500E-003   4.4765496E-008
1.1111700E-003   4.3803563E-008
1.1635300E-003   4.2399282E-008
1.2183700E-003   4.1941263E-008
1.2757900E-003   4.0158142E-008
1.3359100E-003   3.9043549E-008
1.3988700E-003   3.7974072E-008
1.4648000E-003   3.6622100E-008
1.5338400E-003   3.5469000E-008
1.6061200E-003   3.4558100E-008
1.6818200E-003   3.3039000E-008
1.7610800E-003   3.1972000E-008
1.8440800E-003   3.1123000E-008
1.9309800E-003   2.9849500E-008
2.0219900E-003   2.9110200E-008
2.1172800E-003   2.7814600E-008
2.2170700E-003   2.7026800E-008
2.3215500E-003   2.6007244E-008
2.4309700E-003   2.4732500E-008
2.5455300E-003   2.3842867E-008
2.6655000E-003   2.2374800E-008
2.7911200E-003   2.1210000E-008
2.9226600E-003   2.0191303E-008
3.0604000E-003   1.9128906E-008
3.2046400E-003   1.8261584E-008
3.3556700E-003   1.7300000E-008
3.5138100E-003   1.6139400E-008
3.6794100E-003   1.5288600E-008
3.8528200E-003   1.4570200E-008
4.0344000E-003   1.3611800E-008
4.2245300E-003   1.2849900E-008
4.4236300E-003   1.2200800E-008
4.6321100E-003   1.1269037E-008
4.8504100E-003   1.0673378E-008
5.0790100E-003   9.7851167E-009
5.3183700E-003   9.1463700E-009
5.5690200E-003   8.4307000E-009
5.8314800E-003   7.8540800E-009
6.1063100E-003   7.2149100E-009
6.3940900E-003   6.6459800E-009
6.6954300E-003   6.1178500E-009
7.0109800E-003   5.6234128E-009
7.3414000E-003   5.0997300E-009
7.6873900E-003   4.7430349E-009
8.0496800E-003   4.3033119E-009
8.4290500E-003   3.9896881E-009
8.8263000E-003   3.6418391E-009
9.2422700E-003   3.2907000E-009
9.6778500E-003   2.9951259E-009
1.0133900E-002   2.7328750E-009
1.0611500E-002   2.5064610E-009
1.1111700E-002   2.2496380E-009
1.1635300E-002   2.0248000E-009
1.2183700E-002   1.8122410E-009
1.2757900E-002   1.6442300E-009
1.3359100E-002   1.4917940E-009
1.3988700E-002   1.3389380E-009
1.4648000E-002   1.2107010E-009
1.5338400E-002   1.0973170E-009
1.6061200E-002   9.9455200E-010
1.6818200E-002   8.9161600E-010
1.7610800E-002   7.9933399E-010
1.8440800E-002   7.1660300E-010
1.9309800E-002   6.4243499E-010
2.0219900E-002   5.8227001E-010
2.1172800E-002   5.2200499E-010
2.2170700E-002   4.6289300E-010
2.3215500E-002   4.1498399E-010
 15
 1   2   3   4
 xy
 100
1.0133900E-003   4.4765496E-008
1.0611500E-003   4.3803563E-008
1.1111700E-003   4.2452200E-008
1.1635300E-003   4.1849700E-008
1.2183700E-003   4.0596685E-008
1.2757900E-003   3.9724330E-008
1.3359100E-003   3.8733400E-008
1.3988700E-003   3.7624584E-008
1.4648000E-003   3.6816097E-008
1.5338400E-003   3.5648800E-008
1.6061200E-003   3.4667600E-008
1.6818200E-003   3.3752183E-008
1.7610800E-003   3.2358400E-008
1.8440800E-003   3.1337500E-008
1.9309800E-003   3.0149200E-008
2.0219900E-003   2.9007900E-008
2.1172800E-003   2.8368095E-008
2.2170700E-003   2.7144200E-008
2.3215500E-003   2.5901200E-008
2.4309700E-003   2.4632554E-008
2.5455300E-003   2.3406900E-008
2.6655000E-003   2.2582581E-008
2.7911200E-003   2.1622489E-008
2.9226600E-003   2.0519200E-008
3.0604000E-003   1.9745200E-008
3.2046400E-003   1.8775214E-008
3.3556700E-003   1.7782794E-008
3.5138100E-003   1.6660888E-008
3.6794100E-003   1.5645700E-008
3.8528200E-003   1.4695200E-008
4.0344000E-003   1.3778600E-008
4.2245300E-003   1.3089200E-008
4.4236300E-003   1.2343000E-008
4.6321100E-003   1.1642272E-008
4.8504100E-003   1.0826367E-008
5.0790100E-003   1.0219602E-008
5.3183700E-003   9.5370300E-009
5.5690200E-003   8.8679100E-009
5.8314800E-003   8.0868400E-009
6.1063100E-003   7.3911900E-009
6.3940900E-003   6.8755900E-009
6.6954300E-003   6.4062480E-009
7.0109800E-003   5.9942700E-009
7.3414000E-003   5.5218600E-009
7.6873900E-003   5.1554210E-009
8.0496800E-003   4.6753201E-009
8.4290500E-003   4.2973900E-009
8.8263000E-003   4.0588900E-009
9.2422700E-003   3.8034000E-009
9.6778500E-003   3.5350700E-009
1.0133900E-002   3.2425900E-009
1.0611500E-002   3.0278340E-009
1.1111700E-002   2.7758511E-009
1.1635300E-002   2.5448390E-009
1.2183700E-002   2.3102700E-009
1.2757900E-002   2.1291440E-009
1.3359100E-002   1.9564700E-009
1.3988700E-002   1.7782790E-009
1.4648000E-002   1.5952550E-009
1.5338400E-002   1.4310680E-009
1.6061200E-002   1.2699120E-009
1.6818200E-002   1.1291150E-009
1.7610800E-002   1.0219600E-009
1.8440800E-002   9.0687402E-010
1.9309800E-002   8.0474899E-010
2.0219900E-002   7.2980599E-010
2.1172800E-002   6.4062500E-010
2.2170700E-002   5.8096600E-010
2.3215500E-002   5.2117199E-010
 16
 1   2   3   4
 xy
 100
1.0133900E-003   4.5088200E-008
1.0611500E-003   4.3928600E-008
1.1111700E-003   4.3350000E-008
1.1635300E-003   4.2316700E-008
1.2183700E-003   4.0817100E-008
1.2757900E-003   4.0344800E-008
1.3359100E-003   3.9313000E-008
1.3988700E-003   3.8182800E-008
1.4648000E-003   3.7244900E-008
1.5338400E-003   3.5779800E-008
1.6061200E-003   3.4835300E-008
1.6818200E-003   3.3862800E-008
1.7610800E-003   3.2485900E-008
1.8440800E-003   3.1103100E-008
1.9309800E-003   3.0093236E-008
2.0219900E-003   2.8732800E-008
2.1172800E-003   2.7554426E-008
2.2170700E-003   2.6550000E-008
2.3215500E-003   2.5517400E-008
2.4309700E-003   2.4426200E-008
2.5455300E-003   2.3192300E-008
2.6655000E-003   2.2350244E-008
2.7911200E-003   2.1152362E-008
2.9226600E-003   2.0096800E-008
3.0604000E-003   1.9025800E-008
3.2046400E-003   1.8003700E-008
3.3556700E-003   1.7112900E-008
3.5138100E-003   1.6206500E-008
3.6794100E-003   1.5033600E-008
3.8528200E-003   1.4256200E-008
4.0344000E-003   1.3367900E-008
4.2245300E-003   1.2525100E-008
4.4236300E-003   1.1770300E-008
4.6321100E-003   1.1137900E-008
4.8504100E-003   1.0442000E-008
5.0790100E-003   9.5929300E-009
5.3183700E-003   8.9536200E-009
5.5690200E-003   8.2364700E-009
5.8314800E-003   7.6765740E-009
6.1063100E-003   6.9943600E-009
6.3940900E-003   6.3953600E-009
6.6954300E-003   5.9582619E-009
7.0109800E-003   5.5116200E-009
7.3414000E-003   4.9953348E-009
7.6873900E-003   4.6245741E-009
8.0496800E-003   4.2344230E-009
8.4290500E-003   3.8347059E-009
8.8263000E-003   3.4727210E-009
9.2422700E-003   3.1366700E-009
9.6778500E-003   2.8661900E-009
1.0133900E-002   2.6466800E-009
1.0611500E-002   2.4142099E-009
1.1111700E-002   2.1623610E-009
1.1635300E-002   1.9367850E-009
1.2183700E-002   1.7676600E-009
1.2757900E-002   1.6037190E-009
1.3359100E-002   1.4543849E-009
1.3988700E-002   1.3170950E-009
1.4648000E-002   1.1796970E-009
1.5338400E-002   1.0566310E-009
1.6061200E-002   9.4640396E-010
1.6818200E-002   8.4901300E-010
1.7610800E-002   7.6100900E-010
1.8440800E-002   6.9045503E-010
1.9309800E-002   6.2505501E-010
2.0219900E-002   5.5962801E-010
2.1172800E-002   5.0661902E-010
2.2170700E-002   4.5358900E-010
2.3215500E-002   4.0611001E-010
 17
 1   2   3   4
 xy
 100
1.0133900E-003   4.4499800E-008
1.0611500E-003   4.3413900E-008
1.1111700E-003   4.3085300E-008
1.1635300E-003   4.2376200E-008
1.2183700E-003   4.1711246E-008
1.2757900E-003   4.0277573E-008
1.3359100E-003   3.8964300E-008
1.3988700E-003   3.8085100E-008
1.4648000E-003   3.7121051E-008
1.5338400E-003   3.5886500E-008
1.6061200E-003   3.4699300E-008
1.6818200E-003   3.3423401E-008
1.7610800E-003   3.2403400E-008
1.8440800E-003   3.1468100E-008
1.9309800E-003   3.0261600E-008
2.0219900E-003   2.9231700E-008
2.1172800E-003   2.7850100E-008
2.2170700E-003   2.7114900E-008
2.3215500E-003   2.5593100E-008
2.4309700E-003   2.4707600E-008
2.5455300E-003   2.3610500E-008
2.6655000E-003   2.2651700E-008
2.7911200E-003   2.1273800E-008
2.9226600E-003   2.0374900E-008
3.0604000E-003   1.9312500E-008
3.2046400E-003   1.8178300E-008
3.3556700E-003   1.7398280E-008
3.5138100E-003   1.6404700E-008
3.6794100E-003   1.5413500E-008
3.8528200E-003   1.4503700E-008
4.0344000E-003   1.3826800E-008
4.2245300E-003   1.2721600E-008
4.4236300E-003   1.1988400E-008
4.6321100E-003   1.1205500E-008
4.8504100E-003   1.0499500E-008
5.0790100E-003   9.7066000E-009
5.3183700E-003   9.1004600E-009
5.5690200E-003   8.3856000E-009
5.8314800E-003   7.7450000E-009
6.1063100E-003   7.1283000E-009
6.3940900E-003   6.5108700E-009
6.6954300E-003   6.0668248E-009
7.0109800E-003   5.5501381E-009
7.3414000E-003   5.1151781E-009
7.6873900E-003   4.6596620E-009
8.0496800E-003   4.3170090E-009
8.4290500E-003   3.9145340E-009
8.8263000E-003   3.6276231E-009
9.2422700E-003   3.2570211E-009
9.6778500E-003   2.9229590E-009
1.0133900E-002   2.6318021E-009
1.0611500E-002   2.3629200E-009
1.1111700E-002   2.1088740E-009
1.1635300E-002   1.8767989E-009
1.2183700E-002   1.7096660E-009
1.2757900E-002   1.5297320E-009
1.3359100E-002   1.3593560E-009
1.3988700E-002   1.2182200E-009
1.4648000E-002   1.0734190E-009
1.5338400E-002   9.7454700E-010
1.6061200E-002   8.8430800E-010
1.6818200E-002   7.8441900E-010
1.7610800E-002   7.0170397E-010
1.8440800E-002   6.2355099E-010
1.9309800E-002   5.5178800E-010
2.0219900E-002   4.9106502E-010
2.1172800E-002   4.2695300E-010
2.2170700E-002   3.7996800E-010
2.3215500E-002   3.3744699E-010
 18
 1   2   3   4
 xy
 100
1.0133900E-003   4.6317000E-008
1.0611500E-003   4.5891500E-008
1.1111700E-003   4.5706333E-008
1.1635300E-003   4.4239350E-008
1.2183700E-003   4.2819451E-008
1.2757900E-003   4.1565200E-008
1.3359100E-003   4.0584900E-008
1.3988700E-003   3.9251901E-008
1.4648000E-003   3.8312600E-008
1.5338400E-003   3.6787800E-008
1.6061200E-003   3.5638000E-008
1.6818200E-003   3.4450068E-008
1.7610800E-003   3.3188200E-008
1.8440800E-003   3.2059600E-008
1.9309800E-003   3.1238280E-008
2.0219900E-003   2.9940200E-008
2.1172800E-003   2.9154600E-008
2.2170700E-003   2.8325930E-008
2.3215500E-003   2.7182700E-008
2.4309700E-003   2.5965925E-008
2.5455300E-003   2.5006807E-008
2.6655000E-003   2.3913371E-008
2.7911200E-003   2.2789415E-008
2.9226600E-003   2.1556600E-008
3.0604000E-003   2.0653100E-008
3.2046400E-003   1.9444600E-008
3.3556700E-003   1.8335053E-008
3.5138100E-003   1.7141100E-008
3.6794100E-003   1.6416100E-008
3.8528200E-003   1.5310200E-008
4.0344000E-003   1.4436800E-008
4.2245300E-003   1.3499700E-008
4.4236300E-003   1.2741100E-008
4.6321100E-003   1.1739717E-008
4.8504100E-003   1.0908400E-008
5.0790100E-003   1.0241400E-008
5.3183700E-003   9.5483683E-009
5.5690200E-003   8.8832200E-009
5.8314800E-003   8.2896463E-009
6.1063100E-003   7.6858200E-009
6.3940900E-003   7.2713800E-009
6.6954300E-003   6.8125000E-009
7.0109800E-003   6.3380550E-009
7.3414000E-003   5.8780159E-009
7.6873900E-003   5.5370220E-009
8.0496800E-003   5.1173661E-009
8.4290500E-003   4.7525099E-009
8.8263000E-003   4.4274522E-009
9.2422700E-003   4.0885588E-009
9.6778500E-003   3.7888932E-009
1.0133900E-002   3.4961469E-009
1.0611500E-002   3.2570211E-009
1.1111700E-002   2.9903919E-009
1.1635300E-002   2.7860430E-009
1.2183700E-002   2.5748861E-009
1.2757900E-002   2.3797320E-009
1.3359100E-002   2.1503950E-009
1.3988700E-002   1.9431601E-009
1.4648000E-002   1.7757780E-009
1.5338400E-002   1.6046450E-009
1.6061200E-002   1.4500040E-009
1.6818200E-002   1.3251020E-009
1.7610800E-002   1.1974010E-009
1.8440800E-002   1.0698920E-009
1.9309800E-002   9.7773201E-010
2.0219900E-002   8.7361501E-010
2.1172800E-002   7.8199502E-010
2.2170700E-002   7.0715500E-010
2.3215500E-002   6.5393402E-010
 19
 1   2   3   4
 xy
 100
1.0133900E-003   4.3908200E-008
1.0611500E-003   4.2863300E-008
1.1111700E-003   4.2435000E-008
1.1635300E-003   4.2138100E-008
1.2183700E-003   4.1573621E-008
1.2757900E-003   4.0210789E-008
1.3359100E-003   3.9066100E-008
1.3988700E-003   3.8071200E-008
1.4648000E-003   3.7202057E-008
1.5338400E-003   3.5668700E-008
1.6061200E-003   3.5097900E-008
1.6818200E-003   3.4038173E-008
1.7610800E-003   3.3073400E-008
1.8440800E-003   3.1650000E-008
1.9309800E-003   3.0536900E-008
2.0219900E-003   2.9659900E-008
2.1172800E-003   2.8494744E-008
2.2170700E-003   2.7408600E-008
2.3215500E-003   2.6249400E-008
2.4309700E-003   2.5235000E-008
2.5455300E-003   2.4055600E-008
2.6655000E-003   2.2817233E-008
2.7911200E-003   2.1738300E-008
2.9226600E-003   2.1021900E-008
3.0604000E-003   1.9759500E-008
3.2046400E-003   1.9101238E-008
3.3556700E-003   1.8013200E-008
3.5138100E-003   1.6904300E-008
3.6794100E-003   1.5862100E-008
3.8528200E-003   1.4959239E-008
4.0344000E-003   1.4133100E-008
4.2245300E-003   1.3325400E-008
4.4236300E-003   1.2459300E-008
4.6321100E-003   1.1606300E-008
4.8504100E-003   1.0787800E-008
5.0790100E-003   1.0171700E-008
5.3183700E-003   9.4404400E-009
5.5690200E-003   8.8055700E-009
5.8314800E-003   8.1195051E-009
6.1063100E-003   7.5958964E-009
6.3940900E-003   7.1060531E-009
6.6954300E-003   6.5688100E-009
7.0109800E-003   5.9592200E-009
7.3414000E-003   5.4550600E-009
7.6873900E-003   5.0052800E-009
8.0496800E-003   4.5986400E-009
8.4290500E-003   4.2625969E-009
8.8263000E-003   3.8859800E-009
9.2422700E-003   3.5071300E-009
9.6778500E-003   3.2620200E-009
1.0133900E-002   2.9872489E-009
1.0611500E-002   2.7331950E-009
1.1111700E-002   2.4731179E-009
1.1635300E-002   2.2240400E-009
1.2183700E-002   2.0259700E-009
1.2757900E-002   1.8348620E-009
1.3359100E-002   1.6784530E-009
1.3988700E-002   1.5015570E-009
1.4648000E-002   1.3573440E-009
1.5338400E-002   1.1890600E-009
1.6061200E-002   1.0630120E-009
1.6818200E-002   9.3160302E-010
1.7610800E-002   8.2784402E-010
1.8440800E-002   7.3472700E-010
1.9309800E-002   6.5198003E-010
2.0219900E-002   5.8090199E-010
2.1172800E-002   5.1519000E-010
2.2170700E-002   4.5203499E-010
2.3215500E-002   3.9662201E-010
 20
 1   2   3   4
 xy
 100
1.0133900E-003   4.4764300E-008
1.0611500E-003   4.3670800E-008
1.1111700E-003   4.2891700E-008
1.1635300E-003   4.1852700E-008
1.2183700E-003   4.1136300E-008
1.2757900E-003   4.0690200E-008
1.3359100E-003   3.9677928E-008
1.3988700E-003   3.9238483E-008
1.4648000E-003   3.7949139E-008
1.5338400E-003   3.7113200E-008
1.6061200E-003   3.5188600E-008
1.6818200E-003   3.4289500E-008
1.7610800E-003   3.3101600E-008
1.8440800E-003   3.1825000E-008
1.9309800E-003   3.0711675E-008
2.0219900E-003   2.9712200E-008
2.1172800E-003   2.8932300E-008
2.2170700E-003   2.7462200E-008
2.3215500E-003   2.6443300E-008
2.4309700E-003   2.5279400E-008
2.5455300E-003   2.4313500E-008
2.6655000E-003   2.3032200E-008
2.7911200E-003   2.2154200E-008
2.9226600E-003   2.1266226E-008
3.0604000E-003   2.0180000E-008
3.2046400E-003   1.9170800E-008
3.3556700E-003   1.7939700E-008
3.5138100E-003   1.7004800E-008
3.6794100E-003   1.5919694E-008
3.8528200E-003   1.5170500E-008
4.0344000E-003   1.4201500E-008
4.2245300E-003   1.3321298E-008
4.4236300E-003   1.2329100E-008
4.6321100E-003   1.1720600E-008
4.8504100E-003   1.1020700E-008
5.0790100E-003   1.0310500E-008
5.3183700E-003   9.4425300E-009
5.5690200E-003   8.7618900E-009
5.8314800E-003   8.1249600E-009
6.1063100E-003   7.6332336E-009
6.3940900E-003   7.1088300E-009
6.6954300E-003   6.5909200E-009
7.0109800E-003   6.0638700E-009
7.3414000E-003   5.5882952E-009
7.6873900E-003   5.1324100E-009
8.0496800E-003   4.7285491E-009
8.4290500E-003   4.3057900E-009
8.8263000E-003   3.9343391E-009
9.2422700E-003   3.6634860E-009
9.6778500E-003   3.3355000E-009
1.0133900E-002   3.0965079E-009
1.0611500E-002   2.7963900E-009
1.1111700E-002   2.5688360E-009
1.1635300E-002   2.3442941E-009
1.2183700E-002   2.1291440E-009
1.2757900E-002   1.9616611E-009
1.3359100E-002   1.7839300E-009
1.3988700E-002   1.6233010E-009
1.4648000E-002   1.4849260E-009
1.5338400E-002   1.3284260E-009
1.6061200E-002   1.2079560E-009
1.6818200E-002   1.0992900E-009
1.7610800E-002   1.0055839E-009
1.8440800E-002   9.0986002E-010
1.9309800E-002   8.3213397E-010
2.0219900E-002   7.4858197E-010
2.1172800E-002   6.6933098E-010
2.2170700E-002   6.0952299E-010
2.3215500E-002   5.5516503E-010
 21
 1   2   3   4
 xy
 100
1.0133900E-003   4.3890900E-008
1.0611500E-003   4.2686400E-008
1.1111700E-003   4.1883400E-008
1.1635300E-003   4.1585400E-008
1.2183700E-003   4.0578700E-008
1.2757900E-003   3.9280600E-008
1.3359100E-003   3.8372600E-008
1.3988700E-003   3.7749000E-008
1.4648000E-003   3.6767700E-008
1.5338400E-003   3.5905500E-008
1.6061200E-003   3.5103032E-008
1.6818200E-003   3.4383100E-008
1.7610800E-003   3.3352100E-008
1.8440800E-003   3.2203200E-008
1.9309800E-003   3.0757800E-008
2.0219900E-003   2.9999500E-008
2.1172800E-003   2.8681100E-008
2.2170700E-003   2.7689300E-008
2.3215500E-003   2.6489400E-008
2.4309700E-003   2.5507400E-008
2.5455300E-003   2.4307012E-008
2.6655000E-003   2.3508303E-008
2.7911200E-003   2.2081300E-008
2.9226600E-003   2.1261800E-008
3.0604000E-003   2.0339646E-008
3.2046400E-003   1.9453438E-008
3.3556700E-003   1.8212400E-008
3.5138100E-003   1.7403186E-008
3.6794100E-003   1.6097983E-008
3.8528200E-003   1.5569016E-008
4.0344000E-003   1.4725749E-008
4.2245300E-003   1.3773897E-008
4.4236300E-003   1.2861100E-008
4.6321100E-003   1.2180700E-008
4.8504100E-003   1.1198700E-008
5.0790100E-003   1.0426483E-008
5.3183700E-003   9.6445181E-009
5.5690200E-003   8.9917904E-009
5.8314800E-003   8.1812663E-009
6.1063100E-003   7.5486941E-009
6.3940900E-003   6.9111700E-009
6.6954300E-003   6.4603549E-009
7.0109800E-003   5.9083081E-009
7.3414000E-003   5.4759761E-009
7.6873900E-003   4.9823692E-009
8.0496800E-003   4.5731730E-009
8.4290500E-003   4.1833439E-009
8.8263000E-003   3.7843630E-009
9.2422700E-003   3.4234340E-009
9.6778500E-003   3.1316110E-009
1.0133900E-002   2.8329381E-009
1.0611500E-002   2.5914511E-009
1.1111700E-002   2.3442941E-009
1.1635300E-002   2.1444599E-009
1.2183700E-002   1.9372219E-009
1.2757900E-002   1.7679280E-009
1.3359100E-002   1.6037190E-009
1.3988700E-002   1.4251030E-009
1.4648000E-002   1.2847750E-009
1.5338400E-002   1.1493690E-009
1.6061200E-002   1.0483659E-009
1.6818200E-002   9.5436803E-010
1.7610800E-002   8.5316798E-010
1.8440800E-002   7.7708101E-010
1.9309800E-002   6.9631401E-010
2.0219900E-002   6.3272798E-010
2.1172800E-002   5.7620902E-010
2.2170700E-002   5.2125398E-010
2.3215500E-002   4.6924498E-010
 22
 1   2   3   4
 xy
 100
1.0133900E-003   4.5229400E-008
1.0611500E-003   4.5204800E-008
1.1111700E-003   4.4098100E-008
1.1635300E-003   4.3014800E-008
1.2183700E-003   4.2163700E-008
1.2757900E-003   4.1655200E-008
1.3359100E-003   4.0266700E-008
1.3988700E-003   3.9238483E-008
1.4648000E-003   3.8186700E-008
1.5338400E-003   3.7235700E-008
1.6061200E-003   3.5950600E-008
1.6818200E-003   3.5111200E-008
1.7610800E-003   3.3787300E-008
1.8440800E-003   3.2710500E-008
1.9309800E-003   3.2028200E-008
2.0219900E-003   3.1055624E-008
2.1172800E-003   2.9398500E-008
2.2170700E-003   2.7957100E-008
2.3215500E-003   2.6857600E-008
2.4309700E-003   2.5742300E-008
2.5455300E-003   2.4953500E-008
2.6655000E-003   2.3548800E-008
2.7911200E-003   2.2630300E-008
2.9226600E-003   2.1351100E-008
3.0604000E-003   2.0460700E-008
3.2046400E-003   1.9530500E-008
3.3556700E-003   1.8436600E-008
3.5138100E-003   1.7598090E-008
3.6794100E-003   1.6581300E-008
3.8528200E-003   1.5319300E-008
4.0344000E-003   1.4244000E-008
4.2245300E-003   1.3464900E-008
4.4236300E-003   1.2758500E-008
4.6321100E-003   1.1917330E-008
4.8504100E-003   1.1121256E-008
5.0790100E-003   1.0360593E-008
5.3183700E-003   9.8390000E-009
5.5690200E-003   9.0211101E-009
5.8314800E-003   8.2401500E-009
6.1063100E-003   7.7187208E-009
6.3940900E-003   7.0407000E-009
6.6954300E-003   6.6043602E-009
7.0109800E-003   6.1045000E-009
7.3414000E-003   5.6504800E-009
7.6873900E-003   5.1119340E-009
8.0496800E-003   4.6635000E-009
8.4290500E-003   4.2578500E-009
8.8263000E-003   3.9971600E-009
9.2422700E-003   3.6089800E-009
9.6778500E-003   3.3109420E-009
1.0133900E-002   2.9951650E-009
1.0611500E-002   2.6958400E-009
1.1111700E-002   2.4785400E-009
1.1635300E-002   2.2626110E-009
1.2183700E-002   2.0093900E-009
1.2757900E-002   1.8647000E-009
1.3359100E-002   1.7334600E-009
1.3988700E-002   1.5662890E-009
1.4648000E-002   1.4128670E-009
1.5338400E-002   1.2630480E-009
1.6061200E-002   1.1291150E-009
1.6818200E-002   1.0093850E-009
1.7610800E-002   9.1986502E-010
1.8440800E-002   8.2187801E-010
1.9309800E-002   7.3472700E-010
2.0219900E-002   6.5681699E-010
2.1172800E-002   5.8716798E-010
2.2170700E-002   5.2125398E-010
2.3215500E-002   4.6115300E-010
 23
 1   2   3   4
 xy
 100
1.0133900E-003   4.8551000E-008
1.0611500E-003   4.7404800E-008
1.1111700E-003   4.6418400E-008
1.1635300E-003   4.5925800E-008
1.2183700E-003   4.4672000E-008
1.2757900E-003   4.3309900E-008
1.3359100E-003   4.2046500E-008
1.3988700E-003   4.1010700E-008
1.4648000E-003   4.0029900E-008
1.5338400E-003   3.8567200E-008
1.6061200E-003   3.7471200E-008
1.6818200E-003   3.6264700E-008
1.7610800E-003   3.5303000E-008
1.8440800E-003   3.4025300E-008
1.9309800E-003   3.2574000E-008
2.0219900E-003   3.1491300E-008
2.1172800E-003   3.0173500E-008
2.2170700E-003   2.9117200E-008
2.3215500E-003   2.7740800E-008
2.4309700E-003   2.6504500E-008
2.5455300E-003   2.5266100E-008
2.6655000E-003   2.4240400E-008
2.7911200E-003   2.2867000E-008
2.9226600E-003   2.1809400E-008
3.0604000E-003   2.0718600E-008
3.2046400E-003   1.9583800E-008
3.3556700E-003   1.8399778E-008
3.5138100E-003   1.7320200E-008
3.6794100E-003   1.6204300E-008
3.8528200E-003   1.5201600E-008
4.0344000E-003   1.4462300E-008
4.2245300E-003   1.3518200E-008
4.4236300E-003   1.2758600E-008
4.6321100E-003   1.1859600E-008
4.8504100E-003   1.0952400E-008
5.0790100E-003   1.0085900E-008
5.3183700E-003   9.3952712E-009
5.5690200E-003   8.6142586E-009
5.8314800E-003   7.9843199E-009
6.1063100E-003   7.3849000E-009
6.3940900E-003   6.7280100E-009
6.6954300E-003   6.2466459E-009
7.0109800E-003   5.6680600E-009
7.3414000E-003   5.1989900E-009
7.6873900E-003   4.7207000E-009
8.0496800E-003   4.2775699E-009
8.4290500E-003   3.9502400E-009
8.8263000E-003   3.5843100E-009
9.2422700E-003   3.2802061E-009
9.6778500E-003   2.9983800E-009
1.0133900E-002   2.7277640E-009
1.0611500E-002   2.4532600E-009
1.1111700E-002   2.2321220E-009
1.1635300E-002   2.0283091E-009
1.2183700E-002   1.8047220E-009
1.2757900E-002   1.6414810E-009
1.3359100E-002   1.4684810E-009
1.3988700E-002   1.3186860E-009
1.4648000E-002   1.1960199E-009
1.5338400E-002   1.0614830E-009
1.6061200E-002   9.7324304E-010
1.6818200E-002   8.7318702E-010
1.7610800E-002   7.8341700E-010
1.8440800E-002   7.0287598E-010
1.9309800E-002   6.4444700E-010
2.0219900E-002   5.7819299E-010
2.1172800E-002   5.1315402E-010
2.2170700E-002   4.6541901E-010
2.3215500E-002   4.1757101E-010
 24
 1   2   3   4
 xy
 100
1.0133900E-003   4.4077300E-008
1.0611500E-003   4.3037400E-008
1.1111700E-003   4.2384600E-008
1.1635300E-003   4.1770600E-008
1.2183700E-003   4.1057600E-008
1.2757900E-003   4.0202800E-008
1.3359100E-003   3.9432800E-008
1.3988700E-003   3.8652200E-008
1.4648000E-003   3.7770800E-008
1.5338400E-003   3.6591900E-008
1.6061200E-003   3.5986000E-008
1.6818200E-003   3.4993800E-008
1.7610800E-003   3.3666800E-008
1.8440800E-003   3.2895700E-008
1.9309800E-003   3.1651400E-008
2.0219900E-003   3.0604900E-008
2.1172800E-003   2.9416800E-008
2.2170700E-003   2.8229500E-008
2.3215500E-003   2.7221000E-008
2.4309700E-003   2.6284000E-008
2.5455300E-003   2.5214800E-008
2.6655000E-003   2.4117700E-008
2.7911200E-003   2.3104900E-008
2.9226600E-003   2.1769300E-008
3.0604000E-003   2.0657800E-008
3.2046400E-003   1.9806000E-008
3.3556700E-003   1.8718100E-008
3.5138100E-003   1.7572300E-008
3.6794100E-003   1.6708900E-008
3.8528200E-003   1.5854400E-008
4.0344000E-003   1.5018900E-008
4.2245300E-003   1.4188728E-008
4.4236300E-003   1.3020100E-008
4.6321100E-003   1.2309600E-008
4.8504100E-003   1.1410700E-008
5.0790100E-003   1.0818270E-008
5.3183700E-003   9.9347900E-009
5.5690200E-003   9.2070700E-009
5.8314800E-003   8.4371200E-009
6.1063100E-003   7.8835100E-009
6.3940900E-003   7.2038200E-009
6.6954300E-003   6.7852608E-009
7.0109800E-003   6.1540879E-009
7.3414000E-003   5.6432700E-009
7.6873900E-003   5.2298872E-009
8.0496800E-003   4.8217900E-009
8.4290500E-003   4.3965249E-009
8.8263000E-003   4.0284200E-009
9.2422700E-003   3.6560770E-009
9.6778500E-003   3.3215200E-009
1.0133900E-002   3.0435600E-009
1.0611500E-002   2.7875950E-009
1.1111700E-002   2.5118860E-009
1.1635300E-002   2.2683631E-009
1.2183700E-002   2.0309181E-009
1.2757900E-002   1.8062279E-009
1.3359100E-002   1.6037190E-009
1.3988700E-002   1.4251030E-009
1.4648000E-002   1.2966430E-009
1.5338400E-002   1.1577220E-009
1.6061200E-002   1.0483659E-009
1.6818200E-002   9.4207897E-010
1.7610800E-002   8.4215500E-010
1.8440800E-002   7.5322198E-010
1.9309800E-002   6.8532602E-010
2.0219900E-002   6.2101702E-010
2.1172800E-002   5.5364002E-010
2.2170700E-002   4.9672200E-010
2.3215500E-002   4.4565501E-010
 25
 1   2   3   4
 xy
 100
1.0133900E-003   4.3264900E-008
1.0611500E-003   4.2980300E-008
1.1111700E-003   4.2250000E-008
1.1635300E-003   4.1294500E-008
1.2183700E-003   4.0550800E-008
1.2757900E-003   4.0270600E-008
1.3359100E-003   3.9257300E-008
1.3988700E-003   3.7896900E-008
1.4648000E-003   3.7448300E-008
1.5338400E-003   3.6631100E-008
1.6061200E-003   3.5807492E-008
1.6818200E-003   3.4716700E-008
1.7610800E-003   3.3597200E-008
1.8440800E-003   3.2129300E-008
1.9309800E-003   3.1581500E-008
2.0219900E-003   3.0385200E-008
2.1172800E-003   2.8778937E-008
2.2170700E-003   2.8112600E-008
2.3215500E-003   2.6884100E-008
2.4309700E-003   2.5859700E-008
2.5455300E-003   2.5485300E-008
2.6655000E-003   2.4428701E-008
2.7911200E-003   2.3179200E-008
2.9226600E-003   2.2586354E-008
3.0604000E-003   2.1426976E-008
3.2046400E-003   2.0510726E-008
3.3556700E-003   1.9602330E-008
3.5138100E-003   1.8387871E-008
3.6794100E-003   1.7511300E-008
3.8528200E-003   1.6665824E-008
4.0344000E-003   1.5779818E-008
4.2245300E-003   1.4617978E-008
4.4236300E-003   1.3394535E-008
4.6321100E-003   1.2682441E-008
4.8504100E-003   1.1620991E-008
5.0790100E-003   1.0804100E-008
5.3183700E-003   9.9098200E-009
5.5690200E-003   9.0491100E-009
5.8314800E-003   8.4471500E-009
6.1063100E-003   7.7567490E-009
6.3940900E-003   7.2445800E-009
6.6954300E-003   6.7296928E-009
7.0109800E-003   6.1664549E-009
7.3414000E-003   5.6068372E-009
7.6873900E-003   5.1468300E-009
8.0496800E-003   4.6624000E-009
8.4290500E-003   4.2998369E-009
8.8263000E-003   3.9832471E-009
9.2422700E-003   3.6102110E-009
9.6778500E-003   3.3348551E-009
1.0133900E-002   3.1067600E-009
1.0611500E-002   2.8383531E-009
1.1111700E-002   2.6333760E-009
1.1635300E-002   2.3876601E-009
1.2183700E-002   2.1773210E-009
1.2757900E-002   1.9999560E-009
1.3359100E-002   1.7869020E-009
1.3988700E-002   1.5822670E-009
1.4648000E-002   1.4166430E-009
1.5338400E-002   1.2544100E-009
1.6061200E-002   1.1231051E-009
1.6818200E-002   9.9448705E-010
1.7610800E-002   8.9627300E-010
1.8440800E-002   7.9868900E-010
1.9309800E-002   7.0357298E-010
2.0219900E-002   6.2696998E-010
2.1172800E-002   5.5870703E-010
2.2170700E-002   4.9787602E-010
2.3215500E-002   4.4366899E-010
 26
 1   2   3   4
 xy
 100
1.0133900E-003   4.7115200E-008
1.0611500E-003   4.6253400E-008
1.1111700E-003   4.5582300E-008
1.1635300E-003   4.5355100E-008
1.2183700E-003   4.4167800E-008
1.2757900E-003   4.2995000E-008
1.3359100E-003   4.2145300E-008
1.3988700E-003   4.1141700E-008
1.4648000E-003   3.9838700E-008
1.5338400E-003   3.8790700E-008
1.6061200E-003   3.7716433E-008
1.6818200E-003   3.6823200E-008
1.7610800E-003   3.5440100E-008
1.8440800E-003   3.4738921E-008
1.9309800E-003   3.3146500E-008
2.0219900E-003   3.1996468E-008
2.1172800E-003   3.1044800E-008
2.2170700E-003   2.9632500E-008
2.3215500E-003   2.8820200E-008
2.4309700E-003   2.7536300E-008
2.5455300E-003   2.6525600E-008
2.6655000E-003   2.5394300E-008
2.7911200E-003   2.4135320E-008
2.9226600E-003   2.2890500E-008
3.0604000E-003   2.1567800E-008
3.2046400E-003   2.0429800E-008
3.3556700E-003   1.9387600E-008
3.5138100E-003   1.8327000E-008
3.6794100E-003   1.7057500E-008
3.8528200E-003   1.5988900E-008
4.0344000E-003   1.5194000E-008
4.2245300E-003   1.4303200E-008
4.4236300E-003   1.3466900E-008
4.6321100E-003   1.2425700E-008
4.8504100E-003   1.1638800E-008
5.0790100E-003   1.0751200E-008
5.3183700E-003   9.9332800E-009
5.5690200E-003   9.1132800E-009
5.8314800E-003   8.3843501E-009
6.1063100E-003   7.8137070E-009
6.3940900E-003   7.1232100E-009
6.6954300E-003   6.6648200E-009
7.0109800E-003   6.1054020E-009
7.3414000E-003   5.6543300E-009
7.6873900E-003   5.2233449E-009
8.0496800E-003   4.7705830E-009
8.4290500E-003   4.3430100E-009
8.8263000E-003   3.9952400E-009
9.2422700E-003   3.6766800E-009
9.6778500E-003   3.4145491E-009
1.0133900E-002   3.1339200E-009
1.0611500E-002   2.8786160E-009
1.1111700E-002   2.6333760E-009
1.1635300E-002   2.4135320E-009
1.2183700E-002   2.1800250E-009
1.2757900E-002   1.9788600E-009
1.3359100E-002   1.7912840E-009
1.3988700E-002   1.6317671E-009
1.4648000E-002   1.4909720E-009
1.5338400E-002   1.3413780E-009
1.6061200E-002   1.2067930E-009
1.6818200E-002   1.0977570E-009
1.7610800E-002   9.8840902E-010
1.8440800E-002   8.7963797E-010
1.9309800E-002   7.9201601E-010
2.0219900E-002   7.1312301E-010
2.1172800E-002   6.3464600E-010
2.2170700E-002   5.6480498E-010
2.3215500E-002   5.0264998E-010
 27
 1   2   3   4
 xy
 100
1.0133900E-003   4.5551900E-008
1.0611500E-003   4.5005200E-008
1.1111700E-003   4.4161600E-008
1.1635300E-003   4.3241400E-008
1.2183700E-003   4.2681800E-008
1.2757900E-003   4.2200300E-008
1.3359100E-003   4.1108200E-008
1.3988700E-003   3.9960400E-008
1.4648000E-003   3.9796100E-008
1.5338400E-003   3.8634800E-008
1.6061200E-003   3.7153300E-008
1.6818200E-003   3.6493200E-008
1.7610800E-003   3.5200500E-008
1.8440800E-003   3.3846400E-008
1.9309800E-003   3.3237000E-008
2.0219900E-003   3.2274592E-008
2.1172800E-003   3.0804035E-008
2.2170700E-003   3.0094075E-008
2.3215500E-003   2.8450200E-008
2.4309700E-003   2.6802600E-008
2.5455300E-003   2.5952700E-008
2.6655000E-003   2.4867500E-008
2.7911200E-003   2.3735900E-008
2.9226600E-003   2.2750400E-008
3.0604000E-003   2.1460783E-008
3.2046400E-003   2.0070773E-008
3.3556700E-003   1.9012900E-008
3.5138100E-003   1.7631800E-008
3.6794100E-003   1.6707400E-008
3.8528200E-003   1.5921600E-008
4.0344000E-003   1.5013700E-008
4.2245300E-003   1.4174500E-008
4.4236300E-003   1.3462134E-008
4.6321100E-003   1.2515145E-008
4.8504100E-003   1.1492600E-008
5.0790100E-003   1.0550300E-008
5.3183700E-003   9.8730000E-009
5.5690200E-003   9.2065400E-009
5.8314800E-003   8.3567800E-009
6.1063100E-003   7.8038278E-009
6.3940900E-003   7.2700681E-009
6.6954300E-003   6.7667441E-009
7.0109800E-003   6.3835648E-009
7.3414000E-003   5.7908200E-009
7.6873900E-003   5.3481690E-009
8.0496800E-003   4.8821098E-009
8.4290500E-003   4.3958011E-009
8.8263000E-003   4.0513051E-009
9.2422700E-003   3.6652410E-009
9.6778500E-003   3.3229131E-009
1.0133900E-002   2.9634311E-009
1.0611500E-002   2.6626650E-009
1.1111700E-002   2.4255491E-009
1.1635300E-002   2.1712709E-009
1.2183700E-002   1.9410309E-009
1.2757900E-002   1.7297160E-009
1.3359100E-002   1.5756810E-009
1.3988700E-002   1.3867170E-009
1.4648000E-002   1.2335000E-009
1.5338400E-002   1.0724570E-009
1.6061200E-002   9.5436803E-010
1.6818200E-002   8.3737700E-010
1.7610800E-002   7.3472700E-010
1.8440800E-002   6.5681699E-010
1.9309800E-002   5.7142902E-010
2.0219900E-002   5.0264998E-010
2.1172800E-002   4.4366899E-010
2.2170700E-002   3.9662201E-010
2.3215500E-002   3.4800199E-010
 28
 1   2   3   4
 xy
 100
1.0133900E-003   4.4632300E-008
1.0611500E-003   4.4274800E-008
1.1111700E-003   4.4087200E-008
1.1635300E-003   4.3025500E-008
1.2183700E-003   4.2004200E-008
1.2757900E-003   4.1470500E-008
1.3359100E-003   4.0850900E-008
1.3988700E-003   3.9366700E-008
1.4648000E-003   3.8778700E-008
1.5338400E-003   3.7602100E-008
1.6061200E-003   3.6654200E-008
1.6818200E-003   3.5503400E-008
1.7610800E-003   3.4755500E-008
1.8440800E-003   3.3252000E-008
1.9309800E-003   3.2352200E-008
2.0219900E-003   3.1482100E-008
2.1172800E-003   3.0110200E-008
2.2170700E-003   2.9031700E-008
2.3215500E-003   2.7665400E-008
2.4309700E-003   2.6688200E-008
2.5455300E-003   2.5368400E-008
2.6655000E-003   2.4625700E-008
2.7911200E-003   2.3414600E-008
2.9226600E-003   2.2353700E-008
3.0604000E-003   2.1212031E-008
3.2046400E-003   1.9918700E-008
3.3556700E-003   1.8658902E-008
3.5138100E-003   1.7778400E-008
3.6794100E-003   1.6871500E-008
3.8528200E-003   1.5858200E-008
4.0344000E-003   1.4778156E-008
4.2245300E-003   1.3680800E-008
4.4236300E-003   1.2745200E-008
4.6321100E-003   1.1674600E-008
4.8504100E-003   1.0787266E-008
5.0790100E-003   9.9599300E-009
5.3183700E-003   9.3477600E-009
5.5690200E-003   8.5436920E-009
5.8314800E-003   7.9903186E-009
6.1063100E-003   7.4037900E-009
6.3940900E-003   6.8683500E-009
6.6954300E-003   6.3834000E-009
7.0109800E-003   5.8410400E-009
7.3414000E-003   5.3528300E-009
7.6873900E-003   4.8821098E-009
8.0496800E-003   4.4824000E-009
8.4290500E-003   4.0513051E-009
8.8263000E-003   3.6652410E-009
9.2422700E-003   3.2514520E-009
9.6778500E-003   2.9417040E-009
1.0133900E-002   2.6320239E-009
1.0611500E-002   2.3288940E-009
1.1111700E-002   2.0378810E-009
1.1635300E-002   1.8437430E-009
1.2183700E-002   1.6496480E-009
1.2757900E-002   1.4759860E-009
1.3359100E-002   1.3206050E-009
1.3988700E-002   1.1685110E-009
1.4648000E-002   1.0111860E-009
1.5338400E-002   9.0234997E-010
1.6061200E-002   7.9173601E-010
1.6818200E-002   7.0778000E-010
1.7610800E-002   6.3272798E-010
1.8440800E-002   5.6563398E-010
1.9309800E-002   4.9629600E-010
2.0219900E-002   4.4366899E-010
2.1172800E-002   3.9662201E-010
2.2170700E-002   3.4800199E-010
2.3215500E-002   3.1110001E-010
 29
 1   2   3   4
 xy
 100
1.0133900E-003   4.5272000E-008
1.0611500E-003   4.4819700E-008
1.1111700E-003   4.3897400E-008
1.1635300E-003   4.3079000E-008
1.2183700E-003   4.2749900E-008
1.2757900E-003   4.2013400E-008
1.3359100E-003   4.0986100E-008
1.3988700E-003   4.0492700E-008
1.4648000E-003   4.0030600E-008
1.5338400E-003   3.9541359E-008
1.6061200E-003   3.7977700E-008
1.6818200E-003   3.6903500E-008
1.7610800E-003   3.5757900E-008
1.8440800E-003   3.4990100E-008
1.9309800E-003   3.3926300E-008
2.0219900E-003   3.2543900E-008
2.1172800E-003   3.1456700E-008
2.2170700E-003   3.0241300E-008
2.3215500E-003   2.9504100E-008
2.4309700E-003   2.8804441E-008
2.5455300E-003   2.7344800E-008
2.6655000E-003   2.6611014E-008
2.7911200E-003   2.5019100E-008
2.9226600E-003   2.3661200E-008
3.0604000E-003   2.2529400E-008
3.2046400E-003   2.1658900E-008
3.3556700E-003   2.0252900E-008
3.5138100E-003   1.9370600E-008
3.6794100E-003   1.8232500E-008
3.8528200E-003   1.7116511E-008
4.0344000E-003   1.6107400E-008
4.2245300E-003   1.5239900E-008
4.4236300E-003   1.4576200E-008
4.6321100E-003   1.3470000E-008
4.8504100E-003   1.2680100E-008
5.0790100E-003   1.1780700E-008
5.3183700E-003   1.1134816E-008
5.5690200E-003   1.0271400E-008
5.8314800E-003   9.4758600E-009
6.1063100E-003   8.7318600E-009
6.3940900E-003   8.0294200E-009
6.6954300E-003   7.5023000E-009
7.0109800E-003   6.9346671E-009
7.3414000E-003   6.3295700E-009
7.6873900E-003   5.8423120E-009
8.0496800E-003   5.3740300E-009
8.4290500E-003   4.9406200E-009
8.8263000E-003   4.5573300E-009
9.2422700E-003   4.1770700E-009
9.6778500E-003   3.8425130E-009
1.0133900E-002   3.5111920E-009
1.0611500E-002   3.2570211E-009
1.1111700E-002   2.9634311E-009
1.1635300E-002   2.7607410E-009
1.2183700E-002   2.5001200E-009
1.2757900E-002   2.2841380E-009
1.3359100E-002   2.1102029E-009
1.3988700E-002   1.9230900E-009
1.4648000E-002   1.7555000E-009
1.5338400E-002   1.5804580E-009
1.6061200E-002   1.4201500E-009
1.6818200E-002   1.2682190E-009
1.7610800E-002   1.1291150E-009
1.8440800E-002   9.9070196E-010
1.9309800E-002   8.9301699E-010
2.0219900E-002   7.7708101E-010
2.1172800E-002   6.8182299E-010
2.2170700E-002   6.0099398E-010
2.3215500E-002   5.2490601E-010
 30
 1   2   3   4
 xy
 100
1.0133900E-003   4.2611500E-008
1.0611500E-003   4.2070400E-008
1.1111700E-003   4.1755200E-008
1.1635300E-003   4.1302800E-008
1.2183700E-003   4.0653800E-008
1.2757900E-003   3.9892100E-008
1.3359100E-003   3.9382300E-008
1.3988700E-003   3.9083900E-008
1.4648000E-003   3.7931100E-008
1.5338400E-003   3.7107900E-008
1.6061200E-003   3.6497000E-008
1.6818200E-003   3.5249400E-008
1.7610800E-003   3.4525100E-008
1.8440800E-003   3.3830400E-008
1.9309800E-003   3.2993434E-008
2.0219900E-003   3.1816300E-008
2.1172800E-003   3.0230200E-008
2.2170700E-003   2.9256700E-008
2.3215500E-003   2.8496800E-008
2.4309700E-003   2.7232100E-008
2.5455300E-003   2.6243600E-008
2.6655000E-003   2.5344200E-008
2.7911200E-003   2.4018800E-008
2.9226600E-003   2.3027300E-008
3.0604000E-003   2.2072300E-008
3.2046400E-003   2.0870100E-008
3.3556700E-003   2.0017900E-008
3.5138100E-003   1.8825900E-008
3.6794100E-003   1.7611400E-008
3.8528200E-003   1.6669400E-008
4.0344000E-003   1.5815900E-008
4.2245300E-003   1.4962600E-008
4.4236300E-003   1.4045600E-008
4.6321100E-003   1.3059700E-008
4.8504100E-003   1.2065400E-008
5.0790100E-003   1.1338800E-008
5.3183700E-003   1.0518700E-008
5.5690200E-003   9.6499200E-009
5.8314800E-003   9.0067000E-009
6.1063100E-003   8.3079400E-009
6.3940900E-003   7.6948700E-009
6.6954300E-003   7.0814612E-009
7.0109800E-003   6.5292300E-009
7.3414000E-003   5.9087930E-009
7.6873900E-003   5.3476100E-009
8.0496800E-003   4.8660831E-009
8.4290500E-003   4.4134600E-009
8.8263000E-003   3.9968000E-009
9.2422700E-003   3.6961500E-009
9.6778500E-003   3.3552000E-009
1.0133900E-002   3.0535500E-009
1.0611500E-002   2.7686009E-009
1.1111700E-002   2.5005431E-009
1.1635300E-002   2.2330291E-009
1.2183700E-002   2.0317400E-009
1.2757900E-002   1.8237400E-009
1.3359100E-002   1.6420429E-009
1.3988700E-002   1.4526540E-009
1.4648000E-002   1.2966430E-009
1.5338400E-002   1.1454290E-009
1.6061200E-002   1.0113790E-009
1.6818200E-002   8.9301699E-010
1.7610800E-002   7.8965201E-010
1.8440800E-002   7.0170397E-010
1.9309800E-002   6.2355099E-010
2.0219900E-002   5.5410199E-010
2.1172800E-002   4.8089599E-010
2.2170700E-002   4.2733600E-010
2.3215500E-002   3.7087799E-010
 31
 1   2   3   4
 xy
 100
1.0133900E-003   4.5097800E-008
1.0611500E-003   4.5254700E-008
1.1111700E-003   4.4348300E-008
1.1635300E-003   4.2972400E-008
1.2183700E-003   4.2327500E-008
1.2757900E-003   4.2314000E-008
1.3359100E-003   4.1957500E-008
1.3988700E-003   4.1842885E-008
1.4648000E-003   4.0050000E-008
1.5338400E-003   3.9030400E-008
1.6061200E-003   3.7814700E-008
1.6818200E-003   3.7166400E-008
1.7610800E-003   3.6204900E-008
1.8440800E-003   3.4655300E-008
1.9309800E-003   3.4010300E-008
2.0219900E-003   3.2435500E-008
2.1172800E-003   3.1818500E-008
2.2170700E-003   3.0764400E-008
2.3215500E-003   2.9490000E-008
2.4309700E-003   2.8204600E-008
2.5455300E-003   2.7108500E-008
2.6655000E-003   2.6128600E-008
2.7911200E-003   2.4908200E-008
2.9226600E-003   2.3697100E-008
3.0604000E-003   2.2860800E-008
3.2046400E-003   2.1707477E-008
3.3556700E-003   2.0550411E-008
3.5138100E-003   1.9347500E-008
3.6794100E-003   1.8198100E-008
3.8528200E-003   1.6989900E-008
4.0344000E-003   1.5981700E-008
4.2245300E-003   1.4970900E-008
4.4236300E-003   1.4053900E-008
4.6321100E-003   1.2935300E-008
4.8504100E-003   1.2217300E-008
5.0790100E-003   1.1519273E-008
5.3183700E-003   1.0568900E-008
5.5690200E-003   9.7210906E-009
5.8314800E-003   9.0830339E-009
6.1063100E-003   8.2247100E-009
6.3940900E-003   7.6423000E-009
6.6954300E-003   7.0840100E-009
7.0109800E-003   6.4686079E-009
7.3414000E-003   5.9308500E-009
7.6873900E-003   5.3697000E-009
8.0496800E-003   4.9512100E-009
8.4290500E-003   4.5464500E-009
8.8263000E-003   4.1027100E-009
9.2422700E-003   3.6567700E-009
9.6778500E-003   3.2588100E-009
1.0133900E-002   2.9630871E-009
1.0611500E-002   2.6460889E-009
1.1111700E-002   2.3630040E-009
1.1635300E-002   2.1342159E-009
1.2183700E-002   1.9107900E-009
1.2757900E-002   1.7533100E-009
1.3359100E-002   1.5662890E-009
1.3988700E-002   1.4041710E-009
1.4648000E-002   1.2398410E-009
1.5338400E-002   1.0824260E-009
1.6061200E-002   9.5574904E-010
1.6818200E-002   8.4389801E-010
1.7610800E-002   7.4513701E-010
1.8440800E-002   6.5793299E-010
1.9309800E-002   5.8093502E-010
2.0219900E-002   5.0415500E-010
2.1172800E-002   4.4278400E-010
2.2170700E-002   3.8656600E-010
2.3215500E-002   3.3744699E-010
 32
 1   2   3   4
 xy
 100
1.0133900E-003   4.1667400E-008
1.0611500E-003   4.1104600E-008
1.1111700E-003   4.0243700E-008
1.1635300E-003   4.0008000E-008
1.2183700E-003   3.9623200E-008
1.2757900E-003   3.9262200E-008
1.3359100E-003   3.8550100E-008
1.3988700E-003   3.7998500E-008
1.4648000E-003   3.7347400E-008
1.5338400E-003   3.6456300E-008
1.6061200E-003   3.5867800E-008
1.6818200E-003   3.4863300E-008
1.7610800E-003   3.4406200E-008
1.8440800E-003   3.3478400E-008
1.9309800E-003   3.2622221E-008
2.0219900E-003   3.1340800E-008
2.1172800E-003   3.0410900E-008
2.2170700E-003   2.9151500E-008
2.3215500E-003   2.8287600E-008
2.4309700E-003   2.7133300E-008
2.5455300E-003   2.6022900E-008
2.6655000E-003   2.5062700E-008
2.7911200E-003   2.4034517E-008
2.9226600E-003   2.3008000E-008
3.0604000E-003   2.2204313E-008
3.2046400E-003   2.0818931E-008
3.3556700E-003   1.9828839E-008
3.5138100E-003   1.8746000E-008
3.6794100E-003   1.7707499E-008
3.8528200E-003   1.6545245E-008
4.0344000E-003   1.5521000E-008
4.2245300E-003   1.4608955E-008
4.4236300E-003   1.3481400E-008
4.6321100E-003   1.2605000E-008
4.8504100E-003   1.1659144E-008
5.0790100E-003   1.0885667E-008
5.3183700E-003   1.0097300E-008
5.5690200E-003   9.4125400E-009
5.8314800E-003   8.6786100E-009
6.1063100E-003   7.8038278E-009
6.3940900E-003   7.2007300E-009
6.6954300E-003   6.7474100E-009
7.0109800E-003   6.1058200E-009
7.3414000E-003   5.4730800E-009
7.6873900E-003   5.1005462E-009
8.0496800E-003   4.6591282E-009
8.4290500E-003   4.2098800E-009
8.8263000E-003   3.7821800E-009
9.2422700E-003   3.4008700E-009
9.6778500E-003   3.1002769E-009
1.0133900E-002   2.7641800E-009
1.0611500E-002   2.4724089E-009
1.1111700E-002   2.1712709E-009
1.1635300E-002   1.8990600E-009
1.2183700E-002   1.6828450E-009
1.2757900E-002   1.4691840E-009
1.3359100E-002   1.2966430E-009
1.3988700E-002   1.1522280E-009
1.4648000E-002   1.0113790E-009
1.5338400E-002   8.8296997E-010
1.6061200E-002   7.7086398E-010
1.6818200E-002   6.6920303E-010
1.7610800E-002   5.7630101E-010
1.8440800E-002   5.0717702E-010
1.9309800E-002   4.3780199E-010
2.0219900E-002   3.8656600E-010
2.1172800E-002   3.3368899E-010
2.2170700E-002   2.9463701E-010
2.3215500E-002   2.5433500E-010
 33
 1   2   3   4
 xy
 100
1.0133900E-003   4.5300700E-008
1.0611500E-003   4.4999900E-008
1.1111700E-003   4.4221700E-008
1.1635300E-003   4.3188800E-008
1.2183700E-003   4.2832600E-008
1.2757900E-003   4.2466600E-008
1.3359100E-003   4.1666400E-008
1.3988700E-003   4.0584400E-008
1.4648000E-003   4.0172600E-008
1.5338400E-003   3.9161700E-008
1.6061200E-003   3.7914800E-008
1.6818200E-003   3.6989200E-008
1.7610800E-003   3.6085900E-008
1.8440800E-003   3.4939900E-008
1.9309800E-003   3.4047400E-008
2.0219900E-003   3.2996800E-008
2.1172800E-003   3.1883200E-008
2.2170700E-003   3.1035700E-008
2.3215500E-003   2.9745000E-008
2.4309700E-003   2.8364900E-008
2.5455300E-003   2.7318700E-008
2.6655000E-003   2.6080800E-008
2.7911200E-003   2.4864367E-008
2.9226600E-003   2.3748600E-008
3.0604000E-003   2.2661100E-008
3.2046400E-003   2.1374000E-008
3.3556700E-003   2.0081300E-008
3.5138100E-003   1.9059800E-008
3.6794100E-003   1.7908997E-008
3.8528200E-003   1.6810000E-008
4.0344000E-003   1.5813107E-008
4.2245300E-003   1.4809600E-008
4.4236300E-003   1.4121380E-008
4.6321100E-003   1.3050700E-008
4.8504100E-003   1.2120000E-008
5.0790100E-003   1.1268800E-008
5.3183700E-003   1.0403968E-008
5.5690200E-003   9.6918000E-009
5.8314800E-003   8.8473900E-009
6.1063100E-003   8.2502000E-009
6.3940900E-003   7.5789117E-009
6.6954300E-003   7.0017858E-009
7.0109800E-003   6.4151600E-009
7.3414000E-003   5.8592600E-009
7.6873900E-003   5.2912400E-009
8.0496800E-003   4.8748441E-009
8.4290500E-003   4.4028581E-009
8.8263000E-003   4.0218202E-009
9.2422700E-003   3.6079500E-009
9.6778500E-003   3.2807299E-009
1.0133900E-002   2.9297491E-009
1.0611500E-002   2.6333760E-009
1.1111700E-002   2.3519200E-009
1.1635300E-002   2.1509900E-009
1.2183700E-002   1.9372219E-009
1.2757900E-002   1.7500300E-009
1.3359100E-002   1.5372800E-009
1.3988700E-002   1.3727520E-009
1.4648000E-002   1.2208400E-009
1.5338400E-002   1.0947430E-009
1.6061200E-002   9.7762398E-010
1.6818200E-002   8.5350099E-010
1.7610800E-002   7.6219098E-010
1.8440800E-002   6.5370898E-010
1.9309800E-002   5.6734401E-010
2.0219900E-002   4.9025001E-010
2.1172800E-002   4.2319001E-010
2.2170700E-002   3.6119299E-010
2.3215500E-002   3.1110001E-010
 34
 1   2   3   4
 xy
 100
1.0133900E-003   4.3465214E-008
1.0611500E-003   4.2978556E-008
1.1111700E-003   4.2021533E-008
1.1635300E-003   4.1342700E-008
1.2183700E-003   4.0990200E-008
1.2757900E-003   3.9947100E-008
1.3359100E-003   3.9367800E-008
1.3988700E-003   3.8836674E-008
1.4648000E-003   3.8340500E-008
1.5338400E-003   3.7654900E-008
1.6061200E-003   3.7068600E-008
1.6818200E-003   3.6132000E-008
1.7610800E-003   3.5034600E-008
1.8440800E-003   3.4569000E-008
1.9309800E-003   3.3430300E-008
2.0219900E-003   3.2435800E-008
2.1172800E-003   3.1348400E-008
2.2170700E-003   3.0317500E-008
2.3215500E-003   2.9568500E-008
2.4309700E-003   2.8308500E-008
2.5455300E-003   2.7223300E-008
2.6655000E-003   2.6102500E-008
2.7911200E-003   2.4933300E-008
2.9226600E-003   2.3831800E-008
3.0604000E-003   2.2487400E-008
3.2046400E-003   2.1687000E-008
3.3556700E-003   2.0607100E-008
3.5138100E-003   1.9261900E-008
3.6794100E-003   1.8343500E-008
3.8528200E-003   1.7181300E-008
4.0344000E-003   1.6496700E-008
4.2245300E-003   1.5434000E-008
4.4236300E-003   1.4567000E-008
4.6321100E-003   1.3461700E-008
4.8504100E-003   1.2600600E-008
5.0790100E-003   1.1754000E-008
5.3183700E-003   1.0928800E-008
5.5690200E-003   1.0164700E-008
5.8314800E-003   9.5023900E-009
6.1063100E-003   8.5966900E-009
6.3940900E-003   7.9958300E-009
6.6954300E-003   7.3373000E-009
7.0109800E-003   6.7681012E-009
7.3414000E-003   6.2064400E-009
7.6873900E-003   5.7272511E-009
8.0496800E-003   5.2355300E-009
8.4290500E-003   4.7657660E-009
8.8263000E-003   4.3533199E-009
9.2422700E-003   3.8946800E-009
9.6778500E-003   3.5343400E-009
1.0133900E-002   3.1810030E-009
1.0611500E-002   2.8413300E-009
1.1111700E-002   2.5868809E-009
1.1635300E-002   2.3358800E-009
1.2183700E-002   2.1025119E-009
1.2757900E-002   1.9165200E-009
1.3359100E-002   1.6975750E-009
1.3988700E-002   1.5297320E-009
1.4648000E-002   1.3666400E-009
1.5338400E-002   1.2246710E-009
1.6061200E-002   1.0990709E-009
1.6818200E-002   9.8112500E-010
1.7610800E-002   8.6788399E-010
1.8440800E-002   7.7122198E-010
1.9309800E-002   6.7299200E-010
2.0219900E-002   5.9423200E-010
2.1172800E-002   5.1878501E-010
2.2170700E-002   4.5467599E-010
2.3215500E-002   4.0170900E-010
 35
 1   2   3   4
 xy
 100
1.0133900E-003   4.1881800E-008
1.0611500E-003   4.1947200E-008
1.1111700E-003   4.1616100E-008
1.1635300E-003   4.0905200E-008
1.2183700E-003   4.0394000E-008
1.2757900E-003   4.0394300E-008
1.3359100E-003   3.9869600E-008
1.3988700E-003   3.8974400E-008
1.4648000E-003   3.8408600E-008
1.5338400E-003   3.8043100E-008
1.6061200E-003   3.6843500E-008
1.6818200E-003   3.6276100E-008
1.7610800E-003   3.5216100E-008
1.8440800E-003   3.4701024E-008
1.9309800E-003   3.3464000E-008
2.0219900E-003   3.2677200E-008
2.1172800E-003   3.1698300E-008
2.2170700E-003   3.0929500E-008
2.3215500E-003   2.9335100E-008
2.4309700E-003   2.8758400E-008
2.5455300E-003   2.7112300E-008
2.6655000E-003   2.5921000E-008
2.7911200E-003   2.5278900E-008
2.9226600E-003   2.3867400E-008
3.0604000E-003   2.3094600E-008
3.2046400E-003   2.1945400E-008
3.3556700E-003   2.0611900E-008
3.5138100E-003   1.9881900E-008
3.6794100E-003   1.8733900E-008
3.8528200E-003   1.7618100E-008
4.0344000E-003   1.6691443E-008
4.2245300E-003   1.5508100E-008
4.4236300E-003   1.4554600E-008
4.6321100E-003   1.3575900E-008
4.8504100E-003   1.2706400E-008
5.0790100E-003   1.1910100E-008
5.3183700E-003   1.1083200E-008
5.5690200E-003   1.0285489E-008
5.8314800E-003   9.4877600E-009
6.1063100E-003   8.8849550E-009
6.3940900E-003   8.1304500E-009
6.6954300E-003   7.5604000E-009
7.0109800E-003   6.8160000E-009
7.3414000E-003   6.3488700E-009
7.6873900E-003   5.7641300E-009
8.0496800E-003   5.2671200E-009
8.4290500E-003   4.8779600E-009
8.8263000E-003   4.4035900E-009
9.2422700E-003   3.9547400E-009
9.6778500E-003   3.5789300E-009
1.0133900E-002   3.2617260E-009
1.0611500E-002   2.9634311E-009
1.1111700E-002   2.6935050E-009
1.1635300E-002   2.3825900E-009
1.2183700E-002   2.1291440E-009
1.2757900E-002   1.9372219E-009
1.3359100E-002   1.7362360E-009
1.3988700E-002   1.5662890E-009
1.4648000E-002   1.4018430E-009
1.5338400E-002   1.2525631E-009
1.6061200E-002   1.1082170E-009
1.6818200E-002   9.9999997E-010
1.7610800E-002   8.8350799E-010
1.8440800E-002   7.8942403E-010
1.9309800E-002   7.0535999E-010
2.0219900E-002   6.2319100E-010
2.1172800E-002   5.5059401E-010
2.2170700E-002   4.8100701E-010
2.3215500E-002   4.2021500E-010
 36
 1   2   3   4
 xy
 100
1.0133900E-003   4.4209800E-008
1.0611500E-003   4.4014900E-008
1.1111700E-003   4.3016500E-008
1.1635300E-003   4.2884300E-008
1.2183700E-003   4.2510800E-008
1.2757900E-003   4.2040600E-008
1.3359100E-003   4.1315900E-008
1.3988700E-003   4.0535500E-008
1.4648000E-003   4.0035000E-008
1.5338400E-003   3.8959600E-008
1.6061200E-003   3.8095700E-008
1.6818200E-003   3.7899200E-008
1.7610800E-003   3.6213800E-008
1.8440800E-003   3.5561200E-008
1.9309800E-003   3.4791300E-008
2.0219900E-003   3.3627000E-008
2.1172800E-003   3.2630600E-008
2.2170700E-003   3.1362500E-008
2.3215500E-003   3.0525300E-008
2.4309700E-003   2.9000700E-008
2.5455300E-003   2.8217300E-008
2.6655000E-003   2.6836300E-008
2.7911200E-003   2.5948700E-008
2.9226600E-003   2.4560700E-008
3.0604000E-003   2.3640800E-008
3.2046400E-003   2.2362203E-008
3.3556700E-003   2.1093100E-008
3.5138100E-003   2.0095800E-008
3.6794100E-003   1.8972300E-008
3.8528200E-003   1.8159800E-008
4.0344000E-003   1.6913500E-008
4.2245300E-003   1.5813541E-008
4.4236300E-003   1.4731300E-008
4.6321100E-003   1.3845800E-008
4.8504100E-003   1.2835500E-008
5.0790100E-003   1.2089200E-008
5.3183700E-003   1.1215800E-008
5.5690200E-003   1.0574792E-008
5.8314800E-003   9.6702317E-009
6.1063100E-003   8.8560400E-009
6.3940900E-003   8.1775147E-009
6.6954300E-003   7.4847000E-009
7.0109800E-003   6.9673800E-009
7.3414000E-003   6.3243400E-009
7.6873900E-003   5.7460400E-009
8.0496800E-003   5.2641500E-009
8.4290500E-003   4.8357740E-009
8.8263000E-003   4.3729722E-009
9.2422700E-003   3.9989110E-009
9.6778500E-003   3.5471800E-009
1.0133900E-002   3.2391200E-009
1.0611500E-002   2.9903919E-009
1.1111700E-002   2.7559200E-009
1.1635300E-002   2.4799200E-009
1.2183700E-002   2.2867741E-009
1.2757900E-002   2.0722800E-009
1.3359100E-002   1.9122881E-009
1.3988700E-002   1.6910460E-009
1.4648000E-002   1.5297320E-009
1.5338400E-002   1.3593560E-009
1.6061200E-002   1.2092730E-009
1.6818200E-002   1.0693660E-009
1.7610800E-002   9.4564501E-010
1.8440800E-002   8.2694301E-010
1.9309800E-002   7.0170397E-010
2.0219900E-002   6.0952299E-010
2.1172800E-002   5.2293397E-010
2.2170700E-002   4.4366899E-010
2.3215500E-002   3.8207601E-010
 37
 1   2   3   4
 xy
 100
1.0133900E-003   4.3553634E-008
1.0611500E-003   4.3067171E-008
1.1111700E-003   4.2110486E-008
1.1635300E-003   4.1640142E-008
1.2183700E-003   4.0821800E-008
1.2757900E-003   3.9997400E-008
1.3359100E-003   3.9557800E-008
1.3988700E-003   3.8984200E-008
1.4648000E-003   3.8365400E-008
1.5338400E-003   3.7475800E-008
1.6061200E-003   3.6800493E-008
1.6818200E-003   3.6275900E-008
1.7610800E-003   3.5048500E-008
1.8440800E-003   3.4757800E-008
1.9309800E-003   3.3460200E-008
2.0219900E-003   3.2887500E-008
2.1172800E-003   3.1935700E-008
2.2170700E-003   3.0529400E-008
2.3215500E-003   2.9892700E-008
2.4309700E-003   2.8461000E-008
2.5455300E-003   2.7615800E-008
2.6655000E-003   2.6355900E-008
2.7911200E-003   2.5464700E-008
2.9226600E-003   2.4318500E-008
3.0604000E-003   2.3073300E-008
3.2046400E-003   2.2016600E-008
3.3556700E-003   2.0991500E-008
3.5138100E-003   2.0064993E-008
3.6794100E-003   1.8815100E-008
3.8528200E-003   1.7836600E-008
4.0344000E-003   1.6701900E-008
4.2245300E-003   1.5612500E-008
4.4236300E-003   1.4669000E-008
4.6321100E-003   1.3850435E-008
4.8504100E-003   1.2707200E-008
5.0790100E-003   1.1999500E-008
5.3183700E-003   1.1106500E-008
5.5690200E-003   1.0182600E-008
5.8314800E-003   9.3653700E-009
6.1063100E-003   8.7882000E-009
6.3940900E-003   8.0895400E-009
6.6954300E-003   7.5517699E-009
7.0109800E-003   6.9237700E-009
7.3414000E-003   6.3037000E-009
7.6873900E-003   5.6553900E-009
8.0496800E-003   5.2128248E-009
8.4290500E-003   4.6589999E-009
8.8263000E-003   4.2586139E-009
9.2422700E-003   3.7664400E-009
9.6778500E-003   3.3706200E-009
1.0133900E-002   3.0271800E-009
1.0611500E-002   2.6963061E-009
1.1111700E-002   2.4286551E-009
1.1635300E-002   2.1291440E-009
1.2183700E-002   1.8920081E-009
1.2757900E-002   1.6420429E-009
1.3359100E-002   1.4650540E-009
1.3988700E-002   1.2660160E-009
1.4648000E-002   1.0940180E-009
1.5338400E-002   9.5436803E-010
1.6061200E-002   8.2187801E-010
1.6818200E-002   7.0596101E-010
1.7610800E-002   6.0952299E-010
1.8440800E-002   5.2490601E-010
1.9309800E-002   4.5046200E-010
2.0219900E-002   3.8491599E-010
2.1172800E-002   3.2903399E-010
2.2170700E-002   2.8602901E-010
2.3215500E-002   2.4824001E-010
 38
 1   2   3   4
 xy
 100
1.0133900E-003   4.2762981E-008
1.0611500E-003   4.2582200E-008
1.1111700E-003   4.2323300E-008
1.1635300E-003   4.1701600E-008
1.2183700E-003   4.1369000E-008
1.2757900E-003   4.0786200E-008
1.3359100E-003   4.0559500E-008
1.3988700E-003   4.0131100E-008
1.4648000E-003   3.9989111E-008
1.5338400E-003   3.9105064E-008
1.6061200E-003   3.7815504E-008
1.6818200E-003   3.7015400E-008
1.7610800E-003   3.6434100E-008
1.8440800E-003   3.5357300E-008
1.9309800E-003   3.4092100E-008
2.0219900E-003   3.3417300E-008
2.1172800E-003   3.2163300E-008
2.2170700E-003   3.1277700E-008
2.3215500E-003   3.0229000E-008
2.4309700E-003   2.8917787E-008
2.5455300E-003   2.7833500E-008
2.6655000E-003   2.6911300E-008
2.7911200E-003   2.5960400E-008
2.9226600E-003   2.4877600E-008
3.0604000E-003   2.3436300E-008
3.2046400E-003   2.2250400E-008
3.3556700E-003   2.1176100E-008
3.5138100E-003   2.0178300E-008
3.6794100E-003   1.8966200E-008
3.8528200E-003   1.7771700E-008
4.0344000E-003   1.6983400E-008
4.2245300E-003   1.5932700E-008
4.4236300E-003   1.4788100E-008
4.6321100E-003   1.3719100E-008
4.8504100E-003   1.2805500E-008
5.0790100E-003   1.1967900E-008
5.3183700E-003   1.1072000E-008
5.5690200E-003   1.0201200E-008
5.8314800E-003   9.4564507E-009
6.1063100E-003   8.8043600E-009
6.3940900E-003   8.1804821E-009
6.6954300E-003   7.5805900E-009
7.0109800E-003   6.9152168E-009
7.3414000E-003   6.1547500E-009
7.6873900E-003   5.5684800E-009
8.0496800E-003   5.0568900E-009
8.4290500E-003   4.6051000E-009
8.8263000E-003   4.2162400E-009
9.2422700E-003   3.8181100E-009
9.6778500E-003   3.4580789E-009
1.0133900E-002   3.0342491E-009
1.0611500E-002   2.7345961E-009
1.1111700E-002   2.4182161E-009
1.1635300E-002   2.1828500E-009
1.2183700E-002   1.9143600E-009
1.2757900E-002   1.7292749E-009
1.3359100E-002   1.5297320E-009
1.3988700E-002   1.3918410E-009
1.4648000E-002   1.2368230E-009
1.5338400E-002   1.0990709E-009
1.6061200E-002   9.7665998E-010
1.6818200E-002   8.5514301E-010
1.7610800E-002   7.6269902E-010
1.8440800E-002   6.6920303E-010
1.9309800E-002   5.9135002E-010
2.0219900E-002   5.1137300E-010
2.1172800E-002   4.3729700E-010
2.2170700E-002   3.6979500E-010
2.3215500E-002   3.1271299E-010
 39
 1   2   3   4
 xy
 100
1.0133900E-003   4.3984800E-008
1.0611500E-003   4.3865100E-008
1.1111700E-003   4.3274800E-008
1.1635300E-003   4.2884700E-008
1.2183700E-003   4.2589500E-008
1.2757900E-003   4.2353500E-008
1.3359100E-003   4.1492800E-008
1.3988700E-003   4.0768000E-008
1.4648000E-003   4.0125600E-008
1.5338400E-003   3.9656100E-008
1.6061200E-003   3.8730400E-008
1.6818200E-003   3.8375300E-008
1.7610800E-003   3.7195800E-008
1.8440800E-003   3.6006400E-008
1.9309800E-003   3.5351000E-008
2.0219900E-003   3.3933800E-008
2.1172800E-003   3.3082800E-008
2.2170700E-003   3.1710300E-008
2.3215500E-003   3.0747600E-008
2.4309700E-003   2.9931200E-008
2.5455300E-003   2.8584600E-008
2.6655000E-003   2.7366900E-008
2.7911200E-003   2.6209435E-008
2.9226600E-003   2.5144500E-008
3.0604000E-003   2.4101100E-008
3.2046400E-003   2.2904500E-008
3.3556700E-003   2.1505400E-008
3.5138100E-003   2.0444200E-008
3.6794100E-003   1.9424400E-008
3.8528200E-003   1.8423000E-008
4.0344000E-003   1.7241200E-008
4.2245300E-003   1.6070000E-008
4.4236300E-003   1.5002400E-008
4.6321100E-003   1.3986000E-008
4.8504100E-003   1.3002500E-008
5.0790100E-003   1.2198700E-008
5.3183700E-003   1.1304000E-008
5.5690200E-003   1.0360700E-008
5.8314800E-003   9.4698700E-009
6.1063100E-003   8.7452100E-009
6.3940900E-003   8.0855909E-009
6.6954300E-003   7.4601900E-009
7.0109800E-003   6.7898220E-009
7.3414000E-003   6.1642100E-009
7.6873900E-003   5.6241300E-009
8.0496800E-003   5.0750009E-009
8.4290500E-003   4.6236082E-009
8.8263000E-003   4.1850600E-009
9.2422700E-003   3.8097800E-009
9.6778500E-003   3.4963561E-009
1.0133900E-002   3.1500500E-009
1.0611500E-002   2.8174200E-009
1.1111700E-002   2.5236131E-009
1.1635300E-002   2.2321220E-009
1.2183700E-002   1.9835169E-009
1.2757900E-002   1.7626000E-009
1.3359100E-002   1.5648200E-009
1.3988700E-002   1.3816480E-009
1.4648000E-002   1.2392261E-009
1.5338400E-002   1.0923360E-009
1.6061200E-002   9.6285702E-010
1.6818200E-002   8.7041402E-010
1.7610800E-002   7.5885698E-010
1.8440800E-002   6.7268902E-010
1.9309800E-002   6.0111999E-010
2.0219900E-002   5.3830101E-010
2.1172800E-002   4.6906501E-010
2.2170700E-002   4.1607801E-010
2.3215500E-002   3.6356801E-010
 40
 1   2   3   4
 xy
 100
1.0133900E-003   4.1156700E-008
1.0611500E-003   4.1230000E-008
1.1111700E-003   4.0663300E-008
1.1635300E-003   4.0546000E-008
1.2183700E-003   4.0177700E-008
1.2757900E-003   3.9409800E-008
1.3359100E-003   3.9332700E-008
1.3988700E-003   3.8913500E-008
1.4648000E-003   3.8219200E-008
1.5338400E-003   3.7389900E-008
1.6061200E-003   3.6952900E-008
1.6818200E-003   3.5934900E-008
1.7610800E-003   3.5532900E-008
1.8440800E-003   3.5055000E-008
1.9309800E-003   3.4534647E-008
2.0219900E-003   3.3098800E-008
2.1172800E-003   3.1766700E-008
2.2170700E-003   3.0953700E-008
2.3215500E-003   3.0112200E-008
2.4309700E-003   2.8763900E-008
2.5455300E-003   2.7976800E-008
2.6655000E-003   2.6981200E-008
2.7911200E-003   2.5635100E-008
2.9226600E-003   2.4620300E-008
3.0604000E-003   2.3378300E-008
3.2046400E-003   2.2108100E-008
3.3556700E-003   2.0802753E-008
3.5138100E-003   2.0044300E-008
3.6794100E-003   1.9053400E-008
3.8528200E-003   1.7891200E-008
4.0344000E-003   1.6876800E-008
4.2245300E-003   1.5857300E-008
4.4236300E-003   1.4683500E-008
4.6321100E-003   1.3505800E-008
4.8504100E-003   1.2877800E-008
5.0790100E-003   1.2012400E-008
5.3183700E-003   1.1189200E-008
5.5690200E-003   1.0315200E-008
5.8314800E-003   9.4533200E-009
6.1063100E-003   8.9161900E-009
6.3940900E-003   8.3767757E-009
6.6954300E-003   7.7373210E-009
7.0109800E-003   6.9346671E-009
7.3414000E-003   6.2256000E-009
7.6873900E-003   5.7408260E-009
8.0496800E-003   5.2233449E-009
8.4290500E-003   4.7525099E-009
8.8263000E-003   4.2743742E-009
9.2422700E-003   3.8425130E-009
9.6778500E-003   3.4961469E-009
1.0133900E-002   3.0342491E-009
1.0611500E-002   2.7174900E-009
1.1111700E-002   2.3720700E-009
1.1635300E-002   2.1291440E-009
1.2183700E-002   1.9372219E-009
1.2757900E-002   1.7335090E-009
1.3359100E-002   1.5345900E-009
1.3988700E-002   1.3593560E-009
1.4648000E-002   1.2112160E-009
1.5338400E-002   1.0703610E-009
1.6061200E-002   9.4588604E-010
1.6818200E-002   8.1547302E-010
1.7610800E-002   7.1178502E-010
1.8440800E-002   6.2901001E-010
1.9309800E-002   5.4228599E-010
2.0219900E-002   4.7922200E-010
2.1172800E-002   4.1172199E-010
2.2170700E-002   3.5618700E-010
2.3215500E-002   3.0707800E-010
 41
 1   2   3   4
 xy
 100
1.0133900E-003   4.3145400E-008
1.0611500E-003   4.3339500E-008
1.1111700E-003   4.3035400E-008
1.1635300E-003   4.2363700E-008
1.2183700E-003   4.1888100E-008
1.2757900E-003   4.1674200E-008
1.3359100E-003   4.1223700E-008
1.3988700E-003   4.0060700E-008
1.4648000E-003   3.9623000E-008
1.5338400E-003   3.9127100E-008
1.6061200E-003   3.7975900E-008
1.6818200E-003   3.7388200E-008
1.7610800E-003   3.6760800E-008
1.8440800E-003   3.5696988E-008
1.9309800E-003   3.4947300E-008
2.0219900E-003   3.3466300E-008
2.1172800E-003   3.2699200E-008
2.2170700E-003   3.1832700E-008
2.3215500E-003   3.0346600E-008
2.4309700E-003   2.9412900E-008
2.5455300E-003   2.8355126E-008
2.6655000E-003   2.7137200E-008
2.7911200E-003   2.6071600E-008
2.9226600E-003   2.4770100E-008
3.0604000E-003   2.3477000E-008
3.2046400E-003   2.2354100E-008
3.3556700E-003   2.1030200E-008
3.5138100E-003   2.0087400E-008
3.6794100E-003   1.8994100E-008
3.8528200E-003   1.7891100E-008
4.0344000E-003   1.6718500E-008
4.2245300E-003   1.5616900E-008
4.4236300E-003   1.4687300E-008
4.6321100E-003   1.3671100E-008
4.8504100E-003   1.2784300E-008
5.0790100E-003   1.1789400E-008
5.3183700E-003   1.0917300E-008
5.5690200E-003   1.0145600E-008
5.8314800E-003   9.4120498E-009
6.1063100E-003   8.6465350E-009
6.3940900E-003   7.8876200E-009
6.6954300E-003   7.3113910E-009
7.0109800E-003   6.7091368E-009
7.3414000E-003   6.0110090E-009
7.6873900E-003   5.4262100E-009
8.0496800E-003   4.8636100E-009
8.4290500E-003   4.4239900E-009
8.8263000E-003   3.9598100E-009
9.2422700E-003   3.5700900E-009
9.6778500E-003   3.1890200E-009
1.0133900E-002   2.8700851E-009
1.0611500E-002   2.5657081E-009
1.1111700E-002   2.3076581E-009
1.1635300E-002   2.0577100E-009
1.2183700E-002   1.8382800E-009
1.2757900E-002   1.6420429E-009
1.3359100E-002   1.4406810E-009
1.3988700E-002   1.2713600E-009
1.4648000E-002   1.1229100E-009
1.5338400E-002   9.9999997E-010
1.6061200E-002   8.6925700E-010
1.6818200E-002   7.5819601E-010
1.7610800E-002   6.7701900E-010
1.8440800E-002   5.9697502E-010
1.9309800E-002   5.1981303E-010
2.0219900E-002   4.5835499E-010
2.1172800E-002   3.9911000E-010
2.2170700E-002   3.4752301E-010
2.3215500E-002   2.9882000E-010
