 41
 Wed Sep 04 11:11:24 2019
 1
 1   2   3   4
 xy
 100
1.0133900E-003   8.0378214E-008
1.0611500E-003   7.7504701E-008
1.1111700E-003   7.2998000E-008
1.1635300E-003   7.0334323E-008
1.2183700E-003   6.6193735E-008
1.2757900E-003   6.3336100E-008
1.3359100E-003   6.0940400E-008
1.3988700E-003   5.8321500E-008
1.4648000E-003   5.5291000E-008
1.5338400E-003   5.3205337E-008
1.6061200E-003   5.0684459E-008
1.6818200E-003   4.7125319E-008
1.7610800E-003   4.4805539E-008
1.8440800E-003   4.1905984E-008
1.9309800E-003   3.9371200E-008
2.0219900E-003   3.7032300E-008
2.1172800E-003   3.5244500E-008
2.2170700E-003   3.3199600E-008
2.3215500E-003   3.1229600E-008
2.4309700E-003   2.9620910E-008
2.5455300E-003   2.7619100E-008
2.6655000E-003   2.5944397E-008
2.7911200E-003   2.3996355E-008
2.9226600E-003   2.2079100E-008
3.0604000E-003   2.0661100E-008
3.2046400E-003   1.9643300E-008
3.3556700E-003   1.8214600E-008
3.5138100E-003   1.7173816E-008
3.6794100E-003   1.5899900E-008
3.8528200E-003   1.4543500E-008
4.0344000E-003   1.3687000E-008
4.2245300E-003   1.2771600E-008
4.4236300E-003   1.1610100E-008
4.6321100E-003   1.0763600E-008
4.8504100E-003   9.9068300E-009
5.0790100E-003   9.1284287E-009
5.3183700E-003   8.3770600E-009
5.5690200E-003   7.6691800E-009
5.8314800E-003   7.0052300E-009
6.1063100E-003   6.3384080E-009
6.3940900E-003   5.8135800E-009
6.6954300E-003   5.2668341E-009
7.0109800E-003   4.7639381E-009
7.3414000E-003   4.3366800E-009
7.6873900E-003   3.9400600E-009
8.0496800E-003   3.5171300E-009
8.4290500E-003   3.2111951E-009
8.8263000E-003   2.9494001E-009
9.2422700E-003   2.6908700E-009
9.6778500E-003   2.4329800E-009
1.0133900E-002   2.2071189E-009
1.0611500E-002   2.0187600E-009
1.1111700E-002   1.8260020E-009
1.1635300E-002   1.6516490E-009
1.2183700E-002   1.5276340E-009
1.2757900E-002   1.3817700E-009
1.3359100E-002   1.2638480E-009
1.3988700E-002   1.1431710E-009
1.4648000E-002   1.0340170E-009
1.5338400E-002   9.4577302E-010
1.6061200E-002   8.5546698E-010
1.6818200E-002   7.7378398E-010
1.7610800E-002   7.0774803E-010
1.8440800E-002   6.3863798E-010
1.9309800E-002   5.7262400E-010
2.0219900E-002   5.1794702E-010
2.1172800E-002   4.6988202E-010
2.2170700E-002   4.2790699E-010
2.3215500E-002   3.8803599E-010
 2
 1   2   3   4
 xy
 100
1.0133900E-003   8.3371098E-008
1.0611500E-003   8.2295060E-008
1.1111700E-003   8.0184471E-008
1.1635300E-003   7.5141791E-008
1.2183700E-003   7.2136658E-008
1.2757900E-003   6.8314890E-008
1.3359100E-003   6.4913110E-008
1.3988700E-003   6.1027109E-008
1.4648000E-003   5.7201156E-008
1.5338400E-003   5.3939075E-008
1.6061200E-003   5.0087795E-008
1.6818200E-003   4.6995407E-008
1.7610800E-003   4.4270315E-008
1.8440800E-003   4.1974786E-008
1.9309800E-003   3.9248000E-008
2.0219900E-003   3.7226800E-008
2.1172800E-003   3.4692043E-008
2.2170700E-003   3.2634000E-008
2.3215500E-003   3.0559661E-008
2.4309700E-003   2.8812723E-008
2.5455300E-003   2.7305100E-008
2.6655000E-003   2.5463100E-008
2.7911200E-003   2.4140200E-008
2.9226600E-003   2.2476264E-008
3.0604000E-003   2.0993700E-008
3.2046400E-003   1.9813700E-008
3.3556700E-003   1.8467956E-008
3.5138100E-003   1.6929238E-008
3.6794100E-003   1.5661400E-008
3.8528200E-003   1.4454700E-008
4.0344000E-003   1.3533100E-008
4.2245300E-003   1.2521800E-008
4.4236300E-003   1.1779200E-008
4.6321100E-003   1.0869800E-008
4.8504100E-003   1.0085965E-008
5.0790100E-003   9.2771800E-009
5.3183700E-003   8.5249736E-009
5.5690200E-003   7.8464213E-009
5.8314800E-003   7.2439459E-009
6.1063100E-003   6.6702800E-009
6.3940900E-003   6.0849500E-009
6.6954300E-003   5.5525200E-009
7.0109800E-003   5.1626330E-009
7.3414000E-003   4.7126729E-009
7.6873900E-003   4.2851922E-009
8.0496800E-003   3.8668788E-009
8.4290500E-003   3.4894010E-009
8.8263000E-003   3.1487719E-009
9.2422700E-003   2.8708000E-009
9.6778500E-003   2.6232230E-009
1.0133900E-002   2.4000300E-009
1.0611500E-002   2.1853910E-009
1.1111700E-002   1.9942700E-009
1.1635300E-002   1.8089470E-009
1.2183700E-002   1.6429090E-009
1.2757900E-002   1.4956000E-009
1.3359100E-002   1.3449710E-009
1.3988700E-002   1.2074200E-009
1.4648000E-002   1.0775300E-009
1.5338400E-002   9.9127900E-010
1.6061200E-002   9.1796298E-010
1.6818200E-002   8.3786200E-010
1.7610800E-002   7.6065598E-010
1.8440800E-002   6.9435901E-010
1.9309800E-002   6.3384098E-010
2.0219900E-002   5.8151400E-010
2.1172800E-002   5.2474802E-010
2.2170700E-002   4.7895798E-010
2.3215500E-002   4.3716400E-010
 3
 1   2   3   4
 xy
 100
1.0133900E-003   8.0883339E-008
1.0611500E-003   7.8889457E-008
1.1111700E-003   7.5047936E-008
1.1635300E-003   7.0508015E-008
1.2183700E-003   6.7916972E-008
1.2757900E-003   6.3859517E-008
1.3359100E-003   6.0701275E-008
1.3988700E-003   5.7388500E-008
1.4648000E-003   5.4442911E-008
1.5338400E-003   5.2136300E-008
1.6061200E-003   4.8701700E-008
1.6818200E-003   4.7000800E-008
1.7610800E-003   4.4785249E-008
1.8440800E-003   4.2213900E-008
1.9309800E-003   4.0118554E-008
2.0219900E-003   3.7713800E-008
2.1172800E-003   3.5938136E-008
2.2170700E-003   3.3641992E-008
2.3215500E-003   3.1709373E-008
2.4309700E-003   2.9308437E-008
2.5455300E-003   2.7427900E-008
2.6655000E-003   2.5833685E-008
2.7911200E-003   2.4329804E-008
2.9226600E-003   2.2877744E-008
3.0604000E-003   2.1268600E-008
3.2046400E-003   1.9955100E-008
3.3556700E-003   1.8303615E-008
3.5138100E-003   1.7305700E-008
3.6794100E-003   1.6140643E-008
3.8528200E-003   1.5236944E-008
4.0344000E-003   1.4289100E-008
4.2245300E-003   1.3032996E-008
4.4236300E-003   1.2156100E-008
4.6321100E-003   1.1368000E-008
4.8504100E-003   1.0707867E-008
5.0790100E-003   9.8498300E-009
5.3183700E-003   9.1825427E-009
5.5690200E-003   8.5958556E-009
5.8314800E-003   7.9614120E-009
6.1063100E-003   7.3981300E-009
6.3940900E-003   6.8222978E-009
6.6954300E-003   6.3095729E-009
7.0109800E-003   5.8934599E-009
7.3414000E-003   5.4425509E-009
7.6873900E-003   5.0480660E-009
8.0496800E-003   4.6415889E-009
8.4290500E-003   4.2678421E-009
8.8263000E-003   3.9241899E-009
9.2422700E-003   3.5992580E-009
9.6778500E-003   3.2629430E-009
1.0133900E-002   3.0141629E-009
1.0611500E-002   2.7407530E-009
1.1111700E-002   2.5394149E-009
1.1635300E-002   2.3021320E-009
1.2183700E-002   2.1098929E-009
1.2757900E-002   1.9337061E-009
1.3359100E-002   1.7570810E-009
1.3988700E-002   1.5927230E-009
1.4648000E-002   1.4432250E-009
1.5338400E-002   1.3301290E-009
1.6061200E-002   1.1980580E-009
1.6818200E-002   1.0746080E-009
1.7610800E-002   9.7630004E-010
1.8440800E-002   8.9137298E-010
1.9309800E-002   8.0770601E-010
2.0219900E-002   7.3995199E-010
2.1172800E-002   6.6528699E-010
2.2170700E-002   6.0493799E-010
2.3215500E-002   5.4264199E-010
 4
 1   2   3   4
 xy
 100
1.0133900E-003   8.1337390E-008
1.0611500E-003   7.8425828E-008
1.1111700E-003   7.5618487E-008
1.1635300E-003   7.2911632E-008
1.2183700E-003   6.9568109E-008
1.2757900E-003   6.6660753E-008
1.3359100E-003   6.3874900E-008
1.3988700E-003   6.1506100E-008
1.4648000E-003   5.7486100E-008
1.5338400E-003   5.4034764E-008
1.6061200E-003   5.0462678E-008
1.6818200E-003   4.6638500E-008
1.7610800E-003   4.4697600E-008
1.8440800E-003   4.2986300E-008
1.9309800E-003   4.0366910E-008
2.0219900E-003   3.8136300E-008
2.1172800E-003   3.5895546E-008
2.2170700E-003   3.3477459E-008
2.3215500E-003   3.1264356E-008
2.4309700E-003   2.9569400E-008
2.5455300E-003   2.7919670E-008
2.6655000E-003   2.6052032E-008
2.7911200E-003   2.4700800E-008
2.9226600E-003   2.2568400E-008
3.0604000E-003   2.1177900E-008
3.2046400E-003   1.9816627E-008
3.3556700E-003   1.8356800E-008
3.5138100E-003   1.6911400E-008
3.6794100E-003   1.5964900E-008
3.8528200E-003   1.5073629E-008
4.0344000E-003   1.4077154E-008
4.2245300E-003   1.2917800E-008
4.4236300E-003   1.2185900E-008
4.6321100E-003   1.1336035E-008
4.8504100E-003   1.0520012E-008
5.0790100E-003   9.7627302E-009
5.3183700E-003   8.9226742E-009
5.5690200E-003   8.2302183E-009
5.8314800E-003   7.4252728E-009
6.1063100E-003   6.7870829E-009
6.3940900E-003   6.1898300E-009
6.6954300E-003   5.7256071E-009
7.0109800E-003   5.1626330E-009
7.3414000E-003   4.8213460E-009
7.6873900E-003   4.4439400E-009
8.0496800E-003   4.1127919E-009
8.4290500E-003   3.7915300E-009
8.8263000E-003   3.5039220E-009
9.2422700E-003   3.1834411E-009
9.6778500E-003   2.8918909E-009
1.0133900E-002   2.6052029E-009
1.0611500E-002   2.3611140E-009
1.1111700E-002   2.1211500E-009
1.1635300E-002   1.9369959E-009
1.2183700E-002   1.7557800E-009
1.2757900E-002   1.6140640E-009
1.3359100E-002   1.4907200E-009
1.3988700E-002   1.3554931E-009
1.4648000E-002   1.2294470E-009
1.5338400E-002   1.1281870E-009
1.6061200E-002   1.0334410E-009
1.6818200E-002   9.4665198E-010
1.7610800E-002   8.5769603E-010
1.8440800E-002   7.7709900E-010
1.9309800E-002   7.1183798E-010
2.0219900E-002   6.5205702E-010
2.1172800E-002   5.9729699E-010
2.2170700E-002   5.4117000E-010
2.3215500E-002   4.9423299E-010
 5
 1   2   3   4
 xy
 100
1.0133900E-003   7.9102100E-008
1.0611500E-003   7.7127300E-008
1.1111700E-003   7.4674226E-008
1.1635300E-003   7.1393480E-008
1.2183700E-003   6.8256867E-008
1.2757900E-003   6.5856200E-008
1.3359100E-003   6.3424100E-008
1.3988700E-003   6.0558932E-008
1.4648000E-003   5.6555553E-008
1.5338400E-003   5.4034764E-008
1.6061200E-003   5.1546017E-008
1.6818200E-003   4.8207200E-008
1.7610800E-003   4.6064496E-008
1.8440800E-003   4.3019302E-008
1.9309800E-003   4.1101853E-008
2.0219900E-003   3.9010100E-008
2.1172800E-003   3.6800493E-008
2.2170700E-003   3.4128500E-008
2.3215500E-003   3.2001100E-008
2.4309700E-003   3.0153600E-008
2.5455300E-003   2.7974700E-008
2.6655000E-003   2.6535500E-008
2.7911200E-003   2.4716100E-008
2.9226600E-003   2.3092200E-008
3.0604000E-003   2.1735900E-008
3.2046400E-003   2.0181000E-008
3.3556700E-003   1.8930400E-008
3.5138100E-003   1.7700200E-008
3.6794100E-003   1.6716900E-008
3.8528200E-003   1.5496868E-008
4.0344000E-003   1.4325097E-008
4.2245300E-003   1.3323300E-008
4.4236300E-003   1.2240661E-008
4.6321100E-003   1.1315104E-008
4.8504100E-003   1.0556300E-008
5.0790100E-003   9.7756400E-009
5.3183700E-003   8.9268900E-009
5.5690200E-003   8.0961500E-009
5.8314800E-003   7.5517699E-009
6.1063100E-003   6.9027859E-009
6.3940900E-003   6.3095729E-009
6.6954300E-003   5.7859708E-009
7.0109800E-003   5.3600500E-009
7.3414000E-003   4.9325251E-009
7.6873900E-003   4.5026209E-009
8.0496800E-003   4.0175419E-009
8.4290500E-003   3.6673840E-009
8.8263000E-003   3.3415200E-009
9.2422700E-003   3.0880500E-009
9.6778500E-003   2.7896170E-009
1.0133900E-002   2.5332900E-009
1.0611500E-002   2.3681800E-009
1.1111700E-002   2.1472900E-009
1.1635300E-002   1.9840880E-009
1.2183700E-002   1.8135790E-009
1.2757900E-002   1.6577240E-009
1.3359100E-002   1.5323780E-009
1.3988700E-002   1.4165100E-009
1.4648000E-002   1.3094030E-009
1.5338400E-002   1.2103940E-009
1.6061200E-002   1.0940180E-009
1.6818200E-002   1.0227180E-009
1.7610800E-002   9.4538699E-010
1.8440800E-002   8.6414298E-010
1.9309800E-002   7.9880202E-010
2.0219900E-002   7.4674200E-010
2.1172800E-002   6.8256900E-010
2.2170700E-002   6.3808397E-010
2.3215500E-002   5.8324900E-010
 6
 1   2   3   4
 xy
 100
1.0133900E-003   8.4442405E-008
1.0611500E-003   8.1634305E-008
1.1111700E-003   7.7160124E-008
1.1635300E-003   7.3757988E-008
1.2183700E-003   7.0505862E-008
1.2757900E-003   6.6562912E-008
1.3359100E-003   6.3384078E-008
1.3988700E-003   6.0211818E-008
1.4648000E-003   5.6911752E-008
1.5338400E-003   5.3792554E-008
1.6061200E-003   5.0844310E-008
1.6818200E-003   4.8213462E-008
1.7610800E-003   4.6415888E-008
1.8440800E-003   4.3019302E-008
1.9309800E-003   4.1506400E-008
2.0219900E-003   3.9333500E-008
2.1172800E-003   3.6680100E-008
2.2170700E-003   3.4776700E-008
2.3215500E-003   3.3123700E-008
2.4309700E-003   3.1264356E-008
2.5455300E-003   2.9197558E-008
2.6655000E-003   2.6888100E-008
2.7911200E-003   2.4854700E-008
2.9226600E-003   2.3245379E-008
3.0604000E-003   2.2051307E-008
3.2046400E-003   2.0379000E-008
3.3556700E-003   1.9283672E-008
3.5138100E-003   1.8094200E-008
3.6794100E-003   1.6588000E-008
3.8528200E-003   1.5350800E-008
4.0344000E-003   1.4203600E-008
4.2245300E-003   1.3411700E-008
4.4236300E-003   1.2472675E-008
4.6321100E-003   1.1632058E-008
4.8504100E-003   1.0922500E-008
5.0790100E-003   1.0038300E-008
5.3183700E-003   9.3389279E-009
5.5690200E-003   8.7215577E-009
5.8314800E-003   8.1450002E-009
6.1063100E-003   7.4771718E-009
6.3940900E-003   6.9435910E-009
6.6954300E-003   6.3384080E-009
7.0109800E-003   5.7859708E-009
7.3414000E-003   5.3366991E-009
7.6873900E-003   4.8626019E-009
8.0496800E-003   4.4824469E-009
8.4290500E-003   4.1101851E-009
8.8263000E-003   3.7519530E-009
9.2422700E-003   3.3477461E-009
9.6778500E-003   2.9870850E-009
1.0133900E-002   2.7267391E-009
1.0611500E-002   2.4890840E-009
1.1111700E-002   2.2721429E-009
1.1635300E-002   2.0273589E-009
1.2183700E-002   1.8521530E-009
1.2757900E-002   1.6701910E-009
1.3359100E-002   1.5421220E-009
1.3988700E-002   1.4077149E-009
1.4648000E-002   1.2850230E-009
1.5338400E-002   1.1730240E-009
1.6061200E-002   1.0722671E-009
1.6818200E-002   9.6131103E-010
1.7610800E-002   8.6856100E-010
1.8440800E-002   7.8475998E-010
1.9309800E-002   7.1373202E-010
2.0219900E-002   6.5524203E-010
2.1172800E-002   6.0552202E-010
2.2170700E-002   5.5330202E-010
2.3215500E-002   5.1131699E-010
 7
 1   2   3   4
 xy
 100
1.0133900E-003   8.7390340E-008
1.0611500E-003   8.4494658E-008
1.1111700E-003   7.8987973E-008
1.1635300E-003   7.5517704E-008
1.2183700E-003   7.1393480E-008
1.2757900E-003   6.9027855E-008
1.3359100E-003   6.4529175E-008
1.3988700E-003   6.1694138E-008
1.4648000E-003   5.8899953E-008
1.5338400E-003   5.6057000E-008
1.6061200E-003   5.3547058E-008
1.6818200E-003   5.0462678E-008
1.7610800E-003   4.8213462E-008
1.8440800E-003   4.6064496E-008
1.9309800E-003   4.4011315E-008
2.0219900E-003   4.1095390E-008
2.1172800E-003   3.8976658E-008
2.2170700E-003   3.6673843E-008
2.3215500E-003   3.4326710E-008
2.4309700E-003   3.2214096E-008
2.5455300E-003   2.9913146E-008
2.6655000E-003   2.8072161E-008
2.7911200E-003   2.6273153E-008
2.9226600E-003   2.4329804E-008
3.0604000E-003   2.2957233E-008
3.2046400E-003   2.1219378E-008
3.3556700E-003   1.9816627E-008
3.5138100E-003   1.8454500E-008
3.6794100E-003   1.7249702E-008
3.8528200E-003   1.6140643E-008
4.0344000E-003   1.5093800E-008
4.2245300E-003   1.3791200E-008
4.4236300E-003   1.2961154E-008
4.6321100E-003   1.1870900E-008
4.8504100E-003   1.0954788E-008
5.0790100E-003   1.0268198E-008
5.3183700E-003   9.5606580E-009
5.5690200E-003   8.9226742E-009
5.8314800E-003   8.1450002E-009
6.1063100E-003   7.4741742E-009
6.3940900E-003   6.9027859E-009
6.6954300E-003   6.3384080E-009
7.0109800E-003   5.7859708E-009
7.3414000E-003   5.2816822E-009
7.6873900E-003   4.8730948E-009
8.0496800E-003   4.4025700E-009
8.4290500E-003   4.0144300E-009
8.8263000E-003   3.6673840E-009
9.2422700E-003   3.3078080E-009
9.6778500E-003   2.9755221E-009
1.0133900E-002   2.6766169E-009
1.0611500E-002   2.3823830E-009
1.1111700E-002   2.1430611E-009
1.1635300E-002   1.9369959E-009
1.2183700E-002   1.7341250E-009
1.2757900E-002   1.5599240E-009
1.3359100E-002   1.4006880E-009
1.3988700E-002   1.2518750E-009
1.4648000E-002   1.1235040E-009
1.5338400E-002   1.0106430E-009
1.6061200E-002   9.0911900E-010
1.6818200E-002   8.1779400E-010
1.7610800E-002   7.3564199E-010
1.8440800E-002   6.6174299E-010
1.9309800E-002   5.8900002E-010
2.0219900E-002   5.2983201E-010
2.1172800E-002   4.7660798E-010
2.2170700E-002   4.2873000E-010
2.3215500E-002   3.8566200E-010
 8
 1   2   3   4
 xy
 100
1.0133900E-003   1.0000000E-007
1.0611500E-003   9.5032028E-008
1.1111700E-003   9.1611511E-008
1.1635300E-003   8.5824240E-008
1.2183700E-003   8.1560515E-008
1.2757900E-003   7.5558781E-008
1.3359100E-003   7.1342804E-008
1.3988700E-003   6.7307852E-008
1.4648000E-003   6.3501105E-008
1.5338400E-003   5.9216120E-008
1.6061200E-003   5.5220280E-008
1.6818200E-003   5.1494077E-008
1.7610800E-003   4.8213462E-008
1.8440800E-003   4.5026205E-008
1.9309800E-003   4.2049649E-008
2.0219900E-003   3.9395697E-008
2.1172800E-003   3.6673843E-008
2.2170700E-003   3.4249439E-008
2.3215500E-003   3.2320767E-008
2.4309700E-003   2.9870847E-008
2.5455300E-003   2.7896167E-008
2.6655000E-003   2.6052032E-008
2.7911200E-003   2.4329804E-008
2.9226600E-003   2.2559400E-008
3.0604000E-003   2.1136573E-008
3.2046400E-003   1.9816627E-008
3.3556700E-003   1.8591300E-008
3.5138100E-003   1.7436788E-008
3.6794100E-003   1.6071938E-008
3.8528200E-003   1.5073629E-008
4.0344000E-003   1.3974672E-008
4.2245300E-003   1.2899088E-008
4.4236300E-003   1.1770840E-008
4.6321100E-003   1.1037657E-008
4.8504100E-003   9.8555049E-009
5.0790100E-003   8.9226742E-009
5.3183700E-003   8.1450002E-009
5.5690200E-003   7.4351050E-009
5.8314800E-003   6.9435910E-009
6.1063100E-003   6.2583552E-009
6.3940900E-003   5.6555551E-009
6.6954300E-003   5.2816822E-009
7.0109800E-003   4.8213460E-009
7.3414000E-003   4.4011319E-009
7.6873900E-003   4.0153809E-009
8.0496800E-003   3.6673840E-009
8.4290500E-003   3.3477461E-009
8.8263000E-003   3.0863201E-009
9.2422700E-003   2.8024301E-009
9.6778500E-003   2.5531690E-009
1.0133900E-002   2.3329820E-009
1.0611500E-002   2.1069371E-009
1.1111700E-002   1.9083470E-009
1.1635300E-002   1.6985900E-009
1.2183700E-002   1.5295950E-009
1.2757900E-002   1.3614680E-009
1.3359100E-002   1.2118220E-009
1.3988700E-002   1.0912560E-009
1.4648000E-002   9.8298403E-010
1.5338400E-002   8.9528102E-010
1.6061200E-002   7.9687601E-010
1.6818200E-002   7.2599798E-010
1.7610800E-002   6.4619998E-010
1.8440800E-002   5.8872401E-010
1.9309800E-002   5.3015098E-010
2.0219900E-002   4.7740600E-010
2.1172800E-002   4.2990800E-010
2.2170700E-002   3.9167000E-010
2.3215500E-002   3.5270201E-010
 9
 1   2   3   4
 xy
 100
1.0133900E-003   9.4726303E-008
1.0611500E-003   8.9730726E-008
1.1111700E-003   8.5924626E-008
1.1635300E-003   8.1393217E-008
1.2183700E-003   7.7100786E-008
1.2757900E-003   7.2247616E-008
1.3359100E-003   6.7848900E-008
1.3988700E-003   6.3438506E-008
1.4648000E-003   5.9807800E-008
1.5338400E-003   5.6775600E-008
1.6061200E-003   5.3280900E-008
1.6818200E-003   5.0169300E-008
1.7610800E-003   4.8476700E-008
1.8440800E-003   4.6064496E-008
1.9309800E-003   4.3019302E-008
2.0219900E-003   4.0244441E-008
2.1172800E-003   3.7711221E-008
2.2170700E-003   3.5722444E-008
2.3215500E-003   3.3473867E-008
2.4309700E-003   3.1264356E-008
2.5455300E-003   2.9392417E-008
2.6655000E-003   2.7697000E-008
2.7911200E-003   2.6168400E-008
2.9226600E-003   2.4329804E-008
3.0604000E-003   2.2888500E-008
3.2046400E-003   2.1006462E-008
3.3556700E-003   1.9648677E-008
3.5138100E-003   1.8197008E-008
3.6794100E-003   1.6512841E-008
3.8528200E-003   1.5313500E-008
4.0344000E-003   1.4355000E-008
4.2245300E-003   1.3523100E-008
4.4236300E-003   1.2882100E-008
4.6321100E-003   1.2000737E-008
4.8504100E-003   1.1207402E-008
5.0790100E-003   1.0386533E-008
5.3183700E-003   9.4156016E-009
5.5690200E-003   8.6891809E-009
5.8314800E-003   8.1113081E-009
6.1063100E-003   7.4001472E-009
6.3940900E-003   6.7870829E-009
6.6954300E-003   6.2304659E-009
7.0109800E-003   5.6184800E-009
7.3414000E-003   4.9834700E-009
7.6873900E-003   4.5026209E-009
8.0496800E-003   4.1101851E-009
8.4290500E-003   3.6673840E-009
8.8263000E-003   3.2722880E-009
9.2422700E-003   2.9197560E-009
9.6778500E-003   2.6057949E-009
1.0133900E-002   2.3245379E-009
1.0611500E-002   2.0852060E-009
1.1111700E-002   1.8881000E-009
1.1635300E-002   1.6764490E-009
1.2183700E-002   1.5094670E-009
1.2757900E-002   1.3692120E-009
1.3359100E-002   1.2164840E-009
1.3988700E-002   1.0940180E-009
1.4648000E-002   9.9999997E-010
1.5338400E-002   8.9562802E-010
1.6061200E-002   8.0967300E-010
1.6818200E-002   7.3624301E-010
1.7610800E-002   6.5556999E-010
1.8440800E-002   5.8989402E-010
1.9309800E-002   5.3784699E-010
2.0219900E-002   4.7762100E-010
2.1172800E-002   4.3548001E-010
2.2170700E-002   3.9185299E-010
2.3215500E-002   3.5843001E-010
 10
 1   2   3   4
 xy
 100
1.0133900E-003   8.6929500E-008
1.0611500E-003   8.3509800E-008
1.1111700E-003   7.9426800E-008
1.1635300E-003   7.6163700E-008
1.2183700E-003   7.3020600E-008
1.2757900E-003   6.8978600E-008
1.3359100E-003   6.6034700E-008
1.3988700E-003   6.1930919E-008
1.4648000E-003   5.9340000E-008
1.5338400E-003   5.7158000E-008
1.6061200E-003   5.3774300E-008
1.6818200E-003   5.0861700E-008
1.7610800E-003   4.8545100E-008
1.8440800E-003   4.5451200E-008
1.9309800E-003   4.2924600E-008
2.0219900E-003   4.0460200E-008
2.1172800E-003   3.8115200E-008
2.2170700E-003   3.5900500E-008
2.3215500E-003   3.3310600E-008
2.4309700E-003   3.1477500E-008
2.5455300E-003   2.9590300E-008
2.6655000E-003   2.7548900E-008
2.7911200E-003   2.5934600E-008
2.9226600E-003   2.4331900E-008
3.0604000E-003   2.2230400E-008
3.2046400E-003   2.0942600E-008
3.3556700E-003   1.9691600E-008
3.5138100E-003   1.8212100E-008
3.6794100E-003   1.7258149E-008
3.8528200E-003   1.5749700E-008
4.0344000E-003   1.4710589E-008
4.2245300E-003   1.3664900E-008
4.4236300E-003   1.2385700E-008
4.6321100E-003   1.1730241E-008
4.8504100E-003   1.0707867E-008
5.0790100E-003   9.8677839E-009
5.3183700E-003   9.0621600E-009
5.5690200E-003   8.1738900E-009
5.8314800E-003   7.4467600E-009
6.1063100E-003   6.7295800E-009
6.3940900E-003   6.2215400E-009
6.6954300E-003   5.7220600E-009
7.0109800E-003   5.2091038E-009
7.3414000E-003   4.7155200E-009
7.6873900E-003   4.3814561E-009
8.0496800E-003   3.9804700E-009
8.4290500E-003   3.6274800E-009
8.8263000E-003   3.2262200E-009
9.2422700E-003   2.8942400E-009
9.6778500E-003   2.6072640E-009
1.0133900E-002   2.3312000E-009
1.0611500E-002   2.0560700E-009
1.1111700E-002   1.8692881E-009
1.1635300E-002   1.6582620E-009
1.2183700E-002   1.4661900E-009
1.2757900E-002   1.3082600E-009
1.3359100E-002   1.2048270E-009
1.3988700E-002   1.0831340E-009
1.4648000E-002   9.7023100E-010
1.5338400E-002   8.7215601E-010
1.6061200E-002   7.7736800E-010
1.6818200E-002   7.0747502E-010
1.7610800E-002   6.5317401E-010
1.8440800E-002   5.8720001E-010
1.9309800E-002   5.2789001E-010
2.0219900E-002   4.8092902E-010
2.1172800E-002   4.3235299E-010
2.2170700E-002   3.8868300E-010
2.3215500E-002   3.4942399E-010
 11
 1   2   3   4
 xy
 100
1.0133900E-003   9.8421850E-008
1.0611500E-003   9.3835276E-008
1.1111700E-003   8.8050598E-008
1.1635300E-003   8.3579900E-008
1.2183700E-003   7.8772217E-008
1.2757900E-003   7.3916127E-008
1.3359100E-003   6.9359402E-008
1.3988700E-003   6.6127171E-008
1.4648000E-003   6.3045569E-008
1.5338400E-003   5.8225371E-008
1.6061200E-003   5.4466810E-008
1.6818200E-003   5.1267786E-008
1.7610800E-003   4.7714400E-008
1.8440800E-003   4.5026205E-008
1.9309800E-003   4.3037939E-008
2.0219900E-003   4.1101853E-008
2.1172800E-003   3.8502790E-008
2.2170700E-003   3.5949800E-008
2.3215500E-003   3.3650800E-008
2.4309700E-003   3.1811979E-008
2.5455300E-003   2.9870847E-008
2.6655000E-003   2.7267390E-008
2.7911200E-003   2.5485717E-008
2.9226600E-003   2.3781411E-008
3.0604000E-003   2.2209289E-008
3.2046400E-003   2.0717714E-008
3.3556700E-003   1.8933362E-008
3.5138100E-003   1.7659465E-008
3.6794100E-003   1.6140643E-008
3.8528200E-003   1.5073629E-008
4.0344000E-003   1.3764700E-008
4.2245300E-003   1.2850230E-008
4.4236300E-003   1.2000737E-008
4.6321100E-003   1.0954788E-008
4.8504100E-003   1.0230597E-008
5.0790100E-003   9.3389279E-009
5.3183700E-003   8.7559300E-009
5.5690200E-003   8.1450002E-009
5.8314800E-003   7.4035900E-009
6.1063100E-003   6.9435910E-009
6.3940900E-003   6.2696900E-009
6.6954300E-003   5.7859708E-009
7.0109800E-003   5.1883098E-009
7.3414000E-003   4.5683382E-009
7.6873900E-003   4.1524788E-009
8.0496800E-003   3.7519530E-009
8.4290500E-003   3.4249441E-009
8.8263000E-003   3.1242990E-009
9.2422700E-003   2.8539451E-009
9.6778500E-003   2.6052029E-009
1.0133900E-002   2.3420861E-009
1.0611500E-002   2.1224460E-009
1.1111700E-002   1.9045521E-009
1.1635300E-002   1.7283180E-009
1.2183700E-002   1.5881790E-009
1.2757900E-002   1.4077149E-009
1.3359100E-002   1.2796200E-009
1.3988700E-002   1.1730240E-009
1.4648000E-002   1.0707870E-009
1.5338400E-002   9.5542796E-010
1.6061200E-002   8.5249702E-010
1.6818200E-002   7.6065598E-010
1.7610800E-002   6.7466099E-010
1.8440800E-002   6.1955402E-010
1.9309800E-002   5.5955302E-010
2.0219900E-002   4.9325299E-010
2.1172800E-002   4.4783999E-010
2.2170700E-002   3.9432599E-010
2.3215500E-002   3.5277301E-010
 12
 1   2   3   4
 xy
 100
1.0133900E-003   9.7674878E-008
1.0611500E-003   9.5403820E-008
1.1111700E-003   9.1018890E-008
1.1635300E-003   8.5820048E-008
1.2183700E-003   8.0813329E-008
1.2757900E-003   7.4960063E-008
1.3359100E-003   7.0407523E-008
1.3988700E-003   6.6131470E-008
1.4648000E-003   6.1341602E-008
1.5338400E-003   5.8342682E-008
1.6061200E-003   5.4799361E-008
1.6818200E-003   5.0830273E-008
1.7610800E-003   4.7743203E-008
1.8440800E-003   4.4668800E-008
1.9309800E-003   4.2120138E-008
2.0219900E-003   3.9069398E-008
2.1172800E-003   3.7159342E-008
2.2170700E-003   3.4850400E-008
2.3215500E-003   3.3063500E-008
2.4309700E-003   3.1180104E-008
2.5455300E-003   3.0147000E-008
2.6655000E-003   2.7896167E-008
2.7911200E-003   2.6162972E-008
2.9226600E-003   2.4329804E-008
3.0604000E-003   2.2794136E-008
3.2046400E-003   2.1219378E-008
3.3556700E-003   1.9816627E-008
3.5138100E-003   1.8506604E-008
3.6794100E-003   1.6893623E-008
3.8528200E-003   1.6140643E-008
4.0344000E-003   1.4792900E-008
4.2245300E-003   1.3830800E-008
4.4236300E-003   1.2808049E-008
4.6321100E-003   1.2000737E-008
4.8504100E-003   1.1019880E-008
5.0790100E-003   1.0116600E-008
5.3183700E-003   9.3389279E-009
5.5690200E-003   8.7946317E-009
5.8314800E-003   8.1450002E-009
6.1063100E-003   7.4351050E-009
6.3940900E-003   6.8450108E-009
6.6954300E-003   6.1955410E-009
7.0109800E-003   5.7859708E-009
7.3414000E-003   5.2816822E-009
7.6873900E-003   4.7126729E-009
8.0496800E-003   4.3019299E-009
8.4290500E-003   3.8384722E-009
8.8263000E-003   3.5232119E-009
9.2422700E-003   3.1985301E-009
9.6778500E-003   2.8539451E-009
1.0133900E-002   2.5464819E-009
1.0611500E-002   2.3727300E-009
1.1111700E-002   2.1708690E-009
1.1635300E-002   1.9369959E-009
1.2183700E-002   1.7681731E-009
1.2757900E-002   1.6140640E-009
1.3359100E-002   1.4401770E-009
1.3988700E-002   1.3010500E-009
1.4648000E-002   1.1670100E-009
1.5338400E-002   1.0230600E-009
1.6061200E-002   9.3340002E-010
1.6818200E-002   8.3896200E-010
1.7610800E-002   7.5431200E-010
1.8440800E-002   6.6547101E-010
1.9309800E-002   6.0199401E-010
2.0219900E-002   5.4457100E-010
2.1172800E-002   4.9883803E-010
2.2170700E-002   4.5125501E-010
2.3215500E-002   3.9810699E-010
 13
 1   2   3   4
 xy
 100
1.0133900E-003   8.7997100E-008
1.0611500E-003   8.3669100E-008
1.1111700E-003   8.1634305E-008
1.1635300E-003   7.7757100E-008
1.2183700E-003   7.2998000E-008
1.2757900E-003   7.0191300E-008
1.3359100E-003   6.6445400E-008
1.3988700E-003   6.3320700E-008
1.4648000E-003   5.9913300E-008
1.5338400E-003   5.7553700E-008
1.6061200E-003   5.4530800E-008
1.6818200E-003   5.2003703E-008
1.7610800E-003   4.9104700E-008
1.8440800E-003   4.5490900E-008
1.9309800E-003   4.3629800E-008
2.0219900E-003   4.0872900E-008
2.1172800E-003   3.8475900E-008
2.2170700E-003   3.6268900E-008
2.3215500E-003   3.4032200E-008
2.4309700E-003   3.2146300E-008
2.5455300E-003   3.0006600E-008
2.6655000E-003   2.8291266E-008
2.7911200E-003   2.6652785E-008
2.9226600E-003   2.4622000E-008
3.0604000E-003   2.3085900E-008
3.2046400E-003   2.1708692E-008
3.3556700E-003   1.9938100E-008
3.5138100E-003   1.8433418E-008
3.6794100E-003   1.7383500E-008
3.8528200E-003   1.5882300E-008
4.0344000E-003   1.4879304E-008
4.2245300E-003   1.3891500E-008
4.4236300E-003   1.2923100E-008
4.6321100E-003   1.1743100E-008
4.8504100E-003   1.1099097E-008
5.0790100E-003   1.0141915E-008
5.3183700E-003   9.2975000E-009
5.5690200E-003   8.5640766E-009
5.8314800E-003   7.9376300E-009
6.1063100E-003   7.4351050E-009
6.3940900E-003   6.7267800E-009
6.6954300E-003   6.1955410E-009
7.0109800E-003   5.5950700E-009
7.3414000E-003   4.9934200E-009
7.6873900E-003   4.5640300E-009
8.0496800E-003   4.2095438E-009
8.4290500E-003   3.8122100E-009
8.8263000E-003   3.5039220E-009
9.2422700E-003   3.1763500E-009
9.6778500E-003   2.8539451E-009
1.0133900E-002   2.5813600E-009
1.0611500E-002   2.3073600E-009
1.1111700E-002   2.0890000E-009
1.1635300E-002   1.8485440E-009
1.2183700E-002   1.6677500E-009
1.2757900E-002   1.4733870E-009
1.3359100E-002   1.3146551E-009
1.3988700E-002   1.1730240E-009
1.4648000E-002   1.0707870E-009
1.5338400E-002   9.7746000E-010
1.6061200E-002   8.9226698E-010
1.6818200E-002   7.9614099E-010
1.7610800E-002   7.1037098E-010
1.8440800E-002   6.3384098E-010
1.9309800E-002   5.7859700E-010
2.0219900E-002   5.2816801E-010
2.1172800E-002   4.7882000E-010
2.2170700E-002   4.4161400E-010
2.3215500E-002   4.0810400E-010
 14
 1   2   3   4
 xy
 100
1.0133900E-003   8.5520700E-008
1.0611500E-003   8.1648300E-008
1.1111700E-003   7.8015600E-008
1.1635300E-003   7.5446500E-008
1.2183700E-003   7.1587300E-008
1.2757900E-003   6.8425500E-008
1.3359100E-003   6.5129100E-008
1.3988700E-003   6.1906500E-008
1.4648000E-003   5.9116400E-008
1.5338400E-003   5.5946900E-008
1.6061200E-003   5.3518200E-008
1.6818200E-003   5.0615700E-008
1.7610800E-003   4.7670900E-008
1.8440800E-003   4.5356800E-008
1.9309800E-003   4.2396200E-008
2.0219900E-003   4.0337200E-008
2.1172800E-003   3.8186700E-008
2.2170700E-003   3.5409600E-008
2.3215500E-003   3.3728000E-008
2.4309700E-003   3.1453800E-008
2.5455300E-003   2.9932900E-008
2.6655000E-003   2.7951900E-008
2.7911200E-003   2.6002700E-008
2.9226600E-003   2.4200560E-008
3.0604000E-003   2.2497500E-008
3.2046400E-003   2.1235000E-008
3.3556700E-003   1.9659600E-008
3.5138100E-003   1.8403000E-008
3.6794100E-003   1.7098500E-008
3.8528200E-003   1.5994000E-008
4.0344000E-003   1.4726400E-008
4.2245300E-003   1.3717000E-008
4.4236300E-003   1.2676900E-008
4.6321100E-003   1.1727700E-008
4.8504100E-003   1.0617100E-008
5.0790100E-003   9.8838500E-009
5.3183700E-003   9.0810400E-009
5.5690200E-003   8.5041400E-009
5.8314800E-003   7.7958000E-009
6.1063100E-003   7.0763200E-009
6.3940900E-003   6.4355300E-009
6.6954300E-003   5.7445100E-009
7.0109800E-003   5.2816822E-009
7.3414000E-003   4.9325251E-009
7.6873900E-003   4.5026209E-009
8.0496800E-003   4.0659600E-009
8.4290500E-003   3.6673840E-009
8.8263000E-003   3.3477461E-009
9.2422700E-003   3.0206659E-009
9.6778500E-003   2.7170200E-009
1.0133900E-002   2.4890840E-009
1.0611500E-002   2.2476720E-009
1.1111700E-002   2.0273589E-009
1.1635300E-002   1.8283700E-009
1.2183700E-002   1.6724890E-009
1.2757900E-002   1.5215460E-009
1.3359100E-002   1.3759860E-009
1.3988700E-002   1.2560590E-009
1.4648000E-002   1.1224600E-009
1.5338400E-002   1.0240800E-009
1.6061200E-002   9.3389296E-010
1.6818200E-002   8.5249702E-010
1.7610800E-002   7.7819601E-010
1.8440800E-002   7.0302500E-010
1.9309800E-002   6.3384098E-010
2.0219900E-002   5.7029198E-010
2.1172800E-002   5.0669902E-010
2.2170700E-002   4.6096901E-010
2.3215500E-002   4.2435400E-010
 15
 1   2   3   4
 xy
 100
1.0133900E-003   9.2688000E-008
1.0611500E-003   8.8621500E-008
1.1111700E-003   8.4237100E-008
1.1635300E-003   8.0723000E-008
1.2183700E-003   7.6600500E-008
1.2757900E-003   7.2455900E-008
1.3359100E-003   6.9451900E-008
1.3988700E-003   6.4976900E-008
1.4648000E-003   6.2005100E-008
1.5338400E-003   5.8546000E-008
1.6061200E-003   5.5718700E-008
1.6818200E-003   5.2172900E-008
1.7610800E-003   4.9213900E-008
1.8440800E-003   4.6641000E-008
1.9309800E-003   4.3502900E-008
2.0219900E-003   4.1310300E-008
2.1172800E-003   3.8456100E-008
2.2170700E-003   3.6405300E-008
2.3215500E-003   3.3982500E-008
2.4309700E-003   3.1814700E-008
2.5455300E-003   2.9463300E-008
2.6655000E-003   2.7673600E-008
2.7911200E-003   2.5744600E-008
2.9226600E-003   2.4108100E-008
3.0604000E-003   2.2431200E-008
3.2046400E-003   2.1181332E-008
3.3556700E-003   1.9532100E-008
3.5138100E-003   1.7967900E-008
3.6794100E-003   1.6583100E-008
3.8528200E-003   1.5391800E-008
4.0344000E-003   1.4256100E-008
4.2245300E-003   1.3168400E-008
4.4236300E-003   1.2139800E-008
4.6321100E-003   1.1165300E-008
4.8504100E-003   1.0258175E-008
5.0790100E-003   9.2638111E-009
5.3183700E-003   8.5208500E-009
5.5690200E-003   7.9015900E-009
5.8314800E-003   7.3357700E-009
6.1063100E-003   6.7721000E-009
6.3940900E-003   6.1503900E-009
6.6954300E-003   5.5340000E-009
7.0109800E-003   4.9912900E-009
7.3414000E-003   4.4400000E-009
7.6873900E-003   4.0448000E-009
8.0496800E-003   3.6313600E-009
8.4290500E-003   3.3514300E-009
8.8263000E-003   3.0591700E-009
9.2422700E-003   2.7351300E-009
9.6778500E-003   2.4611830E-009
1.0133900E-002   2.2371300E-009
1.0611500E-002   2.0071651E-009
1.1111700E-002   1.8089470E-009
1.1635300E-002   1.6399500E-009
1.2183700E-002   1.4733870E-009
1.2757900E-002   1.3146551E-009
1.3359100E-002   1.1730240E-009
1.3988700E-002   1.0523020E-009
1.4648000E-002   9.4186400E-010
1.5338400E-002   8.5249702E-010
1.6061200E-002   7.7499501E-010
1.6818200E-002   7.0784600E-010
1.7610800E-002   6.4651401E-010
1.8440800E-002   5.7076499E-010
1.9309800E-002   5.0963200E-010
2.0219900E-002   4.6547499E-010
2.1172800E-002   4.1093801E-010
2.2170700E-002   3.7533199E-010
2.3215500E-002   3.3135600E-010
 16
 1   2   3   4
 xy
 100
1.0133900E-003   9.0577800E-008
1.0611500E-003   8.6821200E-008
1.1111700E-003   8.2622900E-008
1.1635300E-003   7.9157000E-008
1.2183700E-003   7.6023800E-008
1.2757900E-003   7.2144600E-008
1.3359100E-003   6.8629400E-008
1.3988700E-003   6.5310800E-008
1.4648000E-003   6.1604000E-008
1.5338400E-003   5.8502100E-008
1.6061200E-003   5.5660100E-008
1.6818200E-003   5.2492000E-008
1.7610800E-003   4.9480100E-008
1.8440800E-003   4.7275200E-008
1.9309800E-003   4.4439421E-008
2.0219900E-003   4.1732600E-008
2.1172800E-003   3.8937700E-008
2.2170700E-003   3.6857600E-008
2.3215500E-003   3.4330900E-008
2.4309700E-003   3.2519800E-008
2.5455300E-003   3.0293600E-008
2.6655000E-003   2.8346100E-008
2.7911200E-003   2.6709200E-008
2.9226600E-003   2.4786200E-008
3.0604000E-003   2.2894600E-008
3.2046400E-003   2.1359100E-008
3.3556700E-003   1.9959200E-008
3.5138100E-003   1.8436600E-008
3.6794100E-003   1.7094000E-008
3.8528200E-003   1.5746900E-008
4.0344000E-003   1.4793960E-008
4.2245300E-003   1.3386241E-008
4.4236300E-003   1.2359300E-008
4.6321100E-003   1.1391900E-008
4.8504100E-003   1.0607600E-008
5.0790100E-003   9.8415500E-009
5.3183700E-003   8.9282800E-009
5.5690200E-003   8.1391000E-009
5.8314800E-003   7.4783300E-009
6.1063100E-003   6.8731079E-009
6.3940900E-003   6.2885781E-009
6.6954300E-003   5.7052100E-009
7.0109800E-003   5.1880200E-009
7.3414000E-003   4.7108588E-009
7.6873900E-003   4.2492000E-009
8.0496800E-003   3.8143750E-009
8.4290500E-003   3.3732900E-009
8.8263000E-003   3.0133900E-009
9.2422700E-003   2.6913000E-009
9.6778500E-003   2.4457929E-009
1.0133900E-002   2.1886131E-009
1.0611500E-002   1.9369959E-009
1.1111700E-002   1.7283180E-009
1.1635300E-002   1.5421220E-009
1.2183700E-002   1.3878420E-009
1.2757900E-002   1.2308600E-009
1.3359100E-002   1.1252500E-009
1.3988700E-002   1.0168050E-009
1.4648000E-002   9.1942000E-010
1.5338400E-002   8.2330498E-010
1.6061200E-002   7.4351098E-010
1.6818200E-002   6.6672600E-010
1.7610800E-002   6.1955402E-010
1.8440800E-002   5.5280802E-010
1.9309800E-002   5.1060101E-010
2.0219900E-002   4.7126703E-010
2.1172800E-002   4.3222101E-010
2.2170700E-002   3.9546200E-010
2.3215500E-002   3.5783199E-010
 17
 1   2   3   4
 xy
 100
1.0133900E-003   9.2028300E-008
1.0611500E-003   8.8703300E-008
1.1111700E-003   8.4857400E-008
1.1635300E-003   8.0935900E-008
1.2183700E-003   7.7025400E-008
1.2757900E-003   7.3351300E-008
1.3359100E-003   7.0287100E-008
1.3988700E-003   6.6668900E-008
1.4648000E-003   6.3492800E-008
1.5338400E-003   6.0279500E-008
1.6061200E-003   5.7232200E-008
1.6818200E-003   5.3906100E-008
1.7610800E-003   5.1295900E-008
1.8440800E-003   4.8047800E-008
1.9309800E-003   4.5853800E-008
2.0219900E-003   4.2888100E-008
2.1172800E-003   4.0507300E-008
2.2170700E-003   3.8198100E-008
2.3215500E-003   3.5397500E-008
2.4309700E-003   3.3561600E-008
2.5455300E-003   3.1130100E-008
2.6655000E-003   2.9061900E-008
2.7911200E-003   2.7361500E-008
2.9226600E-003   2.5633100E-008
3.0604000E-003   2.3893000E-008
3.2046400E-003   2.2464231E-008
3.3556700E-003   2.0485800E-008
3.5138100E-003   1.9064900E-008
3.6794100E-003   1.7747800E-008
3.8528200E-003   1.6315400E-008
4.0344000E-003   1.5145559E-008
4.2245300E-003   1.3930570E-008
4.4236300E-003   1.2941800E-008
4.6321100E-003   1.1856300E-008
4.8504100E-003   1.0930700E-008
5.0790100E-003   9.8787400E-009
5.3183700E-003   9.2642900E-009
5.5690200E-003   8.5478900E-009
5.8314800E-003   7.8513009E-009
6.1063100E-003   7.1037092E-009
6.3940900E-003   6.4845702E-009
6.6954300E-003   5.9650769E-009
7.0109800E-003   5.4163200E-009
7.3414000E-003   4.9325251E-009
7.6873900E-003   4.5222200E-009
8.0496800E-003   3.9563100E-009
8.4290500E-003   3.6115300E-009
8.8263000E-003   3.2825600E-009
9.2422700E-003   2.9009600E-009
9.6778500E-003   2.6052029E-009
1.0133900E-002   2.3781410E-009
1.0611500E-002   2.1352180E-009
1.1111700E-002   1.8998500E-009
1.1635300E-002   1.7016450E-009
1.2183700E-002   1.5073630E-009
1.2757900E-002   1.3449710E-009
1.3359100E-002   1.2277470E-009
1.3988700E-002   1.0707870E-009
1.4648000E-002   9.3389296E-010
1.5338400E-002   8.2780500E-010
1.6061200E-002   7.2675199E-010
1.6818200E-002   6.4660000E-010
1.7610800E-002   5.8766703E-010
1.8440800E-002   5.2816801E-010
1.9309800E-002   4.7126703E-010
2.0219900E-002   4.3023100E-010
2.1172800E-002   3.8685499E-010
2.2170700E-002   3.5159600E-010
2.3215500E-002   3.1200600E-010
 18
 1   2   3   4
 xy
 100
1.0133900E-003   9.3807500E-008
1.0611500E-003   8.9961800E-008
1.1111700E-003   8.5883900E-008
1.1635300E-003   8.2106500E-008
1.2183700E-003   7.8583500E-008
1.2757900E-003   7.4529700E-008
1.3359100E-003   7.0765700E-008
1.3988700E-003   6.7783200E-008
1.4648000E-003   6.4607800E-008
1.5338400E-003   6.0610500E-008
1.6061200E-003   5.7766900E-008
1.6818200E-003   5.4971300E-008
1.7610800E-003   5.1283100E-008
1.8440800E-003   4.8889600E-008
1.9309800E-003   4.6116500E-008
2.0219900E-003   4.3321700E-008
2.1172800E-003   4.1159100E-008
2.2170700E-003   3.8036500E-008
2.3215500E-003   3.5622477E-008
2.4309700E-003   3.3403400E-008
2.5455300E-003   3.1759400E-008
2.6655000E-003   2.9645500E-008
2.7911200E-003   2.7483600E-008
2.9226600E-003   2.5815800E-008
3.0604000E-003   2.3712900E-008
3.2046400E-003   2.2490700E-008
3.3556700E-003   2.0753900E-008
3.5138100E-003   1.9306977E-008
3.6794100E-003   1.7957300E-008
3.8528200E-003   1.6534900E-008
4.0344000E-003   1.5155200E-008
4.2245300E-003   1.3998600E-008
4.4236300E-003   1.3014300E-008
4.6321100E-003   1.1882600E-008
4.8504100E-003   1.1027700E-008
5.0790100E-003   1.0229448E-008
5.3183700E-003   9.2054400E-009
5.5690200E-003   8.3598800E-009
5.8314800E-003   7.6547900E-009
6.1063100E-003   6.9560788E-009
6.3940900E-003   6.4247700E-009
6.6954300E-003   5.7961900E-009
7.0109800E-003   5.2385589E-009
7.3414000E-003   4.7506200E-009
7.6873900E-003   4.2711208E-009
8.0496800E-003   3.8566199E-009
8.4290500E-003   3.4728900E-009
8.8263000E-003   3.1443941E-009
9.2422700E-003   2.8672800E-009
9.6778500E-003   2.6052029E-009
1.0133900E-002   2.3413060E-009
1.0611500E-002   2.1140880E-009
1.1111700E-002   1.8801900E-009
1.1635300E-002   1.6801400E-009
1.2183700E-002   1.5073630E-009
1.2757900E-002   1.3449710E-009
1.3359100E-002   1.2126730E-009
1.3988700E-002   1.0707870E-009
1.4648000E-002   9.5564301E-010
1.5338400E-002   8.5249702E-010
1.6061200E-002   7.6065598E-010
1.6818200E-002   6.9435901E-010
1.7610800E-002   6.1955402E-010
1.8440800E-002   5.5280802E-010
1.9309800E-002   4.9325299E-010
2.0219900E-002   4.4189599E-010
2.1172800E-002   3.9901099E-010
2.2170700E-002   3.6028799E-010
2.3215500E-002   3.2532299E-010
 19
 1   2   3   4
 xy
 100
1.0133900E-003   9.3907300E-008
1.0611500E-003   9.0205800E-008
1.1111700E-003   8.6312400E-008
1.1635300E-003   8.2267700E-008
1.2183700E-003   7.8945300E-008
1.2757900E-003   7.5506400E-008
1.3359100E-003   7.1743300E-008
1.3988700E-003   6.8105700E-008
1.4648000E-003   6.5178300E-008
1.5338400E-003   6.1809100E-008
1.6061200E-003   5.8349500E-008
1.6818200E-003   5.5632600E-008
1.7610800E-003   5.2714300E-008
1.8440800E-003   4.9517600E-008
1.9309800E-003   4.7054500E-008
2.0219900E-003   4.4225600E-008
2.1172800E-003   4.1755000E-008
2.2170700E-003   3.9184900E-008
2.3215500E-003   3.6756400E-008
2.4309700E-003   3.4363700E-008
2.5455300E-003   3.2476700E-008
2.6655000E-003   3.0188200E-008
2.7911200E-003   2.8497600E-008
2.9226600E-003   2.6572085E-008
3.0604000E-003   2.4670000E-008
3.2046400E-003   2.3105700E-008
3.3556700E-003   2.1306900E-008
3.5138100E-003   1.9823500E-008
3.6794100E-003   1.8426600E-008
3.8528200E-003   1.7116700E-008
4.0344000E-003   1.5797000E-008
4.2245300E-003   1.4656300E-008
4.4236300E-003   1.3422600E-008
4.6321100E-003   1.2268600E-008
4.8504100E-003   1.1366800E-008
5.0790100E-003   1.0426483E-008
5.3183700E-003   9.6215300E-009
5.5690200E-003   8.7246841E-009
5.8314800E-003   7.9744200E-009
6.1063100E-003   7.2375500E-009
6.3940900E-003   6.6481600E-009
6.6954300E-003   6.0807000E-009
7.0109800E-003   5.5264029E-009
7.3414000E-003   4.9775100E-009
7.6873900E-003   4.4724362E-009
8.0496800E-003   4.0177900E-009
8.4290500E-003   3.6789000E-009
8.8263000E-003   3.3050600E-009
9.2422700E-003   3.0548500E-009
9.6778500E-003   2.7705340E-009
1.0133900E-002   2.4880400E-009
1.0611500E-002   2.2460000E-009
1.1111700E-002   1.9840500E-009
1.1635300E-002   1.8053200E-009
1.2183700E-002   1.6233010E-009
1.2757900E-002   1.4522170E-009
1.3359100E-002   1.3137130E-009
1.3988700E-002   1.1752570E-009
1.4648000E-002   1.0397490E-009
1.5338400E-002   9.3016700E-010
1.6061200E-002   8.2291801E-010
1.6818200E-002   7.4443302E-010
1.7610800E-002   6.5860001E-010
1.8440800E-002   5.9578698E-010
1.9309800E-002   5.3299498E-010
2.0219900E-002   4.8216098E-010
2.1172800E-002   4.2656800E-010
2.2170700E-002   3.8588399E-010
2.3215500E-002   3.4139200E-010
 20
 1   2   3   4
 xy
 100
1.0133900E-003   9.3952400E-008
1.0611500E-003   9.0490500E-008
1.1111700E-003   8.6757400E-008
1.1635300E-003   8.2179000E-008
1.2183700E-003   7.8779600E-008
1.2757900E-003   7.5885300E-008
1.3359100E-003   7.2158100E-008
1.3988700E-003   6.8117200E-008
1.4648000E-003   6.4964300E-008
1.5338400E-003   6.1831900E-008
1.6061200E-003   5.8673900E-008
1.6818200E-003   5.5496300E-008
1.7610800E-003   5.2862700E-008
1.8440800E-003   5.0341143E-008
1.9309800E-003   4.6864000E-008
2.0219900E-003   4.4089100E-008
2.1172800E-003   4.1401700E-008
2.2170700E-003   3.8915600E-008
2.3215500E-003   3.6692600E-008
2.4309700E-003   3.4340600E-008
2.5455300E-003   3.2285900E-008
2.6655000E-003   3.0003600E-008
2.7911200E-003   2.8226100E-008
2.9226600E-003   2.6027100E-008
3.0604000E-003   2.4595000E-008
3.2046400E-003   2.2704900E-008
3.3556700E-003   2.1135600E-008
3.5138100E-003   1.9534000E-008
3.6794100E-003   1.8328800E-008
3.8528200E-003   1.6748300E-008
4.0344000E-003   1.5630700E-008
4.2245300E-003   1.4343000E-008
4.4236300E-003   1.3125500E-008
4.6321100E-003   1.2107300E-008
4.8504100E-003   1.1294958E-008
5.0790100E-003   1.0309900E-008
5.3183700E-003   9.3831300E-009
5.5690200E-003   8.5643093E-009
5.8314800E-003   7.8384597E-009
6.1063100E-003   7.1212100E-009
6.3940900E-003   6.5773200E-009
6.6954300E-003   6.0558931E-009
7.0109800E-003   5.4465500E-009
7.3414000E-003   5.0180700E-009
7.6873900E-003   4.5048100E-009
8.0496800E-003   4.0343102E-009
8.4290500E-003   3.6795600E-009
8.8263000E-003   3.3054510E-009
9.2422700E-003   2.9870850E-009
9.6778500E-003   2.7001700E-009
1.0133900E-002   2.4329800E-009
1.0611500E-002   2.1708690E-009
1.1111700E-002   1.9646900E-009
1.1635300E-002   1.7681731E-009
1.2183700E-002   1.5732450E-009
1.2757900E-002   1.4094140E-009
1.3359100E-002   1.2617160E-009
1.3988700E-002   1.1294961E-009
1.4648000E-002   9.9999997E-010
1.5338400E-002   8.9226698E-010
1.6061200E-002   7.9407300E-010
1.6818200E-002   6.9770900E-010
1.7610800E-002   6.1955402E-010
1.8440800E-002   5.5280802E-010
1.9309800E-002   4.8213500E-010
2.0219900E-002   4.2049600E-010
2.1172800E-002   3.6923900E-010
2.2170700E-002   3.2381500E-010
2.3215500E-002   2.8534999E-010
 21
 1   2   3   4
 xy
 100
1.0133900E-003   9.2789200E-008
1.0611500E-003   8.9419800E-008
1.1111700E-003   8.5588300E-008
1.1635300E-003   8.1828700E-008
1.2183700E-003   7.8426200E-008
1.2757900E-003   7.5127500E-008
1.3359100E-003   7.1419600E-008
1.3988700E-003   6.7889700E-008
1.4648000E-003   6.4913200E-008
1.5338400E-003   6.1677900E-008
1.6061200E-003   5.7936900E-008
1.6818200E-003   5.5232900E-008
1.7610800E-003   5.2518700E-008
1.8440800E-003   4.9804715E-008
1.9309800E-003   4.7152900E-008
2.0219900E-003   4.4182100E-008
2.1172800E-003   4.1583900E-008
2.2170700E-003   3.8970900E-008
2.3215500E-003   3.6743200E-008
2.4309700E-003   3.4447000E-008
2.5455300E-003   3.2277200E-008
2.6655000E-003   3.0423900E-008
2.7911200E-003   2.8455900E-008
2.9226600E-003   2.6870788E-008
3.0604000E-003   2.4523258E-008
3.2046400E-003   2.2895900E-008
3.3556700E-003   2.1148600E-008
3.5138100E-003   1.9714400E-008
3.6794100E-003   1.8432600E-008
3.8528200E-003   1.7195200E-008
4.0344000E-003   1.5744000E-008
4.2245300E-003   1.4459900E-008
4.4236300E-003   1.3414300E-008
4.6321100E-003   1.2446000E-008
4.8504100E-003   1.1535455E-008
5.0790100E-003   1.0643800E-008
5.3183700E-003   9.6308300E-009
5.5690200E-003   8.5882100E-009
5.8314800E-003   8.0025018E-009
6.1063100E-003   7.2879700E-009
6.3940900E-003   6.7221300E-009
6.6954300E-003   6.0526200E-009
7.0109800E-003   5.5515832E-009
7.3414000E-003   4.8991000E-009
7.6873900E-003   4.5135900E-009
8.0496800E-003   4.0430600E-009
8.4290500E-003   3.6817100E-009
8.8263000E-003   3.3477461E-009
9.2422700E-003   3.0259300E-009
9.6778500E-003   2.6940700E-009
1.0133900E-002   2.3832589E-009
1.0611500E-002   2.1041500E-009
1.1111700E-002   1.9063200E-009
1.1635300E-002   1.6915620E-009
1.2183700E-002   1.4986000E-009
1.2757900E-002   1.3449710E-009
1.3359100E-002   1.2006171E-009
1.3988700E-002   1.0709680E-009
1.4648000E-002   9.5542796E-010
1.5338400E-002   8.5249702E-010
1.6061200E-002   7.6065598E-010
1.6818200E-002   6.9435901E-010
1.7610800E-002   6.1955402E-010
1.8440800E-002   5.4034799E-010
1.9309800E-002   4.8213500E-010
2.0219900E-002   4.3019299E-010
2.1172800E-002   3.8733700E-010
2.2170700E-002   3.4158501E-010
2.3215500E-002   3.0820099E-010
 22
 1   2   3   4
 xy
 100
1.0133900E-003   9.4904100E-008
1.0611500E-003   9.0859600E-008
1.1111700E-003   8.6691500E-008
1.1635300E-003   8.2998300E-008
1.2183700E-003   7.9694200E-008
1.2757900E-003   7.5937300E-008
1.3359100E-003   7.1961100E-008
1.3988700E-003   6.8549200E-008
1.4648000E-003   6.5449000E-008
1.5338400E-003   6.1632800E-008
1.6061200E-003   5.8532400E-008
1.6818200E-003   5.5491700E-008
1.7610800E-003   5.2026400E-008
1.8440800E-003   4.9658100E-008
1.9309800E-003   4.6737400E-008
2.0219900E-003   4.3911000E-008
2.1172800E-003   4.1713100E-008
2.2170700E-003   3.8626500E-008
2.3215500E-003   3.6409700E-008
2.4309700E-003   3.4055200E-008
2.5455300E-003   3.2185500E-008
2.6655000E-003   2.9768200E-008
2.7911200E-003   2.8287300E-008
2.9226600E-003   2.6235000E-008
3.0604000E-003   2.4412300E-008
3.2046400E-003   2.2633400E-008
3.3556700E-003   2.0992900E-008
3.5138100E-003   1.9245300E-008
3.6794100E-003   1.7874300E-008
3.8528200E-003   1.6560500E-008
4.0344000E-003   1.5417700E-008
4.2245300E-003   1.4125000E-008
4.4236300E-003   1.3034300E-008
4.6321100E-003   1.2064800E-008
4.8504100E-003   1.1163900E-008
5.0790100E-003   1.0147900E-008
5.3183700E-003   9.3227310E-009
5.5690200E-003   8.4117100E-009
5.8314800E-003   7.7325879E-009
6.1063100E-003   6.9604860E-009
6.3940900E-003   6.3164200E-009
6.6954300E-003   5.8360100E-009
7.0109800E-003   5.2578981E-009
7.3414000E-003   4.6407500E-009
7.6873900E-003   4.2196100E-009
8.0496800E-003   3.8972400E-009
8.4290500E-003   3.4925871E-009
8.8263000E-003   3.1073191E-009
9.2422700E-003   2.7389000E-009
9.6778500E-003   2.5101800E-009
1.0133900E-002   2.2721429E-009
1.0611500E-002   2.0770000E-009
1.1111700E-002   1.8798001E-009
1.1635300E-002   1.6893620E-009
1.2183700E-002   1.5073630E-009
1.2757900E-002   1.3449710E-009
1.3359100E-002   1.1916320E-009
1.3988700E-002   1.0512700E-009
1.4648000E-002   9.1284302E-010
1.5338400E-002   8.1450002E-010
1.6061200E-002   7.2131301E-010
1.6818200E-002   6.3562899E-010
1.7610800E-002   5.7205402E-010
1.8440800E-002   5.1364102E-010
1.9309800E-002   4.6235399E-010
2.0219900E-002   4.1135201E-010
2.1172800E-002   3.7463099E-010
2.2170700E-002   3.3722400E-010
2.3215500E-002   3.0355199E-010
 23
 1   2   3   4
 xy
 100
1.0133900E-003   8.8368900E-008
1.0611500E-003   8.4954000E-008
1.1111700E-003   8.1895500E-008
1.1635300E-003   7.8594900E-008
1.2183700E-003   7.5118600E-008
1.2757900E-003   7.1697000E-008
1.3359100E-003   6.8921300E-008
1.3988700E-003   6.5784100E-008
1.4648000E-003   6.2254000E-008
1.5338400E-003   5.9394800E-008
1.6061200E-003   5.6702500E-008
1.6818200E-003   5.3622500E-008
1.7610800E-003   5.0931600E-008
1.8440800E-003   4.8464400E-008
1.9309800E-003   4.5455800E-008
2.0219900E-003   4.3169700E-008
2.1172800E-003   4.0491800E-008
2.2170700E-003   3.8540100E-008
2.3215500E-003   3.5954400E-008
2.4309700E-003   3.3951300E-008
2.5455300E-003   3.1695200E-008
2.6655000E-003   2.9746094E-008
2.7911200E-003   2.7739900E-008
2.9226600E-003   2.6251200E-008
3.0604000E-003   2.4380200E-008
3.2046400E-003   2.3031321E-008
3.3556700E-003   2.1070338E-008
3.5138100E-003   1.9607800E-008
3.6794100E-003   1.8321600E-008
3.8528200E-003   1.6944900E-008
4.0344000E-003   1.5706200E-008
4.2245300E-003   1.4545600E-008
4.4236300E-003   1.3517200E-008
4.6321100E-003   1.2350600E-008
4.8504100E-003   1.1316500E-008
5.0790100E-003   1.0387900E-008
5.3183700E-003   9.6500500E-009
5.5690200E-003   8.8917600E-009
5.8314800E-003   8.1154400E-009
6.1063100E-003   7.4020200E-009
6.3940900E-003   6.6267200E-009
6.6954300E-003   6.1376600E-009
7.0109800E-003   5.5643100E-009
7.3414000E-003   5.1741300E-009
7.6873900E-003   4.6935078E-009
8.0496800E-003   4.2807500E-009
8.4290500E-003   3.8387400E-009
8.8263000E-003   3.4895200E-009
9.2422700E-003   3.1447389E-009
9.6778500E-003   2.8300500E-009
1.0133900E-002   2.5528900E-009
1.0611500E-002   2.3031319E-009
1.1111700E-002   2.0660800E-009
1.1635300E-002   1.9243900E-009
1.2183700E-002   1.7541400E-009
1.2757900E-002   1.5949230E-009
1.3359100E-002   1.4435120E-009
1.3988700E-002   1.2772630E-009
1.4648000E-002   1.1217800E-009
1.5338400E-002   9.8746200E-010
1.6061200E-002   8.7041402E-010
1.6818200E-002   7.4812201E-010
1.7610800E-002   6.4301198E-010
1.8440800E-002   5.5267002E-010
1.9309800E-002   4.7502002E-010
2.0219900E-002   4.1871401E-010
2.1172800E-002   3.6746600E-010
2.2170700E-002   3.0932201E-010
2.3215500E-002   2.6586300E-010
 24
 1   2   3   4
 xy
 100
1.0133900E-003   8.8736000E-008
1.0611500E-003   8.5100600E-008
1.1111700E-003   8.1527300E-008
1.1635300E-003   7.8234000E-008
1.2183700E-003   7.5083400E-008
1.2757900E-003   7.1591300E-008
1.3359100E-003   6.8473400E-008
1.3988700E-003   6.5580700E-008
1.4648000E-003   6.2469000E-008
1.5338400E-003   5.9171900E-008
1.6061200E-003   5.6383800E-008
1.6818200E-003   5.3896900E-008
1.7610800E-003   5.0651700E-008
1.8440800E-003   4.8293600E-008
1.9309800E-003   4.5761500E-008
2.0219900E-003   4.3032300E-008
2.1172800E-003   4.0777600E-008
2.2170700E-003   3.7945200E-008
2.3215500E-003   3.6171600E-008
2.4309700E-003   3.3770384E-008
2.5455300E-003   3.1532565E-008
2.6655000E-003   2.9589200E-008
2.7911200E-003   2.7919100E-008
2.9226600E-003   2.6126100E-008
3.0604000E-003   2.4188400E-008
3.2046400E-003   2.2739300E-008
3.3556700E-003   2.0977600E-008
3.5138100E-003   1.9602400E-008
3.6794100E-003   1.8468100E-008
3.8528200E-003   1.7100800E-008
4.0344000E-003   1.5841600E-008
4.2245300E-003   1.4607900E-008
4.4236300E-003   1.3466400E-008
4.6321100E-003   1.2354109E-008
4.8504100E-003   1.1429500E-008
5.0790100E-003   1.0565700E-008
5.3183700E-003   9.6783900E-009
5.5690200E-003   8.9734400E-009
5.8314800E-003   8.3531800E-009
6.1063100E-003   7.5066400E-009
6.3940900E-003   6.8295500E-009
6.6954300E-003   6.2951702E-009
7.0109800E-003   5.7806600E-009
7.3414000E-003   5.2099400E-009
7.6873900E-003   4.8402020E-009
8.0496800E-003   4.3810400E-009
8.4290500E-003   3.9893100E-009
8.8263000E-003   3.6792289E-009
9.2422700E-003   3.3196459E-009
9.6778500E-003   3.0303400E-009
1.0133900E-002   2.7366200E-009
1.0611500E-002   2.4663780E-009
1.1111700E-002   2.2707241E-009
1.1635300E-002   2.0527160E-009
1.2183700E-002   1.8625400E-009
1.2757900E-002   1.7387900E-009
1.3359100E-002   1.5949230E-009
1.3988700E-002   1.4198300E-009
1.4648000E-002   1.2587300E-009
1.5338400E-002   1.1210570E-009
1.6061200E-002   9.9165800E-010
1.6818200E-002   8.9480400E-010
1.7610800E-002   8.0695500E-010
1.8440800E-002   7.1792600E-010
1.9309800E-002   6.4776001E-010
2.0219900E-002   5.6475602E-010
2.1172800E-002   5.0377102E-010
2.2170700E-002   4.3921800E-010
2.3215500E-002   3.8733700E-010
 25
 1   2   3   4
 xy
 100
1.0133900E-003   8.6985100E-008
1.0611500E-003   8.4165900E-008
1.1111700E-003   8.0711000E-008
1.1635300E-003   7.6922100E-008
1.2183700E-003   7.3667100E-008
1.2757900E-003   7.0592000E-008
1.3359100E-003   6.7533200E-008
1.3988700E-003   6.4214300E-008
1.4648000E-003   6.1010200E-008
1.5338400E-003   5.8521100E-008
1.6061200E-003   5.5375400E-008
1.6818200E-003   5.2425300E-008
1.7610800E-003   5.0128000E-008
1.8440800E-003   4.7029600E-008
1.9309800E-003   4.4849900E-008
2.0219900E-003   4.2234700E-008
2.1172800E-003   3.9847100E-008
2.2170700E-003   3.7570800E-008
2.3215500E-003   3.5293200E-008
2.4309700E-003   3.3440600E-008
2.5455300E-003   3.1086900E-008
2.6655000E-003   2.9346100E-008
2.7911200E-003   2.7389700E-008
2.9226600E-003   2.5608100E-008
3.0604000E-003   2.3992400E-008
3.2046400E-003   2.2279200E-008
3.3556700E-003   2.0598400E-008
3.5138100E-003   1.9375700E-008
3.6794100E-003   1.7903000E-008
3.8528200E-003   1.6596900E-008
4.0344000E-003   1.5237100E-008
4.2245300E-003   1.4174100E-008
4.4236300E-003   1.2897100E-008
4.6321100E-003   1.2057100E-008
4.8504100E-003   1.1213800E-008
5.0790100E-003   1.0080600E-008
5.3183700E-003   9.3140600E-009
5.5690200E-003   8.5071000E-009
5.8314800E-003   7.6891000E-009
6.1063100E-003   6.9781600E-009
6.3940900E-003   6.4838700E-009
6.6954300E-003   5.9669500E-009
7.0109800E-003   5.3589300E-009
7.3414000E-003   4.8677700E-009
7.6873900E-003   4.4262400E-009
8.0496800E-003   4.0374200E-009
8.4290500E-003   3.6620200E-009
8.8263000E-003   3.2761400E-009
9.2422700E-003   2.9180400E-009
9.6778500E-003   2.6173000E-009
1.0133900E-002   2.3663000E-009
1.0611500E-002   2.1180000E-009
1.1111700E-002   1.8731500E-009
1.1635300E-002   1.6770100E-009
1.2183700E-002   1.5223840E-009
1.2757900E-002   1.3597700E-009
1.3359100E-002   1.2283450E-009
1.3988700E-002   1.1232730E-009
1.4648000E-002   9.9890800E-010
1.5338400E-002   8.9054703E-010
1.6061200E-002   7.9967299E-010
1.6818200E-002   7.1130302E-010
1.7610800E-002   6.2699002E-010
1.8440800E-002   5.6679300E-010
1.9309800E-002   4.9340498E-010
2.0219900E-002   4.3495499E-010
2.1172800E-002   3.8328701E-010
2.2170700E-002   3.3775699E-010
2.3215500E-002   2.9142799E-010
 26
 1   2   3   4
 xy
 100
1.0133900E-003   8.6491300E-008
1.0611500E-003   8.2981500E-008
1.1111700E-003   7.9696700E-008
1.1635300E-003   7.6508500E-008
1.2183700E-003   7.2665600E-008
1.2757900E-003   6.9529600E-008
1.3359100E-003   6.6733700E-008
1.3988700E-003   6.3693300E-008
1.4648000E-003   6.0465900E-008
1.5338400E-003   5.7674300E-008
1.6061200E-003   5.4627200E-008
1.6818200E-003   5.1760500E-008
1.7610800E-003   4.8999000E-008
1.8440800E-003   4.6583400E-008
1.9309800E-003   4.3740700E-008
2.0219900E-003   4.1406000E-008
2.1172800E-003   3.9045400E-008
2.2170700E-003   3.6999300E-008
2.3215500E-003   3.4706400E-008
2.4309700E-003   3.2705200E-008
2.5455300E-003   3.0666600E-008
2.6655000E-003   2.8740800E-008
2.7911200E-003   2.6695800E-008
2.9226600E-003   2.5047600E-008
3.0604000E-003   2.3297800E-008
3.2046400E-003   2.1877500E-008
3.3556700E-003   2.0336400E-008
3.5138100E-003   1.8876600E-008
3.6794100E-003   1.7620200E-008
3.8528200E-003   1.6073900E-008
4.0344000E-003   1.5003100E-008
4.2245300E-003   1.3919300E-008
4.4236300E-003   1.2751400E-008
4.6321100E-003   1.1804700E-008
4.8504100E-003   1.0796730E-008
5.0790100E-003   9.9387600E-009
5.3183700E-003   9.0627400E-009
5.5690200E-003   8.2925600E-009
5.8314800E-003   7.5367000E-009
6.1063100E-003   7.0087900E-009
6.3940900E-003   6.2547600E-009
6.6954300E-003   5.6514229E-009
7.0109800E-003   5.0271500E-009
7.3414000E-003   4.6065791E-009
7.6873900E-003   4.1496000E-009
8.0496800E-003   3.7904300E-009
8.4290500E-003   3.4681300E-009
8.8263000E-003   3.0796600E-009
9.2422700E-003   2.7964500E-009
9.6778500E-003   2.5367800E-009
1.0133900E-002   2.3194000E-009
1.0611500E-002   2.0568069E-009
1.1111700E-002   1.8022400E-009
1.1635300E-002   1.5443600E-009
1.2183700E-002   1.3637100E-009
1.2757900E-002   1.2216770E-009
1.3359100E-002   1.0772600E-009
1.3988700E-002   9.7200703E-010
1.4648000E-002   8.5785801E-010
1.5338400E-002   7.4812201E-010
1.6061200E-002   6.4301198E-010
1.6818200E-002   5.6679300E-010
1.7610800E-002   4.9735999E-010
1.8440800E-002   4.4396500E-010
1.9309800E-002   3.9182799E-010
2.0219900E-002   3.5375700E-010
2.1172800E-002   3.1577899E-010
2.2170700E-002   2.8187799E-010
2.3215500E-002   2.4877600E-010
 27
 1   2   3   4
 xy
 100
1.0133900E-003   8.2282400E-008
1.0611500E-003   7.9364300E-008
1.1111700E-003   7.6611600E-008
1.1635300E-003   7.3524700E-008
1.2183700E-003   7.0294000E-008
1.2757900E-003   6.6952500E-008
1.3359100E-003   6.5046100E-008
1.3988700E-003   6.1966200E-008
1.4648000E-003   5.8774100E-008
1.5338400E-003   5.6090600E-008
1.6061200E-003   5.3744900E-008
1.6818200E-003   5.0609100E-008
1.7610800E-003   4.8531400E-008
1.8440800E-003   4.5865200E-008
1.9309800E-003   4.3098800E-008
2.0219900E-003   4.1220700E-008
2.1172800E-003   3.8535600E-008
2.2170700E-003   3.6987200E-008
2.3215500E-003   3.4474500E-008
2.4309700E-003   3.2542200E-008
2.5455300E-003   3.0765100E-008
2.6655000E-003   2.9022900E-008
2.7911200E-003   2.7014600E-008
2.9226600E-003   2.5362200E-008
3.0604000E-003   2.3860100E-008
3.2046400E-003   2.2156700E-008
3.3556700E-003   2.0579300E-008
3.5138100E-003   1.9207400E-008
3.6794100E-003   1.7851700E-008
3.8528200E-003   1.6673500E-008
4.0344000E-003   1.5243100E-008
4.2245300E-003   1.4186400E-008
4.4236300E-003   1.3242200E-008
4.6321100E-003   1.2090000E-008
4.8504100E-003   1.1221000E-008
5.0790100E-003   1.0382900E-008
5.3183700E-003   9.4540100E-009
5.5690200E-003   8.7833200E-009
5.8314800E-003   7.9242700E-009
6.1063100E-003   7.2730400E-009
6.3940900E-003   6.5517500E-009
6.6954300E-003   6.0660499E-009
7.0109800E-003   5.3752300E-009
7.3414000E-003   4.9417128E-009
7.6873900E-003   4.3963500E-009
8.0496800E-003   4.0540600E-009
8.4290500E-003   3.6778600E-009
8.8263000E-003   3.3348551E-009
9.2422700E-003   3.0167400E-009
9.6778500E-003   2.7419200E-009
1.0133900E-002   2.4123900E-009
1.0611500E-002   2.2203600E-009
1.1111700E-002   1.9955000E-009
1.1635300E-002   1.8093990E-009
1.2183700E-002   1.6200330E-009
1.2757900E-002   1.4472520E-009
1.3359100E-002   1.2752700E-009
1.3988700E-002   1.1316600E-009
1.4648000E-002   1.0262839E-009
1.5338400E-002   9.0672800E-010
1.6061200E-002   8.0147500E-010
1.6818200E-002   6.9357903E-010
1.7610800E-002   6.1727101E-010
1.8440800E-002   5.4457100E-010
1.9309800E-002   4.9262600E-010
2.0219900E-002   4.4563500E-010
2.1172800E-002   3.8825401E-010
2.2170700E-002   3.5121900E-010
2.3215500E-002   3.0599501E-010
 28
 1   2   3   4
 xy
 100
1.0133900E-003   8.4985700E-008
1.0611500E-003   8.1577500E-008
1.1111700E-003   7.8286300E-008
1.1635300E-003   7.5305000E-008
1.2183700E-003   7.1892600E-008
1.2757900E-003   6.8728500E-008
1.3359100E-003   6.5783000E-008
1.3988700E-003   6.3538600E-008
1.4648000E-003   5.9925400E-008
1.5338400E-003   5.7220600E-008
1.6061200E-003   5.4700800E-008
1.6818200E-003   5.1730500E-008
1.7610800E-003   4.9055800E-008
1.8440800E-003   4.6820800E-008
1.9309800E-003   4.4316334E-008
2.0219900E-003   4.1789700E-008
2.1172800E-003   3.9556100E-008
2.2170700E-003   3.7081400E-008
2.3215500E-003   3.5014000E-008
2.4309700E-003   3.2918600E-008
2.5455300E-003   3.0831900E-008
2.6655000E-003   2.8931800E-008
2.7911200E-003   2.7050700E-008
2.9226600E-003   2.5459400E-008
3.0604000E-003   2.3768700E-008
3.2046400E-003   2.2347484E-008
3.3556700E-003   2.0588200E-008
3.5138100E-003   1.8899200E-008
3.6794100E-003   1.7415100E-008
3.8528200E-003   1.6257500E-008
4.0344000E-003   1.5161400E-008
4.2245300E-003   1.4034500E-008
4.4236300E-003   1.2781900E-008
4.6321100E-003   1.1979700E-008
4.8504100E-003   1.0897600E-008
5.0790100E-003   9.9793200E-009
5.3183700E-003   9.1649870E-009
5.5690200E-003   8.3635200E-009
5.8314800E-003   7.5630400E-009
6.1063100E-003   6.9874670E-009
6.3940900E-003   6.3014278E-009
6.6954300E-003   5.6322889E-009
7.0109800E-003   5.0450800E-009
7.3414000E-003   4.6118800E-009
7.6873900E-003   4.2639400E-009
8.0496800E-003   3.8570498E-009
8.4290500E-003   3.4871110E-009
8.8263000E-003   3.0737690E-009
9.2422700E-003   2.7213389E-009
9.6778500E-003   2.3882629E-009
1.0133900E-002   2.1051720E-009
1.0611500E-002   1.9030579E-009
1.1111700E-002   1.7093030E-009
1.1635300E-002   1.5216970E-009
1.2183700E-002   1.3372951E-009
1.2757900E-002   1.1782380E-009
1.3359100E-002   1.0184100E-009
1.3988700E-002   8.7771600E-010
1.4648000E-002   7.4812201E-010
1.5338400E-002   6.5716099E-010
1.6061200E-002   5.7752497E-010
1.6818200E-002   5.1413801E-010
1.7610800E-002   4.5183399E-010
1.8440800E-002   3.9708001E-010
1.9309800E-002   3.5809400E-010
2.0219900E-002   3.1879099E-010
2.1172800E-002   2.8015901E-010
2.2170700E-002   2.5265301E-010
2.3215500E-002   2.2203600E-010
 29
 1   2   3   4
 xy
 100
1.0133900E-003   8.8301800E-008
1.0611500E-003   8.4742300E-008
1.1111700E-003   8.1618800E-008
1.1635300E-003   7.8288500E-008
1.2183700E-003   7.5170900E-008
1.2757900E-003   7.1399700E-008
1.3359100E-003   6.8092800E-008
1.3988700E-003   6.5356300E-008
1.4648000E-003   6.2364400E-008
1.5338400E-003   5.9147300E-008
1.6061200E-003   5.6391000E-008
1.6818200E-003   5.3579700E-008
1.7610800E-003   5.0477200E-008
1.8440800E-003   4.8198300E-008
1.9309800E-003   4.5478900E-008
2.0219900E-003   4.2852200E-008
2.1172800E-003   4.0632700E-008
2.2170700E-003   3.8005500E-008
2.3215500E-003   3.6009200E-008
2.4309700E-003   3.3903000E-008
2.5455300E-003   3.2124500E-008
2.6655000E-003   2.9780900E-008
2.7911200E-003   2.7997400E-008
2.9226600E-003   2.6147500E-008
3.0604000E-003   2.4248500E-008
3.2046400E-003   2.2562300E-008
3.3556700E-003   2.1108100E-008
3.5138100E-003   1.9835168E-008
3.6794100E-003   1.8238400E-008
3.8528200E-003   1.6755900E-008
4.0344000E-003   1.5657700E-008
4.2245300E-003   1.4279400E-008
4.4236300E-003   1.3175500E-008
4.6321100E-003   1.2161800E-008
4.8504100E-003   1.1201200E-008
5.0790100E-003   1.0289300E-008
5.3183700E-003   9.3165900E-009
5.5690200E-003   8.7404300E-009
5.8314800E-003   7.9176700E-009
6.1063100E-003   7.2817100E-009
6.3940900E-003   6.6343400E-009
6.6954300E-003   6.0899730E-009
7.0109800E-003   5.4116951E-009
7.3414000E-003   4.8660831E-009
7.6873900E-003   4.3754791E-009
8.0496800E-003   3.8816800E-009
8.4290500E-003   3.5534900E-009
8.8263000E-003   3.2931000E-009
9.2422700E-003   3.0040100E-009
9.6778500E-003   2.7786611E-009
1.0133900E-002   2.4400400E-009
1.0611500E-002   2.1800250E-009
1.1111700E-002   1.8752500E-009
1.1635300E-002   1.6774810E-009
1.2183700E-002   1.4786420E-009
1.2757900E-002   1.3359200E-009
1.3359100E-002   1.2144100E-009
1.3988700E-002   1.0633300E-009
1.4648000E-002   9.3886399E-010
1.5338400E-002   8.2974600E-010
1.6061200E-002   7.3564199E-010
1.6818200E-002   6.4603600E-010
1.7610800E-002   5.8090199E-010
1.8440800E-002   5.1620302E-010
1.9309800E-002   4.5870999E-010
2.0219900E-002   4.0283599E-010
2.1172800E-002   3.5376799E-010
2.2170700E-002   3.1809999E-010
2.3215500E-002   2.7935301E-010
 30
 1   2   3   4
 xy
 100
1.0133900E-003   8.7775100E-008
1.0611500E-003   8.4540100E-008
1.1111700E-003   8.1300700E-008
1.1635300E-003   7.8246800E-008
1.2183700E-003   7.5263600E-008
1.2757900E-003   7.1845300E-008
1.3359100E-003   6.8432300E-008
1.3988700E-003   6.5616600E-008
1.4648000E-003   6.2859300E-008
1.5338400E-003   5.9441300E-008
1.6061200E-003   5.6840300E-008
1.6818200E-003   5.3946200E-008
1.7610800E-003   5.1100600E-008
1.8440800E-003   4.9007000E-008
1.9309800E-003   4.5894900E-008
2.0219900E-003   4.3339800E-008
2.1172800E-003   4.1309800E-008
2.2170700E-003   3.8746400E-008
2.3215500E-003   3.6373000E-008
2.4309700E-003   3.4267604E-008
2.5455300E-003   3.2076400E-008
2.6655000E-003   3.0061300E-008
2.7911200E-003   2.8250400E-008
2.9226600E-003   2.6342100E-008
3.0604000E-003   2.4322200E-008
3.2046400E-003   2.2910200E-008
3.3556700E-003   2.1165700E-008
3.5138100E-003   2.0059753E-008
3.6794100E-003   1.8376500E-008
3.8528200E-003   1.7089400E-008
4.0344000E-003   1.5563600E-008
4.2245300E-003   1.4323300E-008
4.4236300E-003   1.3242700E-008
4.6321100E-003   1.2338600E-008
4.8504100E-003   1.1432456E-008
5.0790100E-003   1.0261900E-008
5.3183700E-003   9.3320500E-009
5.5690200E-003   8.4700238E-009
5.8314800E-003   7.6230400E-009
6.1063100E-003   6.9634800E-009
6.3940900E-003   6.2782700E-009
6.6954300E-003   5.6860112E-009
7.0109800E-003   5.1203819E-009
7.3414000E-003   4.6027111E-009
7.6873900E-003   4.1018800E-009
8.0496800E-003   3.6797300E-009
8.4290500E-003   3.2970200E-009
8.8263000E-003   2.9933200E-009
9.2422700E-003   2.6698100E-009
9.6778500E-003   2.3487700E-009
1.0133900E-002   2.0604090E-009
1.0611500E-002   1.8093990E-009
1.1111700E-002   1.5976750E-009
1.1635300E-002   1.3708390E-009
1.2183700E-002   1.1782380E-009
1.2757900E-002   1.0385760E-009
1.3359100E-002   9.1524699E-010
1.3988700E-002   8.0139401E-010
1.4648000E-002   7.0170397E-010
1.5338400E-002   6.1441502E-010
1.6061200E-002   5.4397198E-010
1.6818200E-002   4.8160598E-010
1.7610800E-002   4.2452900E-010
1.8440800E-002   3.7634099E-010
1.9309800E-002   3.3811901E-010
2.0219900E-002   2.9575400E-010
2.1172800E-002   2.6571700E-010
2.2170700E-002   2.4194699E-010
2.3215500E-002   2.0881800E-010
 31
 1   2   3   4
 xy
 100
1.0133900E-003   8.7743700E-008
1.0611500E-003   8.4071800E-008
1.1111700E-003   8.1212900E-008
1.1635300E-003   7.8090300E-008
1.2183700E-003   7.4882800E-008
1.2757900E-003   7.1222300E-008
1.3359100E-003   6.8377600E-008
1.3988700E-003   6.5376200E-008
1.4648000E-003   6.2723400E-008
1.5338400E-003   5.9196900E-008
1.6061200E-003   5.6892000E-008
1.6818200E-003   5.3723200E-008
1.7610800E-003   5.1050300E-008
1.8440800E-003   4.8166600E-008
1.9309800E-003   4.5473700E-008
2.0219900E-003   4.3175200E-008
2.1172800E-003   4.0779700E-008
2.2170700E-003   3.8377400E-008
2.3215500E-003   3.6069000E-008
2.4309700E-003   3.4162800E-008
2.5455300E-003   3.1774200E-008
2.6655000E-003   2.9809000E-008
2.7911200E-003   2.8254100E-008
2.9226600E-003   2.6428500E-008
3.0604000E-003   2.4380200E-008
3.2046400E-003   2.2968300E-008
3.3556700E-003   2.1301700E-008
3.5138100E-003   1.9985800E-008
3.6794100E-003   1.8385400E-008
3.8528200E-003   1.6904400E-008
4.0344000E-003   1.5624400E-008
4.2245300E-003   1.4172600E-008
4.4236300E-003   1.3019900E-008
4.6321100E-003   1.2160700E-008
4.8504100E-003   1.1242000E-008
5.0790100E-003   1.0225700E-008
5.3183700E-003   9.2995500E-009
5.5690200E-003   8.5359900E-009
5.8314800E-003   7.8612900E-009
6.1063100E-003   7.0985700E-009
6.3940900E-003   6.4332000E-009
6.6954300E-003   5.9542238E-009
7.0109800E-003   5.3595100E-009
7.3414000E-003   4.7219988E-009
7.6873900E-003   4.2005100E-009
8.0496800E-003   3.7627400E-009
8.4290500E-003   3.4002190E-009
8.8263000E-003   3.0714800E-009
9.2422700E-003   2.7845510E-009
9.6778500E-003   2.5118860E-009
1.0133900E-002   2.2439500E-009
1.0611500E-002   2.0564800E-009
1.1111700E-002   1.8148100E-009
1.1635300E-002   1.5797970E-009
1.2183700E-002   1.3535320E-009
1.2757900E-002   1.1488780E-009
1.3359100E-002   1.0070600E-009
1.3988700E-002   8.7637000E-010
1.4648000E-002   7.8684698E-010
1.5338400E-002   6.7629602E-010
1.6061200E-002   5.9613198E-010
1.6818200E-002   5.3539101E-010
1.7610800E-002   4.7068199E-010
1.8440800E-002   4.2459200E-010
1.9309800E-002   3.7327400E-010
2.0219900E-002   3.2395900E-010
2.1172800E-002   2.8480401E-010
2.2170700E-002   2.5362701E-010
2.3215500E-002   2.1730200E-010
 32
 1   2   3   4
 xy
 100
1.0133900E-003   8.8539500E-008
1.0611500E-003   8.5480600E-008
1.1111700E-003   8.2319400E-008
1.1635300E-003   7.8686800E-008
1.2183700E-003   7.5687500E-008
1.2757900E-003   7.2896000E-008
1.3359100E-003   6.9750900E-008
1.3988700E-003   6.6412800E-008
1.4648000E-003   6.3238300E-008
1.5338400E-003   6.1110400E-008
1.6061200E-003   5.7749700E-008
1.6818200E-003   5.4964400E-008
1.7610800E-003   5.2362600E-008
1.8440800E-003   4.9509300E-008
1.9309800E-003   4.7076200E-008
2.0219900E-003   4.4223500E-008
2.1172800E-003   4.2058600E-008
2.2170700E-003   3.9553200E-008
2.3215500E-003   3.6950100E-008
2.4309700E-003   3.5150100E-008
2.5455300E-003   3.2890200E-008
2.6655000E-003   3.0939500E-008
2.7911200E-003   2.8884500E-008
2.9226600E-003   2.6970400E-008
3.0604000E-003   2.5170900E-008
3.2046400E-003   2.3520000E-008
3.3556700E-003   2.1869000E-008
3.5138100E-003   2.0060200E-008
3.6794100E-003   1.8579300E-008
3.8528200E-003   1.7283500E-008
4.0344000E-003   1.6061500E-008
4.2245300E-003   1.4899200E-008
4.4236300E-003   1.3678700E-008
4.6321100E-003   1.2680700E-008
4.8504100E-003   1.1585200E-008
5.0790100E-003   1.0677100E-008
5.3183700E-003   9.6489500E-009
5.5690200E-003   8.8272873E-009
5.8314800E-003   8.0329600E-009
6.1063100E-003   7.3086310E-009
6.3940900E-003   6.6568900E-009
6.6954300E-003   6.0588500E-009
7.0109800E-003   5.4654000E-009
7.3414000E-003   4.8146300E-009
7.6873900E-003   4.3570800E-009
8.0496800E-003   3.8895000E-009
8.4290500E-003   3.4741600E-009
8.8263000E-003   3.1251839E-009
9.2422700E-003   2.7919200E-009
9.6778500E-003   2.4642500E-009
1.0133900E-002   2.1714490E-009
1.0611500E-002   1.9232731E-009
1.1111700E-002   1.6611000E-009
1.1635300E-002   1.4352900E-009
1.2183700E-002   1.2568711E-009
1.2757900E-002   1.0994869E-009
1.3359100E-002   9.8951702E-010
1.3988700E-002   8.7197399E-010
1.4648000E-002   7.8978901E-010
1.5338400E-002   7.0626899E-010
1.6061200E-002   6.2237199E-010
1.6818200E-002   5.4844201E-010
1.7610800E-002   4.9358700E-010
1.8440800E-002   4.3633899E-010
1.9309800E-002   3.8328701E-010
2.0219900E-002   3.3775699E-010
2.1172800E-002   2.9763500E-010
2.2170700E-002   2.6227900E-010
2.3215500E-002   2.3465199E-010
 33
 1   2   3   4
 xy
 100
1.0133900E-003   8.9280900E-008
1.0611500E-003   8.6311400E-008
1.1111700E-003   8.3047500E-008
1.1635300E-003   7.9727600E-008
1.2183700E-003   7.7128700E-008
1.2757900E-003   7.4116000E-008
1.3359100E-003   7.0774200E-008
1.3988700E-003   6.7485900E-008
1.4648000E-003   6.4601800E-008
1.5338400E-003   6.1783500E-008
1.6061200E-003   5.8442600E-008
1.6818200E-003   5.6289200E-008
1.7610800E-003   5.3645300E-008
1.8440800E-003   5.0577500E-008
1.9309800E-003   4.8334200E-008
2.0219900E-003   4.5630400E-008
2.1172800E-003   4.3240800E-008
2.2170700E-003   4.0767600E-008
2.3215500E-003   3.8550700E-008
2.4309700E-003   3.6127500E-008
2.5455300E-003   3.4435400E-008
2.6655000E-003   3.2185800E-008
2.7911200E-003   3.0121300E-008
2.9226600E-003   2.8012100E-008
3.0604000E-003   2.6175000E-008
3.2046400E-003   2.4222700E-008
3.3556700E-003   2.2453900E-008
3.5138100E-003   2.0559824E-008
3.6794100E-003   1.9430000E-008
3.8528200E-003   1.7868066E-008
4.0344000E-003   1.6536600E-008
4.2245300E-003   1.5436100E-008
4.4236300E-003   1.4414900E-008
4.6321100E-003   1.3234700E-008
4.8504100E-003   1.2394500E-008
5.0790100E-003   1.1569700E-008
5.3183700E-003   1.0489300E-008
5.5690200E-003   9.5633359E-009
5.8314800E-003   8.6355119E-009
6.1063100E-003   7.9000300E-009
6.3940900E-003   7.2609700E-009
6.6954300E-003   6.4962000E-009
7.0109800E-003   5.9300000E-009
7.3414000E-003   5.5256359E-009
7.6873900E-003   4.9646700E-009
8.0496800E-003   4.4880202E-009
8.4290500E-003   4.1264500E-009
8.8263000E-003   3.7578429E-009
9.2422700E-003   3.4002190E-009
9.6778500E-003   2.9971770E-009
1.0133900E-002   2.7395120E-009
1.0611500E-002   2.4737270E-009
1.1111700E-002   2.2337290E-009
1.1635300E-002   2.0170150E-009
1.2183700E-002   1.7982400E-009
1.2757900E-002   1.6099600E-009
1.3359100E-002   1.4284500E-009
1.3988700E-002   1.2742750E-009
1.4648000E-002   1.1074430E-009
1.5338400E-002   9.6366000E-010
1.6061200E-002   8.4872498E-010
1.6818200E-002   7.5529499E-010
1.7610800E-002   6.7337202E-010
1.8440800E-002   5.9272498E-010
1.9309800E-002   5.3521898E-010
2.0219900E-002   4.7111898E-010
2.1172800E-002   4.1469500E-010
2.2170700E-002   3.6971501E-010
2.3215500E-002   3.2961400E-010
 34
 1   2   3   4
 xy
 100
1.0133900E-003   9.1507800E-008
1.0611500E-003   8.8602900E-008
1.1111700E-003   8.5022200E-008
1.1635300E-003   8.1618600E-008
1.2183700E-003   7.8702500E-008
1.2757900E-003   7.5840100E-008
1.3359100E-003   7.2159600E-008
1.3988700E-003   6.9143300E-008
1.4648000E-003   6.6810700E-008
1.5338400E-003   6.3182500E-008
1.6061200E-003   6.0047200E-008
1.6818200E-003   5.7855600E-008
1.7610800E-003   5.4686800E-008
1.8440800E-003   5.1640000E-008
1.9309800E-003   4.9370000E-008
2.0219900E-003   4.6323500E-008
2.1172800E-003   4.3814200E-008
2.2170700E-003   4.0894700E-008
2.3215500E-003   3.8848600E-008
2.4309700E-003   3.6656400E-008
2.5455300E-003   3.4763200E-008
2.6655000E-003   3.2264700E-008
2.7911200E-003   3.0388325E-008
2.9226600E-003   2.8531000E-008
3.0604000E-003   2.6687700E-008
3.2046400E-003   2.5092200E-008
3.3556700E-003   2.3017900E-008
3.5138100E-003   2.1199019E-008
3.6794100E-003   1.9843800E-008
3.8528200E-003   1.8439900E-008
4.0344000E-003   1.6812400E-008
4.2245300E-003   1.5665200E-008
4.4236300E-003   1.4576800E-008
4.6321100E-003   1.3609262E-008
4.8504100E-003   1.2516800E-008
5.0790100E-003   1.1406400E-008
5.3183700E-003   1.0460414E-008
5.5690200E-003   9.6262829E-009
5.8314800E-003   8.6494056E-009
6.1063100E-003   7.8189899E-009
6.3940900E-003   7.0683019E-009
6.6954300E-003   6.4106000E-009
7.0109800E-003   5.6781000E-009
7.3414000E-003   5.1789900E-009
7.6873900E-003   4.7057800E-009
8.0496800E-003   4.2498400E-009
8.4290500E-003   3.8589230E-009
8.8263000E-003   3.4871110E-009
9.2422700E-003   3.1342800E-009
9.6778500E-003   2.7815100E-009
1.0133900E-002   2.5013200E-009
1.0611500E-002   2.2141420E-009
1.1111700E-002   1.9385100E-009
1.1635300E-002   1.7282000E-009
1.2183700E-002   1.5404340E-009
1.2757900E-002   1.3819200E-009
1.3359100E-002   1.2500600E-009
1.3988700E-002   1.1488780E-009
1.4648000E-002   1.0321189E-009
1.5338400E-002   9.1546898E-010
1.6061200E-002   8.3821400E-010
1.6818200E-002   7.4812201E-010
1.7610800E-002   6.7386302E-010
1.8440800E-002   6.1136601E-010
1.9309800E-002   5.4745197E-010
2.0219900E-002   4.9003301E-010
2.1172800E-002   4.4475401E-010
2.2170700E-002   3.9810699E-010
2.3215500E-002   3.5635200E-010
 35
 1   2   3   4
 xy
 100
1.0133900E-003   9.5572400E-008
1.0611500E-003   9.2298600E-008
1.1111700E-003   8.8408300E-008
1.1635300E-003   8.4954400E-008
1.2183700E-003   8.2226100E-008
1.2757900E-003   7.8725800E-008
1.3359100E-003   7.5216800E-008
1.3988700E-003   7.1790700E-008
1.4648000E-003   6.8791500E-008
1.5338400E-003   6.5315700E-008
1.6061200E-003   6.2240200E-008
1.6818200E-003   5.9689000E-008
1.7610800E-003   5.6395900E-008
1.8440800E-003   5.3700500E-008
1.9309800E-003   5.1083100E-008
2.0219900E-003   4.7761700E-008
2.1172800E-003   4.5463200E-008
2.2170700E-003   4.2567900E-008
2.3215500E-003   4.0514000E-008
2.4309700E-003   3.7657100E-008
2.5455300E-003   3.5743000E-008
2.6655000E-003   3.3107600E-008
2.7911200E-003   3.1220200E-008
2.9226600E-003   2.8903600E-008
3.0604000E-003   2.7145500E-008
3.2046400E-003   2.5448600E-008
3.3556700E-003   2.3416600E-008
3.5138100E-003   2.1374700E-008
3.6794100E-003   1.9998400E-008
3.8528200E-003   1.8790100E-008
4.0344000E-003   1.7134100E-008
4.2245300E-003   1.6110187E-008
4.4236300E-003   1.4644700E-008
4.6321100E-003   1.3349800E-008
4.8504100E-003   1.2490100E-008
5.0790100E-003   1.1221900E-008
5.3183700E-003   1.0239600E-008
5.5690200E-003   9.1696100E-009
5.8314800E-003   8.3264600E-009
6.1063100E-003   7.6160100E-009
6.3940900E-003   6.9281600E-009
6.6954300E-003   6.1632600E-009
7.0109800E-003   5.6426002E-009
7.3414000E-003   4.9959200E-009
7.6873900E-003   4.5727600E-009
8.0496800E-003   4.0137502E-009
8.4290500E-003   3.6822200E-009
8.8263000E-003   3.2652800E-009
9.2422700E-003   2.9247100E-009
9.6778500E-003   2.6309850E-009
1.0133900E-002   2.3712300E-009
1.0611500E-002   2.0911600E-009
1.1111700E-002   1.8971711E-009
1.1635300E-002   1.7144600E-009
1.2183700E-002   1.5464970E-009
1.2757900E-002   1.3680270E-009
1.3359100E-002   1.2083470E-009
1.3988700E-002   1.0704980E-009
1.4648000E-002   9.6285702E-010
1.5338400E-002   8.6081797E-010
1.6061200E-002   7.8684698E-010
1.6818200E-002   6.9220801E-010
1.7610800E-002   6.1136601E-010
1.8440800E-002   5.4166099E-010
1.9309800E-002   4.7502002E-010
2.0219900E-002   4.1871401E-010
2.1172800E-002   3.6908199E-010
2.2170700E-002   3.2275699E-010
2.3215500E-002   2.7962499E-010
 36
 1   2   3   4
 xy
 100
1.0133900E-003   9.4824100E-008
1.0611500E-003   9.1251600E-008
1.1111700E-003   8.8117200E-008
1.1635300E-003   8.5350500E-008
1.2183700E-003   8.2127600E-008
1.2757900E-003   7.8499700E-008
1.3359100E-003   7.5263000E-008
1.3988700E-003   7.2416400E-008
1.4648000E-003   6.9169900E-008
1.5338400E-003   6.5752900E-008
1.6061200E-003   6.3081800E-008
1.6818200E-003   5.9682800E-008
1.7610800E-003   5.6771500E-008
1.8440800E-003   5.4135400E-008
1.9309800E-003   5.1070600E-008
2.0219900E-003   4.8446200E-008
2.1172800E-003   4.5817800E-008
2.2170700E-003   4.3037900E-008
2.3215500E-003   4.0876300E-008
2.4309700E-003   3.8414700E-008
2.5455300E-003   3.5988100E-008
2.6655000E-003   3.3612300E-008
2.7911200E-003   3.1504400E-008
2.9226600E-003   2.9415400E-008
3.0604000E-003   2.7263000E-008
3.2046400E-003   2.5500900E-008
3.3556700E-003   2.3577200E-008
3.5138100E-003   2.1860200E-008
3.6794100E-003   2.0470100E-008
3.8528200E-003   1.9106500E-008
4.0344000E-003   1.7748800E-008
4.2245300E-003   1.6228500E-008
4.4236300E-003   1.4851200E-008
4.6321100E-003   1.3500300E-008
4.8504100E-003   1.2297600E-008
5.0790100E-003   1.1371000E-008
5.3183700E-003   1.0561600E-008
5.5690200E-003   9.4493200E-009
5.8314800E-003   8.6516800E-009
6.1063100E-003   7.9990700E-009
6.3940900E-003   7.2824151E-009
6.6954300E-003   6.5250900E-009
7.0109800E-003   5.9218181E-009
7.3414000E-003   5.3710300E-009
7.6873900E-003   4.7265400E-009
8.0496800E-003   4.3586200E-009
8.4290500E-003   3.9038000E-009
8.8263000E-003   3.5067931E-009
9.2422700E-003   3.1075400E-009
9.6778500E-003   2.7694000E-009
1.0133900E-002   2.4810400E-009
1.0611500E-002   2.2725800E-009
1.1111700E-002   2.0305700E-009
1.1635300E-002   1.7723500E-009
1.2183700E-002   1.5897800E-009
1.2757900E-002   1.3642700E-009
1.3359100E-002   1.2129200E-009
1.3988700E-002   1.0856200E-009
1.4648000E-002   9.5948005E-010
1.5338400E-002   8.3826600E-010
1.6061200E-002   7.5284600E-010
1.6818200E-002   6.7629602E-010
1.7610800E-002   5.9803600E-010
1.8440800E-002   5.3889798E-010
1.9309800E-002   4.7502002E-010
2.0219900E-002   4.3125101E-010
2.1172800E-002   3.8092399E-010
2.2170700E-002   3.4114100E-010
2.3215500E-002   3.0551300E-010
 37
 1   2   3   4
 xy
 100
1.0133900E-003   9.4944200E-008
1.0611500E-003   9.2247100E-008
1.1111700E-003   8.9204000E-008
1.1635300E-003   8.6271500E-008
1.2183700E-003   8.2753400E-008
1.2757900E-003   7.9377600E-008
1.3359100E-003   7.6293100E-008
1.3988700E-003   7.3296800E-008
1.4648000E-003   6.9706900E-008
1.5338400E-003   6.6588000E-008
1.6061200E-003   6.3321800E-008
1.6818200E-003   6.0436700E-008
1.7610800E-003   5.7720900E-008
1.8440800E-003   5.4869700E-008
1.9309800E-003   5.2412200E-008
2.0219900E-003   4.9444100E-008
2.1172800E-003   4.6336400E-008
2.2170700E-003   4.4020300E-008
2.3215500E-003   4.1558900E-008
2.4309700E-003   3.9127500E-008
2.5455300E-003   3.6792700E-008
2.6655000E-003   3.4718700E-008
2.7911200E-003   3.2355100E-008
2.9226600E-003   3.0268600E-008
3.0604000E-003   2.8078000E-008
3.2046400E-003   2.6390800E-008
3.3556700E-003   2.4688500E-008
3.5138100E-003   2.2843600E-008
3.6794100E-003   2.0864000E-008
3.8528200E-003   1.9544600E-008
4.0344000E-003   1.8247000E-008
4.2245300E-003   1.6918770E-008
4.4236300E-003   1.5454008E-008
4.6321100E-003   1.4327301E-008
4.8504100E-003   1.3248660E-008
5.0790100E-003   1.2189134E-008
5.3183700E-003   1.1263200E-008
5.5690200E-003   1.0184600E-008
5.8314800E-003   9.0971239E-009
6.1063100E-003   8.2473051E-009
6.3940900E-003   7.4341768E-009
6.6954300E-003   6.7204331E-009
7.0109800E-003   6.2304659E-009
7.3414000E-003   5.7762208E-009
7.6873900E-003   5.0915419E-009
8.0496800E-003   4.5891600E-009
8.4290500E-003   4.1523900E-009
8.8263000E-003   3.7387600E-009
9.2422700E-003   3.3154921E-009
9.6778500E-003   2.9224929E-009
1.0133900E-002   2.5760769E-009
1.0611500E-002   2.3074300E-009
1.1111700E-002   2.0015660E-009
1.1635300E-002   1.7591300E-009
1.2183700E-002   1.5551810E-009
1.2757900E-002   1.4032400E-009
1.3359100E-002   1.2901440E-009
1.3988700E-002   1.1488780E-009
1.4648000E-002   1.0221400E-009
1.5338400E-002   9.1546898E-010
1.6061200E-002   8.1668899E-010
1.6818200E-002   7.2609402E-010
1.7610800E-002   6.4301198E-010
1.8440800E-002   5.6679300E-010
1.9309800E-002   5.1027199E-010
2.0219900E-002   4.5366699E-010
2.1172800E-002   4.0864601E-010
2.2170700E-002   3.6331499E-010
2.3215500E-002   3.1882000E-010
 38
 1   2   3   4
 xy
 100
1.0133900E-003   9.4350100E-008
1.0611500E-003   9.1028200E-008
1.1111700E-003   8.7825200E-008
1.1635300E-003   8.4745800E-008
1.2183700E-003   8.1753600E-008
1.2757900E-003   7.8755200E-008
1.3359100E-003   7.5581700E-008
1.3988700E-003   7.2465000E-008
1.4648000E-003   6.9489300E-008
1.5338400E-003   6.6367100E-008
1.6061200E-003   6.3161900E-008
1.6818200E-003   6.0520500E-008
1.7610800E-003   5.7534800E-008
1.8440800E-003   5.4666600E-008
1.9309800E-003   5.2172000E-008
2.0219900E-003   4.9279900E-008
2.1172800E-003   4.6598900E-008
2.2170700E-003   4.3968300E-008
2.3215500E-003   4.1670300E-008
2.4309700E-003   3.8977900E-008
2.5455300E-003   3.6713400E-008
2.6655000E-003   3.4275400E-008
2.7911200E-003   3.2426600E-008
2.9226600E-003   3.0017600E-008
3.0604000E-003   2.8055100E-008
3.2046400E-003   2.6280900E-008
3.3556700E-003   2.4271300E-008
3.5138100E-003   2.2586200E-008
3.6794100E-003   2.1027800E-008
3.8528200E-003   1.9249500E-008
4.0344000E-003   1.7983100E-008
4.2245300E-003   1.6525400E-008
4.4236300E-003   1.5104000E-008
4.6321100E-003   1.4169396E-008
4.8504100E-003   1.2974100E-008
5.0790100E-003   1.1802800E-008
5.3183700E-003   1.0783200E-008
5.5690200E-003   9.7536300E-009
5.8314800E-003   8.9464600E-009
6.1063100E-003   8.1316700E-009
6.3940900E-003   7.5106179E-009
6.6954300E-003   6.7147061E-009
7.0109800E-003   6.0031389E-009
7.3414000E-003   5.3806000E-009
7.6873900E-003   4.8583240E-009
8.0496800E-003   4.3333700E-009
8.4290500E-003   3.9149600E-009
8.8263000E-003   3.5422100E-009
9.2422700E-003   3.1820191E-009
9.6778500E-003   2.8448151E-009
1.0133900E-002   2.4810500E-009
1.0611500E-002   2.1736100E-009
1.1111700E-002   1.8873100E-009
1.1635300E-002   1.6657949E-009
1.2183700E-002   1.4892680E-009
1.2757900E-002   1.3033720E-009
1.3359100E-002   1.1438900E-009
1.3988700E-002   1.0236900E-009
1.4648000E-002   8.9265800E-010
1.5338400E-002   8.0695500E-010
1.6061200E-002   7.1615800E-010
1.6818200E-002   6.3761100E-010
1.7610800E-002   5.5267002E-010
1.8440800E-002   4.7502002E-010
1.9309800E-002   4.2169701E-010
2.0219900E-002   3.6517400E-010
2.1172800E-002   3.1622799E-010
2.2170700E-002   2.7384200E-010
2.3215500E-002   2.3603300E-010
 39
 1   2   3   4
 xy
 100
1.0133900E-003   9.0117100E-008
1.0611500E-003   8.7472000E-008
1.1111700E-003   8.4754900E-008
1.1635300E-003   8.1461800E-008
1.2183700E-003   7.8827400E-008
1.2757900E-003   7.6147500E-008
1.3359100E-003   7.3467700E-008
1.3988700E-003   7.0252400E-008
1.4648000E-003   6.7687800E-008
1.5338400E-003   6.5182900E-008
1.6061200E-003   6.1979400E-008
1.6818200E-003   5.9283400E-008
1.7610800E-003   5.6647400E-008
1.8440800E-003   5.3474800E-008
1.9309800E-003   5.1291800E-008
2.0219900E-003   4.8387400E-008
2.1172800E-003   4.6042800E-008
2.2170700E-003   4.3350100E-008
2.3215500E-003   4.0893800E-008
2.4309700E-003   3.8573200E-008
2.5455300E-003   3.6374100E-008
2.6655000E-003   3.4305500E-008
2.7911200E-003   3.2427800E-008
2.9226600E-003   3.0333900E-008
3.0604000E-003   2.8159600E-008
3.2046400E-003   2.6291800E-008
3.3556700E-003   2.4369100E-008
3.5138100E-003   2.2763000E-008
3.6794100E-003   2.1016300E-008
3.8528200E-003   1.9443500E-008
4.0344000E-003   1.8041100E-008
4.2245300E-003   1.6746200E-008
4.4236300E-003   1.5542900E-008
4.6321100E-003   1.4116200E-008
4.8504100E-003   1.2860400E-008
5.0790100E-003   1.1925600E-008
5.3183700E-003   1.0829900E-008
5.5690200E-003   9.8613800E-009
5.8314800E-003   8.9403100E-009
6.1063100E-003   8.1962900E-009
6.3940900E-003   7.5035200E-009
6.6954300E-003   6.9221000E-009
7.0109800E-003   6.1192200E-009
7.3414000E-003   5.4116000E-009
7.6873900E-003   4.9711100E-009
8.0496800E-003   4.4612700E-009
8.4290500E-003   4.0727719E-009
8.8263000E-003   3.5971200E-009
9.2422700E-003   3.2846079E-009
9.6778500E-003   2.9684351E-009
1.0133900E-002   2.6889200E-009
1.0611500E-002   2.4157200E-009
1.1111700E-002   2.1363400E-009
1.1635300E-002   1.9064250E-009
1.2183700E-002   1.7012540E-009
1.2757900E-002   1.4990780E-009
1.3359100E-002   1.3209280E-009
1.3988700E-002   1.1584300E-009
1.4648000E-002   1.0126970E-009
1.5338400E-002   8.9237900E-010
1.6061200E-002   7.8632900E-010
1.6818200E-002   6.8417100E-010
1.7610800E-002   5.9917900E-010
1.8440800E-002   5.3066300E-010
1.9309800E-002   4.5315801E-010
2.0219900E-002   3.9710099E-010
2.1172800E-002   3.4551101E-010
2.2170700E-002   3.0444999E-010
2.3215500E-002   2.6156699E-010
 40
 1   2   3   4
 xy
 100
1.0133900E-003   8.8241900E-008
1.0611500E-003   8.5719300E-008
1.1111700E-003   8.2939800E-008
1.1635300E-003   8.0088900E-008
1.2183700E-003   7.7446500E-008
1.2757900E-003   7.4853800E-008
1.3359100E-003   7.2018700E-008
1.3988700E-003   6.9063800E-008
1.4648000E-003   6.6308100E-008
1.5338400E-003   6.3646400E-008
1.6061200E-003   6.0544100E-008
1.6818200E-003   5.8103400E-008
1.7610800E-003   5.5646900E-008
1.8440800E-003   5.2806800E-008
1.9309800E-003   5.0256700E-008
2.0219900E-003   4.7602400E-008
2.1172800E-003   4.5018400E-008
2.2170700E-003   4.2287500E-008
2.3215500E-003   4.0069800E-008
2.4309700E-003   3.7866100E-008
2.5455300E-003   3.5578200E-008
2.6655000E-003   3.3499200E-008
2.7911200E-003   3.1456500E-008
2.9226600E-003   2.9739900E-008
3.0604000E-003   2.7826700E-008
3.2046400E-003   2.5718300E-008
3.3556700E-003   2.3950300E-008
3.5138100E-003   2.2444200E-008
3.6794100E-003   2.0781000E-008
3.8528200E-003   1.8927800E-008
4.0344000E-003   1.7721200E-008
4.2245300E-003   1.6291900E-008
4.4236300E-003   1.5126500E-008
4.6321100E-003   1.3937100E-008
4.8504100E-003   1.2921200E-008
5.0790100E-003   1.1799110E-008
5.3183700E-003   1.0814600E-008
5.5690200E-003   9.7142700E-009
5.8314800E-003   8.8992254E-009
6.1063100E-003   8.0283900E-009
6.3940900E-003   7.3052700E-009
6.6954300E-003   6.6396271E-009
7.0109800E-003   5.9687700E-009
7.3414000E-003   5.5399600E-009
7.6873900E-003   5.0077960E-009
8.0496800E-003   4.4880202E-009
8.4290500E-003   3.9820600E-009
8.8263000E-003   3.5642100E-009
9.2422700E-003   3.1751690E-009
9.6778500E-003   2.8487379E-009
1.0133900E-002   2.5118860E-009
1.0611500E-002   2.2141420E-009
1.1111700E-002   1.9516910E-009
1.1635300E-002   1.6991000E-009
1.2183700E-002   1.5020289E-009
1.2757900E-002   1.3330690E-009
1.3359100E-002   1.1703500E-009
1.3988700E-002   1.0385760E-009
1.4648000E-002   9.1546898E-010
1.5338400E-002   8.0933299E-010
1.6061200E-002   7.0967700E-010
1.6818200E-002   6.1136601E-010
1.7610800E-002   5.3889798E-010
1.8440800E-002   4.6318399E-010
1.9309800E-002   4.0828099E-010
2.0219900E-002   3.5486200E-010
2.1172800E-002   3.1044900E-010
2.2170700E-002   2.6786601E-010
2.3215500E-002   2.3244100E-010
 41
 1   2   3   4
 xy
 100
1.0133900E-003   8.6373500E-008
1.0611500E-003   8.3656700E-008
1.1111700E-003   8.0794800E-008
1.1635300E-003   7.7842800E-008
1.2183700E-003   7.5691300E-008
1.2757900E-003   7.3155500E-008
1.3359100E-003   6.9824700E-008
1.3988700E-003   6.7374400E-008
1.4648000E-003   6.4822100E-008
1.5338400E-003   6.2242800E-008
1.6061200E-003   5.9242600E-008
1.6818200E-003   5.6892500E-008
1.7610800E-003   5.4387700E-008
1.8440800E-003   5.1867100E-008
1.9309800E-003   4.9153200E-008
2.0219900E-003   4.6647600E-008
2.1172800E-003   4.4574100E-008
2.2170700E-003   4.1777000E-008
2.3215500E-003   3.9839000E-008
2.4309700E-003   3.7240900E-008
2.5455300E-003   3.5301500E-008
2.6655000E-003   3.2929500E-008
2.7911200E-003   3.1131700E-008
2.9226600E-003   2.9200000E-008
3.0604000E-003   2.7441200E-008
3.2046400E-003   2.5999800E-008
3.3556700E-003   2.4062500E-008
3.5138100E-003   2.2057000E-008
3.6794100E-003   2.0685800E-008
3.8528200E-003   1.9171800E-008
4.0344000E-003   1.7527100E-008
4.2245300E-003   1.6153200E-008
4.4236300E-003   1.5092500E-008
4.6321100E-003   1.3675100E-008
4.8504100E-003   1.2603300E-008
5.0790100E-003   1.1617000E-008
5.3183700E-003   1.0741200E-008
5.5690200E-003   9.7433800E-009
5.8314800E-003   8.8196300E-009
6.1063100E-003   8.2115550E-009
6.3940900E-003   7.4655000E-009
6.6954300E-003   6.8246551E-009
7.0109800E-003   6.1139900E-009
7.3414000E-003   5.5239400E-009
7.6873900E-003   5.0403900E-009
8.0496800E-003   4.5562100E-009
8.4290500E-003   4.0715900E-009
8.8263000E-003   3.5554500E-009
9.2422700E-003   3.1136771E-009
9.6778500E-003   2.7548490E-009
1.0133900E-002   2.4339299E-009
1.0611500E-002   2.1470321E-009
1.1111700E-002   1.8873920E-009
1.1635300E-002   1.6990040E-009
1.2183700E-002   1.5171711E-009
1.2757900E-002   1.3738241E-009
1.3359100E-002   1.2209460E-009
1.3988700E-002   1.1087740E-009
1.4648000E-002   9.8746200E-010
1.5338400E-002   8.9265800E-010
1.6061200E-002   7.9934698E-010
1.6818200E-002   7.1466599E-010
1.7610800E-002   6.3024702E-010
1.8440800E-002   5.4777499E-010
1.9309800E-002   4.8974502E-010
2.0219900E-002   4.3786200E-010
2.1172800E-002   3.8066900E-010
2.2170700E-002   3.3561101E-010
2.3215500E-002   2.9640301E-010
