 41
 Wed Sep 04 11:11:27 2019
 1
 1   2   3   4
 xy
 100
1.0133900E-003   3.4082898E-008
1.0611500E-003   3.3779100E-008
1.1111700E-003   3.3668552E-008
1.1635300E-003   3.3259241E-008
1.2183700E-003   3.2455493E-008
1.2757900E-003   3.2060928E-008
1.3359100E-003   3.1286135E-008
1.3988700E-003   3.0987400E-008
1.4648000E-003   3.0711400E-008
1.5338400E-003   3.0158912E-008
1.6061200E-003   2.9070900E-008
1.6818200E-003   2.8362700E-008
1.7610800E-003   2.7684141E-008
1.8440800E-003   2.6721000E-008
1.9309800E-003   2.5746300E-008
2.0219900E-003   2.5103507E-008
2.1172800E-003   2.4314300E-008
2.2170700E-003   2.3500071E-008
2.3215500E-003   2.2486695E-008
2.4309700E-003   2.1459100E-008
2.5455300E-003   2.0811800E-008
2.6655000E-003   1.9897787E-008
2.7911200E-003   1.8977600E-008
2.9226600E-003   1.8125300E-008
3.0604000E-003   1.7369600E-008
3.2046400E-003   1.6320500E-008
3.3556700E-003   1.5659800E-008
3.5138100E-003   1.5018509E-008
3.6794100E-003   1.4189400E-008
3.8528200E-003   1.3618527E-008
4.0344000E-003   1.2730000E-008
4.2245300E-003   1.1965400E-008
4.4236300E-003   1.1084500E-008
4.6321100E-003   1.0444026E-008
4.8504100E-003   9.8495800E-009
5.0790100E-003   9.2587600E-009
5.3183700E-003   8.5745100E-009
5.5690200E-003   7.9645100E-009
5.8314800E-003   7.3777602E-009
6.1063100E-003   6.8761100E-009
6.3940900E-003   6.3794152E-009
6.6954300E-003   5.9255100E-009
7.0109800E-003   5.5225340E-009
7.3414000E-003   5.0463100E-009
7.6873900E-003   4.6415889E-009
8.0496800E-003   4.2607109E-009
8.4290500E-003   3.9587700E-009
8.8263000E-003   3.6062900E-009
9.2422700E-003   3.2955529E-009
9.6778500E-003   3.0251279E-009
1.0133900E-002   2.7607410E-009
1.0611500E-002   2.4874269E-009
1.1111700E-002   2.2763720E-009
1.1635300E-002   2.0390789E-009
1.2183700E-002   1.8352350E-009
1.2757900E-002   1.6613130E-009
1.3359100E-002   1.5064500E-009
1.3988700E-002   1.3660230E-009
1.4648000E-002   1.2236280E-009
1.5338400E-002   1.1172600E-009
1.6061200E-002   1.0055170E-009
1.6818200E-002   9.1070701E-010
1.7610800E-002   8.1580998E-010
1.8440800E-002   7.3888701E-010
1.9309800E-002   6.6189398E-010
2.0219900E-002   5.9292399E-010
2.1172800E-002   5.3701699E-010
2.2170700E-002   4.8105903E-010
2.3215500E-002   4.2621601E-010
 2
 1   2   3   4
 xy
 100
1.0133900E-003   3.3876700E-008
1.0611500E-003   3.3540300E-008
1.1111700E-003   3.2906100E-008
1.1635300E-003   3.2404300E-008
1.2183700E-003   3.2684400E-008
1.2757900E-003   3.1981600E-008
1.3359100E-003   3.1326500E-008
1.3988700E-003   3.0602400E-008
1.4648000E-003   2.9972956E-008
1.5338400E-003   2.9564400E-008
1.6061200E-003   2.8862300E-008
1.6818200E-003   2.7960239E-008
1.7610800E-003   2.7069200E-008
1.8440800E-003   2.6491400E-008
1.9309800E-003   2.5922900E-008
2.0219900E-003   2.4901553E-008
2.1172800E-003   2.4324100E-008
2.2170700E-003   2.2964400E-008
2.3215500E-003   2.2427700E-008
2.4309700E-003   2.1258400E-008
2.5455300E-003   2.0517800E-008
2.6655000E-003   1.9727800E-008
2.7911200E-003   1.9236500E-008
2.9226600E-003   1.8017900E-008
3.0604000E-003   1.7590695E-008
3.2046400E-003   1.6409462E-008
3.3556700E-003   1.5638800E-008
3.5138100E-003   1.4759100E-008
3.6794100E-003   1.4040000E-008
3.8528200E-003   1.3537200E-008
4.0344000E-003   1.2794200E-008
4.2245300E-003   1.1935600E-008
4.4236300E-003   1.1177200E-008
4.6321100E-003   1.0444026E-008
4.8504100E-003   9.7426982E-009
5.0790100E-003   9.1943706E-009
5.3183700E-003   8.5006100E-009
5.5690200E-003   7.8177500E-009
5.8314800E-003   7.3476100E-009
6.1063100E-003   6.8221600E-009
6.3940900E-003   6.4927800E-009
6.6954300E-003   5.9890581E-009
7.0109800E-003   5.6303000E-009
7.3414000E-003   5.2249300E-009
7.6873900E-003   4.7518900E-009
8.0496800E-003   4.3781300E-009
8.4290500E-003   4.0283590E-009
8.8263000E-003   3.6652410E-009
9.2422700E-003   3.3133800E-009
9.6778500E-003   3.0234519E-009
1.0133900E-002   2.7321200E-009
1.0611500E-002   2.5118860E-009
1.1111700E-002   2.3162201E-009
1.1635300E-002   2.0868769E-009
1.2183700E-002   1.9021520E-009
1.2757900E-002   1.7337790E-009
1.3359100E-002   1.5987240E-009
1.3988700E-002   1.4404250E-009
1.4648000E-002   1.3276300E-009
1.5338400E-002   1.1967060E-009
1.6061200E-002   1.0990709E-009
1.6818200E-002   1.0058090E-009
1.7610800E-002   9.0621799E-010
1.8440800E-002   8.1648799E-010
1.9309800E-002   7.3564199E-010
2.0219900E-002   6.6920303E-010
2.1172800E-002   5.9824101E-010
2.2170700E-002   5.3804400E-010
2.3215500E-002   4.8476900E-010
 3
 1   2   3   4
 xy
 100
1.0133900E-003   3.3646300E-008
1.0611500E-003   3.3309800E-008
1.1111700E-003   3.2609100E-008
1.1635300E-003   3.2503900E-008
1.2183700E-003   3.2354500E-008
1.2757900E-003   3.1747400E-008
1.3359100E-003   3.0909700E-008
1.3988700E-003   3.0523300E-008
1.4648000E-003   2.9972956E-008
1.5338400E-003   2.9627712E-008
1.6061200E-003   2.8854600E-008
1.6818200E-003   2.7865600E-008
1.7610800E-003   2.6943400E-008
1.8440800E-003   2.6147300E-008
1.9309800E-003   2.5655000E-008
2.0219900E-003   2.4687500E-008
2.1172800E-003   2.3946200E-008
2.2170700E-003   2.3081900E-008
2.3215500E-003   2.2445300E-008
2.4309700E-003   2.1501000E-008
2.5455300E-003   2.0557200E-008
2.6655000E-003   1.9650100E-008
2.7911200E-003   1.8757000E-008
2.9226600E-003   1.8104800E-008
3.0604000E-003   1.7172700E-008
3.2046400E-003   1.6493800E-008
3.3556700E-003   1.5539500E-008
3.5138100E-003   1.4757800E-008
3.6794100E-003   1.4025100E-008
3.8528200E-003   1.3376800E-008
4.0344000E-003   1.2662800E-008
4.2245300E-003   1.1782000E-008
4.4236300E-003   1.1204300E-008
4.6321100E-003   1.0570000E-008
4.8504100E-003   9.9409500E-009
5.0790100E-003   9.2301500E-009
5.3183700E-003   8.5850800E-009
5.5690200E-003   8.0942399E-009
5.8314800E-003   7.6386897E-009
6.1063100E-003   7.0506400E-009
6.3940900E-003   6.5382600E-009
6.6954300E-003   6.1294481E-009
7.0109800E-003   5.6868100E-009
7.3414000E-003   5.1516902E-009
7.6873900E-003   4.7503930E-009
8.0496800E-003   4.3803561E-009
8.4290500E-003   3.9751100E-009
8.8263000E-003   3.6816099E-009
9.2422700E-003   3.4050100E-009
9.6778500E-003   3.1067600E-009
1.0133900E-002   2.8204239E-009
1.0611500E-002   2.5677100E-009
1.1111700E-002   2.3519500E-009
1.1635300E-002   2.1223300E-009
1.2183700E-002   1.9381500E-009
1.2757900E-002   1.7639300E-009
1.3359100E-002   1.5811900E-009
1.3988700E-002   1.4404250E-009
1.4648000E-002   1.3129220E-009
1.5338400E-002   1.1677800E-009
1.6061200E-002   1.0413820E-009
1.6818200E-002   9.1939900E-010
1.7610800E-002   8.1648799E-010
1.8440800E-002   7.3564199E-010
1.9309800E-002   6.4016098E-010
2.0219900E-002   5.5516503E-010
2.1172800E-002   4.8711002E-010
2.2170700E-002   4.2739701E-010
2.3215500E-002   3.6806400E-010
 4
 1   2   3   4
 xy
 100
1.0133900E-003   3.4293600E-008
1.0611500E-003   3.3939800E-008
1.1111700E-003   3.3061900E-008
1.1635300E-003   3.2777600E-008
1.2183700E-003   3.2718400E-008
1.2757900E-003   3.2250900E-008
1.3359100E-003   3.1453300E-008
1.3988700E-003   3.0984300E-008
1.4648000E-003   3.0621200E-008
1.5338400E-003   2.9392300E-008
1.6061200E-003   2.8615659E-008
1.6818200E-003   2.8202000E-008
1.7610800E-003   2.7201500E-008
1.8440800E-003   2.6517500E-008
1.9309800E-003   2.5782246E-008
2.0219900E-003   2.4732000E-008
2.1172800E-003   2.4050941E-008
2.2170700E-003   2.3035100E-008
2.3215500E-003   2.2419400E-008
2.4309700E-003   2.1526400E-008
2.5455300E-003   2.0808200E-008
2.6655000E-003   1.9751383E-008
2.7911200E-003   1.8856960E-008
2.9226600E-003   1.8212800E-008
3.0604000E-003   1.7203600E-008
3.2046400E-003   1.6409462E-008
3.3556700E-003   1.5552900E-008
3.5138100E-003   1.4902200E-008
3.6794100E-003   1.4201000E-008
3.8528200E-003   1.3446200E-008
4.0344000E-003   1.2677100E-008
4.2245300E-003   1.1975200E-008
4.4236300E-003   1.1200000E-008
4.6321100E-003   1.0559700E-008
4.8504100E-003   9.8562269E-009
5.0790100E-003   9.2174700E-009
5.3183700E-003   8.6308700E-009
5.5690200E-003   8.0532400E-009
5.8314800E-003   7.4637310E-009
6.1063100E-003   6.9403100E-009
6.3940900E-003   6.5706760E-009
6.6954300E-003   6.0822100E-009
7.0109800E-003   5.5855700E-009
7.3414000E-003   5.1652600E-009
7.6873900E-003   4.7503930E-009
8.0496800E-003   4.3503200E-009
8.4290500E-003   3.9926191E-009
8.8263000E-003   3.6583000E-009
9.2422700E-003   3.4153100E-009
9.6778500E-003   3.0943259E-009
1.0133900E-002   2.8213300E-009
1.0611500E-002   2.5721800E-009
1.1111700E-002   2.3960021E-009
1.1635300E-002   2.1858619E-009
1.2183700E-002   2.0155910E-009
1.2757900E-002   1.8478500E-009
1.3359100E-002   1.6812840E-009
1.3988700E-002   1.5297320E-009
1.4648000E-002   1.3918410E-009
1.5338400E-002   1.2680740E-009
1.6061200E-002   1.1293541E-009
1.6818200E-002   1.0058090E-009
1.7610800E-002   8.8564900E-010
1.8440800E-002   7.8859702E-010
1.9309800E-002   7.0232897E-010
2.0219900E-002   6.1829403E-010
2.1172800E-002   5.4488902E-010
2.2170700E-002   4.8476900E-010
2.3215500E-002   4.3173801E-010
 5
 1   2   3   4
 xy
 100
1.0133900E-003   3.6751800E-008
1.0611500E-003   3.6409500E-008
1.1111700E-003   3.6347900E-008
1.1635300E-003   3.5463100E-008
1.2183700E-003   3.4551200E-008
1.2757900E-003   3.4066500E-008
1.3359100E-003   3.3910500E-008
1.3988700E-003   3.2831200E-008
1.4648000E-003   3.1972300E-008
1.5338400E-003   3.1238900E-008
1.6061200E-003   3.0224900E-008
1.6818200E-003   2.9515500E-008
1.7610800E-003   2.8687500E-008
1.8440800E-003   2.7620200E-008
1.9309800E-003   2.6981600E-008
2.0219900E-003   2.5868300E-008
2.1172800E-003   2.5252400E-008
2.2170700E-003   2.4364200E-008
2.3215500E-003   2.3500071E-008
2.4309700E-003   2.2355200E-008
2.5455300E-003   2.1300300E-008
2.6655000E-003   2.0677400E-008
2.7911200E-003   1.9633000E-008
2.9226600E-003   1.8840200E-008
3.0604000E-003   1.7754000E-008
3.2046400E-003   1.6898600E-008
3.3556700E-003   1.6101400E-008
3.5138100E-003   1.5438400E-008
3.6794100E-003   1.4465400E-008
3.8528200E-003   1.3727100E-008
4.0344000E-003   1.2859600E-008
4.2245300E-003   1.2141623E-008
4.4236300E-003   1.1462300E-008
4.6321100E-003   1.0764900E-008
4.8504100E-003   9.9970300E-009
5.0790100E-003   9.3387900E-009
5.3183700E-003   8.7625500E-009
5.5690200E-003   8.1182400E-009
5.8314800E-003   7.5507041E-009
6.1063100E-003   6.9917400E-009
6.3940900E-003   6.4428900E-009
6.6954300E-003   5.9917100E-009
7.0109800E-003   5.6115700E-009
7.3414000E-003   5.2070600E-009
7.6873900E-003   4.7131400E-009
8.0496800E-003   4.4271100E-009
8.4290500E-003   4.0125500E-009
8.8263000E-003   3.6932400E-009
9.2422700E-003   3.4145491E-009
9.6778500E-003   3.0943259E-009
1.0133900E-002   2.8204239E-009
1.0611500E-002   2.5411571E-009
1.1111700E-002   2.3162201E-009
1.1635300E-002   2.0953100E-009
1.2183700E-002   1.8988300E-009
1.2757900E-002   1.7138080E-009
1.3359100E-002   1.5441139E-009
1.3988700E-002   1.3912210E-009
1.4648000E-002   1.2390300E-009
1.5338400E-002   1.1163460E-009
1.6061200E-002   1.0058090E-009
1.6818200E-002   8.8564900E-010
1.7610800E-002   7.9173601E-010
1.8440800E-002   7.0778000E-010
1.9309800E-002   6.3272798E-010
2.0219900E-002   5.5516503E-010
2.1172800E-002   4.9629600E-010
2.2170700E-002   4.4366899E-010
2.3215500E-002   3.9662201E-010
 6
 1   2   3   4
 xy
 100
1.0133900E-003   3.5266500E-008
1.0611500E-003   3.4402400E-008
1.1111700E-003   3.4015900E-008
1.1635300E-003   3.3485300E-008
1.2183700E-003   3.3080600E-008
1.2757900E-003   3.2315600E-008
1.3359100E-003   3.1682700E-008
1.3988700E-003   3.1735200E-008
1.4648000E-003   3.0575500E-008
1.5338400E-003   2.9930300E-008
1.6061200E-003   2.9627900E-008
1.6818200E-003   2.9286445E-008
1.7610800E-003   2.8615659E-008
1.8440800E-003   2.7363200E-008
1.9309800E-003   2.6386614E-008
2.0219900E-003   2.5630100E-008
2.1172800E-003   2.4464500E-008
2.2170700E-003   2.3592500E-008
2.3215500E-003   2.2981200E-008
2.4309700E-003   2.1781500E-008
2.5455300E-003   2.0914800E-008
2.6655000E-003   2.0170100E-008
2.7911200E-003   1.9435400E-008
2.9226600E-003   1.8587000E-008
3.0604000E-003   1.7483600E-008
3.2046400E-003   1.6886900E-008
3.3556700E-003   1.5984800E-008
3.5138100E-003   1.5298000E-008
3.6794100E-003   1.4319900E-008
3.8528200E-003   1.3692900E-008
4.0344000E-003   1.3005900E-008
4.2245300E-003   1.2232400E-008
4.4236300E-003   1.1578300E-008
4.6321100E-003   1.0729700E-008
4.8504100E-003   1.0001000E-008
5.0790100E-003   9.5127700E-009
5.3183700E-003   8.8496600E-009
5.5690200E-003   8.2359200E-009
5.8314800E-003   7.5983600E-009
6.1063100E-003   7.0436661E-009
6.3940900E-003   6.5446700E-009
6.6954300E-003   6.0588459E-009
7.0109800E-003   5.6068372E-009
7.3414000E-003   5.1148000E-009
7.6873900E-003   4.7123800E-009
8.0496800E-003   4.3717400E-009
8.4290500E-003   3.9926191E-009
8.8263000E-003   3.6652410E-009
9.2422700E-003   3.3557230E-009
9.6778500E-003   3.0586840E-009
1.0133900E-002   2.7911600E-009
1.0611500E-002   2.5964100E-009
1.1111700E-002   2.3400799E-009
1.1635300E-002   2.1111950E-009
1.2183700E-002   1.9021520E-009
1.2757900E-002   1.7053200E-009
1.3359100E-002   1.5168700E-009
1.3988700E-002   1.3555500E-009
1.4648000E-002   1.1995900E-009
1.5338400E-002   1.0734190E-009
1.6061200E-002   9.6026198E-010
1.6818200E-002   8.5521501E-010
1.7610800E-002   7.7053502E-010
1.8440800E-002   6.8532602E-010
1.9309800E-002   6.0899702E-010
2.0219900E-002   5.4431298E-010
2.1172800E-002   4.7918502E-010
2.2170700E-002   4.2733600E-010
2.3215500E-002   3.8450801E-010
 7
 1   2   3   4
 xy
 100
1.0133900E-003   3.5377700E-008
1.0611500E-003   3.4909100E-008
1.1111700E-003   3.3970900E-008
1.1635300E-003   3.3426700E-008
1.2183700E-003   3.3280300E-008
1.2757900E-003   3.2643600E-008
1.3359100E-003   3.1889800E-008
1.3988700E-003   3.1425400E-008
1.4648000E-003   3.0992500E-008
1.5338400E-003   2.9995500E-008
1.6061200E-003   2.9202500E-008
1.6818200E-003   2.8615659E-008
1.7610800E-003   2.7322000E-008
1.8440800E-003   2.6924400E-008
1.9309800E-003   2.6375500E-008
2.0219900E-003   2.5782246E-008
2.1172800E-003   2.4635000E-008
2.2170700E-003   2.4050941E-008
2.3215500E-003   2.2850600E-008
2.4309700E-003   2.1738500E-008
2.5455300E-003   2.1012400E-008
2.6655000E-003   2.0214378E-008
2.7911200E-003   1.9278700E-008
2.9226600E-003   1.8121700E-008
3.0604000E-003   1.7355300E-008
3.2046400E-003   1.6756500E-008
3.3556700E-003   1.5554000E-008
3.5138100E-003   1.5038800E-008
3.6794100E-003   1.4070100E-008
3.8528200E-003   1.3498300E-008
4.0344000E-003   1.2624300E-008
4.2245300E-003   1.1916800E-008
4.4236300E-003   1.1130600E-008
4.6321100E-003   1.0549700E-008
4.8504100E-003   9.8562269E-009
5.0790100E-003   9.1943706E-009
5.3183700E-003   8.5769587E-009
5.5690200E-003   7.9088478E-009
5.8314800E-003   7.4149500E-009
6.1063100E-003   6.8823360E-009
6.3940900E-003   6.4201791E-009
6.6954300E-003   5.9308800E-009
7.0109800E-003   5.5225340E-009
7.3414000E-003   5.1516902E-009
7.6873900E-003   4.7401100E-009
8.0496800E-003   4.4241500E-009
8.4290500E-003   4.0713200E-009
8.8263000E-003   3.7029900E-009
9.2422700E-003   3.3859300E-009
9.6778500E-003   3.0943259E-009
1.0133900E-002   2.8148800E-009
1.0611500E-002   2.6007241E-009
1.1111700E-002   2.3717400E-009
1.1635300E-002   2.1713800E-009
1.2183700E-002   1.9835169E-009
1.2757900E-002   1.8160150E-009
1.3359100E-002   1.6715670E-009
1.3988700E-002   1.5224950E-009
1.4648000E-002   1.3912210E-009
1.5338400E-002   1.2680740E-009
1.6061200E-002   1.1425140E-009
1.6818200E-002   1.0293870E-009
1.7610800E-002   9.1936703E-010
1.8440800E-002   8.2600199E-010
1.9309800E-002   7.2716899E-010
2.0219900E-002   6.4762101E-010
2.1172800E-002   5.7677502E-010
2.2170700E-002   5.1367899E-010
2.3215500E-002   4.5221599E-010
 8
 1   2   3   4
 xy
 100
1.0133900E-003   3.6563200E-008
1.0611500E-003   3.6018900E-008
1.1111700E-003   3.5613300E-008
1.1635300E-003   3.5140600E-008
1.2183700E-003   3.4624500E-008
1.2757900E-003   3.3967600E-008
1.3359100E-003   3.2819100E-008
1.3988700E-003   3.2151100E-008
1.4648000E-003   3.1588200E-008
1.5338400E-003   3.0544700E-008
1.6061200E-003   2.9745700E-008
1.6818200E-003   2.9078600E-008
1.7610800E-003   2.8233100E-008
1.8440800E-003   2.7494800E-008
1.9309800E-003   2.6482100E-008
2.0219900E-003   2.5514600E-008
2.1172800E-003   2.4830100E-008
2.2170700E-003   2.3872900E-008
2.3215500E-003   2.2961500E-008
2.4309700E-003   2.2004100E-008
2.5455300E-003   2.1188400E-008
2.6655000E-003   2.0010100E-008
2.7911200E-003   1.9507400E-008
2.9226600E-003   1.8524100E-008
3.0604000E-003   1.7483600E-008
3.2046400E-003   1.6700800E-008
3.3556700E-003   1.5831200E-008
3.5138100E-003   1.5001800E-008
3.6794100E-003   1.4302200E-008
3.8528200E-003   1.3603400E-008
4.0344000E-003   1.2705800E-008
4.2245300E-003   1.1863527E-008
4.4236300E-003   1.1189800E-008
4.6321100E-003   1.0482900E-008
4.8504100E-003   9.9370100E-009
5.0790100E-003   9.1852000E-009
5.3183700E-003   8.5168500E-009
5.5690200E-003   7.8841000E-009
5.8314800E-003   7.4571800E-009
6.1063100E-003   6.8853900E-009
6.3940900E-003   6.4468800E-009
6.6954300E-003   5.9304200E-009
7.0109800E-003   5.4610200E-009
7.3414000E-003   5.1226800E-009
7.6873900E-003   4.7048900E-009
8.0496800E-003   4.3299009E-009
8.4290500E-003   3.9173000E-009
8.8263000E-003   3.5559600E-009
9.2422700E-003   3.2788630E-009
9.6778500E-003   2.9886269E-009
1.0133900E-002   2.6963061E-009
1.0611500E-002   2.4532600E-009
1.1111700E-002   2.1800250E-009
1.1635300E-002   1.9372219E-009
1.2183700E-002   1.7539820E-009
1.2757900E-002   1.5621070E-009
1.3359100E-002   1.3978900E-009
1.3988700E-002   1.2630480E-009
1.4648000E-002   1.1182500E-009
1.5338400E-002   1.0058090E-009
1.6061200E-002   8.8546198E-010
1.6818200E-002   8.0708301E-010
1.7610800E-002   7.1051298E-010
1.8440800E-002   6.2549899E-010
1.9309800E-002   5.5707300E-010
2.0219900E-002   4.9613202E-010
2.1172800E-002   4.4185799E-010
2.2170700E-002   3.8898901E-010
2.3215500E-002   3.4643599E-010
 9
 1   2   3   4
 xy
 100
1.0133900E-003   3.6300300E-008
1.0611500E-003   3.6053800E-008
1.1111700E-003   3.5709100E-008
1.1635300E-003   3.4936900E-008
1.2183700E-003   3.4783500E-008
1.2757900E-003   3.4188200E-008
1.3359100E-003   3.3654569E-008
1.3988700E-003   3.2883733E-008
1.4648000E-003   3.1739200E-008
1.5338400E-003   3.0675558E-008
1.6061200E-003   3.0322219E-008
1.6818200E-003   2.9470600E-008
1.7610800E-003   2.8389000E-008
1.8440800E-003   2.7519500E-008
1.9309800E-003   2.6386614E-008
2.0219900E-003   2.5493100E-008
2.1172800E-003   2.4866300E-008
2.2170700E-003   2.4199800E-008
2.3215500E-003   2.3143700E-008
2.4309700E-003   2.2371100E-008
2.5455300E-003   2.1197900E-008
2.6655000E-003   2.0354500E-008
2.7911200E-003   1.9690100E-008
2.9226600E-003   1.8583100E-008
3.0604000E-003   1.7975600E-008
3.2046400E-003   1.7187793E-008
3.3556700E-003   1.6220451E-008
3.5138100E-003   1.5485924E-008
3.6794100E-003   1.4678900E-008
3.8528200E-003   1.3688600E-008
4.0344000E-003   1.3043700E-008
4.2245300E-003   1.2515145E-008
4.4236300E-003   1.1726878E-008
4.6321100E-003   1.1066879E-008
4.8504100E-003   1.0248100E-008
5.0790100E-003   9.6304769E-009
5.3183700E-003   8.8803009E-009
5.5690200E-003   8.4781648E-009
5.8314800E-003   7.7277011E-009
6.1063100E-003   7.2087780E-009
6.3940900E-003   6.6354400E-009
6.6954300E-003   6.1557600E-009
7.0109800E-003   5.7178489E-009
7.3414000E-003   5.2233449E-009
7.6873900E-003   4.7525099E-009
8.0496800E-003   4.4274522E-009
8.4290500E-003   4.0862109E-009
8.8263000E-003   3.8118171E-009
9.2422700E-003   3.4343861E-009
9.6778500E-003   3.1548000E-009
1.0133900E-002   2.8532900E-009
1.0611500E-002   2.5719140E-009
1.1111700E-002   2.3400799E-009
1.1635300E-002   2.1291440E-009
1.2183700E-002   1.8585850E-009
1.2757900E-002   1.6738600E-009
1.3359100E-002   1.4913680E-009
1.3988700E-002   1.3282210E-009
1.4648000E-002   1.1558280E-009
1.5338400E-002   1.0413820E-009
1.6061200E-002   9.1936703E-010
1.6818200E-002   8.2600199E-010
1.7610800E-002   7.3564199E-010
1.8440800E-002   6.5516698E-010
1.9309800E-002   5.9029498E-010
2.0219900E-002   5.3184601E-010
2.1172800E-002   4.7366500E-010
2.2170700E-002   4.2184900E-010
2.3215500E-002   3.7570100E-010
 10
 1   2   3   4
 xy
 100
1.0133900E-003   3.6841400E-008
1.0611500E-003   3.6046400E-008
1.1111700E-003   3.5654100E-008
1.1635300E-003   3.5295100E-008
1.2183700E-003   3.4560500E-008
1.2757900E-003   3.3997161E-008
1.3359100E-003   3.3234200E-008
1.3988700E-003   3.2766700E-008
1.4648000E-003   3.1610900E-008
1.5338400E-003   3.1006900E-008
1.6061200E-003   3.0129500E-008
1.6818200E-003   2.9178500E-008
1.7610800E-003   2.8714500E-008
1.8440800E-003   2.7900100E-008
1.9309800E-003   2.6783470E-008
2.0219900E-003   2.5962200E-008
2.1172800E-003   2.5019300E-008
2.2170700E-003   2.4241200E-008
2.3215500E-003   2.3269900E-008
2.4309700E-003   2.2793400E-008
2.5455300E-003   2.1346600E-008
2.6655000E-003   2.0510000E-008
2.7911200E-003   1.9402700E-008
2.9226600E-003   1.8782600E-008
3.0604000E-003   1.7822900E-008
3.2046400E-003   1.7004400E-008
3.3556700E-003   1.6357600E-008
3.5138100E-003   1.5391000E-008
3.6794100E-003   1.4472900E-008
3.8528200E-003   1.3701500E-008
4.0344000E-003   1.2920400E-008
4.2245300E-003   1.2366200E-008
4.4236300E-003   1.1533000E-008
4.6321100E-003   1.0786800E-008
4.8504100E-003   1.0025100E-008
5.0790100E-003   9.5288000E-009
5.3183700E-003   8.8006127E-009
5.5690200E-003   8.2305500E-009
5.8314800E-003   7.6324600E-009
6.1063100E-003   7.1188900E-009
6.3940900E-003   6.5505259E-009
6.6954300E-003   6.0802300E-009
7.0109800E-003   5.6514229E-009
7.3414000E-003   5.2131200E-009
7.6873900E-003   4.7525099E-009
8.0496800E-003   4.3045300E-009
8.4290500E-003   3.9549200E-009
8.8263000E-003   3.6154200E-009
9.2422700E-003   3.3139449E-009
9.6778500E-003   3.0615900E-009
1.0133900E-002   2.8182400E-009
1.0611500E-002   2.5521429E-009
1.1111700E-002   2.3268300E-009
1.1635300E-002   2.1040589E-009
1.2183700E-002   1.8996269E-009
1.2757900E-002   1.7393000E-009
1.3359100E-002   1.5662890E-009
1.3988700E-002   1.4125700E-009
1.4648000E-002   1.2765620E-009
1.5338400E-002   1.1437800E-009
1.6061200E-002   1.0238970E-009
1.6818200E-002   9.0986002E-010
1.7610800E-002   8.1050300E-010
1.8440800E-002   7.3175399E-010
1.9309800E-002   6.5370898E-010
2.0219900E-002   5.9646599E-010
2.1172800E-002   5.3243199E-010
2.2170700E-002   4.8069998E-010
2.3215500E-002   4.2424800E-010
 11
 1   2   3   4
 xy
 100
1.0133900E-003   3.6929800E-008
1.0611500E-003   3.6573100E-008
1.1111700E-003   3.5373000E-008
1.1635300E-003   3.4543000E-008
1.2183700E-003   3.3997161E-008
1.2757900E-003   3.3246100E-008
1.3359100E-003   3.2487325E-008
1.3988700E-003   3.2201400E-008
1.4648000E-003   3.1835200E-008
1.5338400E-003   3.1050100E-008
1.6061200E-003   3.0160500E-008
1.6818200E-003   2.9665827E-008
1.7610800E-003   2.8672128E-008
1.8440800E-003   2.8028223E-008
1.9309800E-003   2.7178400E-008
2.0219900E-003   2.6191400E-008
2.1172800E-003   2.5417229E-008
2.2170700E-003   2.4244621E-008
2.3215500E-003   2.2938000E-008
2.4309700E-003   2.2090500E-008
2.5455300E-003   2.1341414E-008
2.6655000E-003   2.0387100E-008
2.7911200E-003   1.9505700E-008
2.9226600E-003   1.8947700E-008
3.0604000E-003   1.7993600E-008
3.2046400E-003   1.7199337E-008
3.3556700E-003   1.6249905E-008
3.5138100E-003   1.5528235E-008
3.6794100E-003   1.4505376E-008
3.8528200E-003   1.4019497E-008
4.0344000E-003   1.3100400E-008
4.2245300E-003   1.2515145E-008
4.4236300E-003   1.1958642E-008
4.6321100E-003   1.1121256E-008
4.8504100E-003   1.0265200E-008
5.0790100E-003   9.4292300E-009
5.3183700E-003   8.7651700E-009
5.5690200E-003   8.1640200E-009
5.8314800E-003   7.5647700E-009
6.1063100E-003   7.0414300E-009
6.3940900E-003   6.6253429E-009
6.6954300E-003   6.1889258E-009
7.0109800E-003   5.7159708E-009
7.3414000E-003   5.2791589E-009
7.6873900E-003   4.8757278E-009
8.0496800E-003   4.4522750E-009
8.4290500E-003   4.0655990E-009
8.8263000E-003   3.7125050E-009
9.2422700E-003   3.3900771E-009
9.6778500E-003   3.1013000E-009
1.0133900E-002   2.8256800E-009
1.0611500E-002   2.5719140E-009
1.1111700E-002   2.3304920E-009
1.1635300E-002   2.1291440E-009
1.2183700E-002   1.9372219E-009
1.2757900E-002   1.7626000E-009
1.3359100E-002   1.6203830E-009
1.3988700E-002   1.4629450E-009
1.4648000E-002   1.3046800E-009
1.5338400E-002   1.1727500E-009
1.6061200E-002   1.0644540E-009
1.6818200E-002   9.3944896E-010
1.7610800E-002   8.4817098E-010
1.8440800E-002   7.5322198E-010
1.9309800E-002   6.6933098E-010
2.0219900E-002   5.9646599E-010
2.1172800E-002   5.3480200E-010
2.2170700E-002   4.8069998E-010
2.3215500E-002   4.2424800E-010
 12
 1   2   3   4
 xy
 100
1.0133900E-003   3.6578200E-008
1.0611500E-003   3.6390500E-008
1.1111700E-003   3.6185300E-008
1.1635300E-003   3.5016400E-008
1.2183700E-003   3.4248800E-008
1.2757900E-003   3.3973500E-008
1.3359100E-003   3.3254100E-008
1.3988700E-003   3.2549400E-008
1.4648000E-003   3.1512300E-008
1.5338400E-003   3.1016800E-008
1.6061200E-003   3.0602300E-008
1.6818200E-003   2.9353400E-008
1.7610800E-003   2.8592800E-008
1.8440800E-003   2.8028223E-008
1.9309800E-003   2.7398778E-008
2.0219900E-003   2.6783470E-008
2.1172800E-003   2.6024633E-008
2.2170700E-003   2.5019219E-008
2.3215500E-003   2.3908097E-008
2.4309700E-003   2.3107260E-008
2.5455300E-003   2.2081050E-008
2.6655000E-003   2.0670400E-008
2.7911200E-003   1.9586400E-008
2.9226600E-003   1.8417600E-008
3.0604000E-003   1.7707600E-008
3.2046400E-003   1.6698000E-008
3.3556700E-003   1.6200000E-008
3.5138100E-003   1.5514500E-008
3.6794100E-003   1.4569700E-008
3.8528200E-003   1.3588100E-008
4.0344000E-003   1.2715100E-008
4.2245300E-003   1.2111600E-008
4.4236300E-003   1.1529100E-008
4.6321100E-003   1.0746100E-008
4.8504100E-003   1.0179400E-008
5.0790100E-003   9.4666800E-009
5.3183700E-003   8.7074900E-009
5.5690200E-003   8.1865600E-009
5.8314800E-003   7.6515000E-009
6.1063100E-003   7.1003878E-009
6.3940900E-003   6.6253429E-009
6.6954300E-003   6.2277600E-009
7.0109800E-003   5.7812559E-009
7.3414000E-003   5.2791589E-009
7.6873900E-003   4.8757278E-009
8.0496800E-003   4.4522750E-009
8.4290500E-003   4.1120338E-009
8.8263000E-003   3.7549079E-009
9.2422700E-003   3.4618600E-009
9.6778500E-003   3.1771400E-009
1.0133900E-002   2.8942659E-009
1.0611500E-002   2.6333760E-009
1.1111700E-002   2.3702400E-009
1.1635300E-002   2.1437500E-009
1.2183700E-002   1.9213231E-009
1.2757900E-002   1.7544580E-009
1.3359100E-002   1.5484209E-009
1.3988700E-002   1.3979750E-009
1.4648000E-002   1.2478940E-009
1.5338400E-002   1.1139240E-009
1.6061200E-002   9.8310904E-010
1.6818200E-002   8.5785801E-010
1.7610800E-002   7.5510400E-010
1.8440800E-002   6.6933098E-010
1.9309800E-002   5.9646599E-010
2.0219900E-002   5.2641902E-010
2.1172800E-002   4.6924498E-010
2.2170700E-002   4.1472101E-010
2.3215500E-002   3.7019801E-010
 13
 1   2   3   4
 xy
 100
1.0133900E-003   3.7314000E-008
1.0611500E-003   3.6841300E-008
1.1111700E-003   3.6191500E-008
1.1635300E-003   3.5781700E-008
1.2183700E-003   3.4995500E-008
1.2757900E-003   3.4266300E-008
1.3359100E-003   3.3382900E-008
1.3988700E-003   3.3115800E-008
1.4648000E-003   3.2125600E-008
1.5338400E-003   3.1152800E-008
1.6061200E-003   3.0671500E-008
1.6818200E-003   2.9417200E-008
1.7610800E-003   2.8772500E-008
1.8440800E-003   2.7923900E-008
1.9309800E-003   2.7217000E-008
2.0219900E-003   2.6312000E-008
2.1172800E-003   2.5281800E-008
2.2170700E-003   2.4181164E-008
2.3215500E-003   2.3419500E-008
2.4309700E-003   2.2760000E-008
2.5455300E-003   2.1813700E-008
2.6655000E-003   2.0790400E-008
2.7911200E-003   1.9935635E-008
2.9226600E-003   1.8835154E-008
3.0604000E-003   1.8194900E-008
3.2046400E-003   1.7094100E-008
3.3556700E-003   1.6433900E-008
3.5138100E-003   1.5528235E-008
3.6794100E-003   1.4719500E-008
3.8528200E-003   1.3795700E-008
4.0344000E-003   1.3053300E-008
4.2245300E-003   1.2211700E-008
4.4236300E-003   1.1558070E-008
4.6321100E-003   1.0841200E-008
4.8504100E-003   1.0236400E-008
5.0790100E-003   9.4323000E-009
5.3183700E-003   8.9919400E-009
5.5690200E-003   8.2211400E-009
5.8314800E-003   7.6793913E-009
6.1063100E-003   7.1519200E-009
6.3940900E-003   6.6108300E-009
6.6954300E-003   6.1190368E-009
7.0109800E-003   5.6514229E-009
7.3414000E-003   5.2791589E-009
7.6873900E-003   4.8021300E-009
8.0496800E-003   4.3869300E-009
8.4290500E-003   4.0766100E-009
8.8263000E-003   3.8398000E-009
9.2422700E-003   3.4961469E-009
9.6778500E-003   3.2219800E-009
1.0133900E-002   2.9466400E-009
1.0611500E-002   2.6707530E-009
1.1111700E-002   2.3960021E-009
1.1635300E-002   2.1769799E-009
1.2183700E-002   1.9879109E-009
1.2757900E-002   1.7626000E-009
1.3359100E-002   1.5839930E-009
1.3988700E-002   1.3918410E-009
1.4648000E-002   1.2368230E-009
1.5338400E-002   1.0990709E-009
1.6061200E-002   9.7665998E-010
1.6818200E-002   8.6925700E-010
1.7610800E-002   7.7708101E-010
1.8440800E-002   6.9925599E-010
1.9309800E-002   6.0952299E-010
2.0219900E-002   5.3851301E-010
2.1172800E-002   4.7809401E-010
2.2170700E-002   4.1945800E-010
2.3215500E-002   3.6806400E-010
 14
 1   2   3   4
 xy
 100
1.0133900E-003   3.6840200E-008
1.0611500E-003   3.6077300E-008
1.1111700E-003   3.5428100E-008
1.1635300E-003   3.5406000E-008
1.2183700E-003   3.4923000E-008
1.2757900E-003   3.4204300E-008
1.3359100E-003   3.3807700E-008
1.3988700E-003   3.3245900E-008
1.4648000E-003   3.2305400E-008
1.5338400E-003   3.1162100E-008
1.6061200E-003   3.0626900E-008
1.6818200E-003   2.9831900E-008
1.7610800E-003   2.9199000E-008
1.8440800E-003   2.8479600E-008
1.9309800E-003   2.7398778E-008
2.0219900E-003   2.6316800E-008
2.1172800E-003   2.5021200E-008
2.2170700E-003   2.4512300E-008
2.3215500E-003   2.3638114E-008
2.4309700E-003   2.2825000E-008
2.5455300E-003   2.1696900E-008
2.6655000E-003   2.0719600E-008
2.7911200E-003   1.9935635E-008
2.9226600E-003   1.9247800E-008
3.0604000E-003   1.8412162E-008
3.2046400E-003   1.7436000E-008
3.3556700E-003   1.6587900E-008
3.5138100E-003   1.5606100E-008
3.6794100E-003   1.4819000E-008
3.8528200E-003   1.4166800E-008
4.0344000E-003   1.3208900E-008
4.2245300E-003   1.2373097E-008
4.4236300E-003   1.1823599E-008
4.6321100E-003   1.1041500E-008
4.8504100E-003   1.0214700E-008
5.0790100E-003   9.6376329E-009
5.3183700E-003   9.1052300E-009
5.5690200E-003   8.3342000E-009
5.8314800E-003   7.8696200E-009
6.1063100E-003   7.2818500E-009
6.3940900E-003   6.7010149E-009
6.6954300E-003   6.1623111E-009
7.0109800E-003   5.7159708E-009
7.3414000E-003   5.2791589E-009
7.6873900E-003   4.8686800E-009
8.0496800E-003   4.4019979E-009
8.4290500E-003   4.1120338E-009
8.8263000E-003   3.7977941E-009
9.2422700E-003   3.4474600E-009
9.6778500E-003   3.2023400E-009
1.0133900E-002   2.9247671E-009
1.0611500E-002   2.7012570E-009
1.1111700E-002   2.4532600E-009
1.1635300E-002   2.2269930E-009
1.2183700E-002   2.0309181E-009
1.2757900E-002   1.8359960E-009
1.3359100E-002   1.6544000E-009
1.3988700E-002   1.5136470E-009
1.4648000E-002   1.3821880E-009
1.5338400E-002   1.2478940E-009
1.6061200E-002   1.1266470E-009
1.6818200E-002   1.0171810E-009
1.7610800E-002   9.1835101E-010
1.8440800E-002   8.2187801E-010
1.9309800E-002   7.3472700E-010
2.0219900E-002   6.5681699E-010
2.1172800E-002   5.8972999E-010
2.2170700E-002   5.2490601E-010
2.3215500E-002   4.6924498E-010
 15
 1   2   3   4
 xy
 100
1.0133900E-003   3.7061000E-008
1.0611500E-003   3.6465700E-008
1.1111700E-003   3.5909500E-008
1.1635300E-003   3.5322100E-008
1.2183700E-003   3.4768200E-008
1.2757900E-003   3.4492300E-008
1.3359100E-003   3.3524000E-008
1.3988700E-003   3.2713300E-008
1.4648000E-003   3.2439000E-008
1.5338400E-003   3.1393600E-008
1.6061200E-003   3.0323000E-008
1.6818200E-003   2.9845500E-008
1.7610800E-003   2.8997100E-008
1.8440800E-003   2.8072800E-008
1.9309800E-003   2.7413900E-008
2.0219900E-003   2.6354500E-008
2.1172800E-003   2.5867700E-008
2.2170700E-003   2.4511700E-008
2.3215500E-003   2.3905200E-008
2.4309700E-003   2.2675500E-008
2.5455300E-003   2.1831699E-008
2.6655000E-003   2.0944300E-008
2.7911200E-003   2.0233200E-008
2.9226600E-003   1.9487929E-008
3.0604000E-003   1.8450500E-008
3.2046400E-003   1.7663800E-008
3.3556700E-003   1.6512300E-008
3.5138100E-003   1.5705590E-008
3.6794100E-003   1.4938500E-008
3.8528200E-003   1.4143200E-008
4.0344000E-003   1.3096020E-008
4.2245300E-003   1.2474400E-008
4.4236300E-003   1.1731300E-008
4.6321100E-003   1.1092000E-008
4.8504100E-003   1.0435078E-008
5.0790100E-003   9.6376329E-009
5.3183700E-003   8.9714000E-009
5.5690200E-003   8.4108300E-009
5.8314800E-003   7.8575300E-009
6.1063100E-003   7.2677500E-009
6.3940900E-003   6.8492400E-009
6.6954300E-003   6.2596128E-009
7.0109800E-003   5.7159708E-009
7.3414000E-003   5.2791589E-009
7.6873900E-003   4.8206692E-009
8.0496800E-003   4.4987300E-009
8.4290500E-003   4.0655990E-009
8.8263000E-003   3.6941700E-009
9.2422700E-003   3.3900771E-009
9.6778500E-003   3.0606939E-009
1.0133900E-002   2.8056100E-009
1.0611500E-002   2.5812930E-009
1.1111700E-002   2.3400799E-009
1.1635300E-002   2.1040589E-009
1.2183700E-002   1.8996269E-009
1.2757900E-002   1.7346460E-009
1.3359100E-002   1.5662890E-009
1.3988700E-002   1.4128670E-009
1.4648000E-002   1.2630480E-009
1.5338400E-002   1.1395150E-009
1.6061200E-002   1.0171810E-009
1.6818200E-002   8.8758900E-010
1.7610800E-002   7.7708101E-010
1.8440800E-002   6.9925599E-010
1.9309800E-002   6.1016903E-010
2.0219900E-002   5.3243199E-010
2.1172800E-002   4.6924498E-010
2.2170700E-002   4.1172199E-010
2.3215500E-002   3.6125100E-010
 16
 1   2   3   4
 xy
 100
1.0133900E-003   3.6943000E-008
1.0611500E-003   3.6724100E-008
1.1111700E-003   3.6228800E-008
1.1635300E-003   3.5606400E-008
1.2183700E-003   3.4998400E-008
1.2757900E-003   3.4477000E-008
1.3359100E-003   3.3934500E-008
1.3988700E-003   3.3351300E-008
1.4648000E-003   3.2547600E-008
1.5338400E-003   3.1988900E-008
1.6061200E-003   3.1171600E-008
1.6818200E-003   3.0347355E-008
1.7610800E-003   2.9361400E-008
1.8440800E-003   2.8411500E-008
1.9309800E-003   2.7552200E-008
2.0219900E-003   2.6846400E-008
2.1172800E-003   2.5659400E-008
2.2170700E-003   2.4736687E-008
2.3215500E-003   2.3767500E-008
2.4309700E-003   2.3107260E-008
2.5455300E-003   2.2270200E-008
2.6655000E-003   2.1550000E-008
2.7911200E-003   2.0513600E-008
2.9226600E-003   1.9522900E-008
3.0604000E-003   1.8644200E-008
3.2046400E-003   1.7629700E-008
3.3556700E-003   1.6821000E-008
3.5138100E-003   1.5996300E-008
3.6794100E-003   1.5017300E-008
3.8528200E-003   1.4272000E-008
4.0344000E-003   1.3565000E-008
4.2245300E-003   1.2762100E-008
4.4236300E-003   1.1897500E-008
4.6321100E-003   1.1300800E-008
4.8504100E-003   1.0587500E-008
5.0790100E-003   9.8528100E-009
5.3183700E-003   9.2035900E-009
5.5690200E-003   8.5962600E-009
5.8314800E-003   8.0706500E-009
6.1063100E-003   7.4221580E-009
6.3940900E-003   6.9332540E-009
6.6954300E-003   6.3324600E-009
7.0109800E-003   5.8575400E-009
7.3414000E-003   5.4621210E-009
7.6873900E-003   5.0239900E-009
8.0496800E-003   4.6267400E-009
8.4290500E-003   4.2545460E-009
8.8263000E-003   3.8850430E-009
9.2422700E-003   3.5622000E-009
9.6778500E-003   3.1676400E-009
1.0133900E-002   2.9223500E-009
1.0611500E-002   2.6274000E-009
1.1111700E-002   2.3840310E-009
1.1635300E-002   2.1712709E-009
1.2183700E-002   1.9372219E-009
1.2757900E-002   1.7544580E-009
1.3359100E-002   1.5661060E-009
1.3988700E-002   1.3979750E-009
1.4648000E-002   1.2621461E-009
1.5338400E-002   1.1139240E-009
1.6061200E-002   9.9433795E-010
1.6818200E-002   8.8758900E-010
1.7610800E-002   7.8965201E-010
1.8440800E-002   7.0152800E-010
1.9309800E-002   6.2101702E-010
2.0219900E-002   5.5516503E-010
2.1172800E-002   4.9629600E-010
2.2170700E-002   4.4366899E-010
2.3215500E-002   3.9182799E-010
 17
 1   2   3   4
 xy
 100
1.0133900E-003   3.7166600E-008
1.0611500E-003   3.6783200E-008
1.1111700E-003   3.7253900E-008
1.1635300E-003   3.6267000E-008
1.2183700E-003   3.5122000E-008
1.2757900E-003   3.4398900E-008
1.3359100E-003   3.4096700E-008
1.3988700E-003   3.3437800E-008
1.4648000E-003   3.2452200E-008
1.5338400E-003   3.1645300E-008
1.6061200E-003   3.1327800E-008
1.6818200E-003   3.0231000E-008
1.7610800E-003   2.9298100E-008
1.8440800E-003   2.8575100E-008
1.9309800E-003   2.7329500E-008
2.0219900E-003   2.6481016E-008
2.1172800E-003   2.5832200E-008
2.2170700E-003   2.5006807E-008
2.3215500E-003   2.4182164E-008
2.4309700E-003   2.3165600E-008
2.5455300E-003   2.2588328E-008
2.6655000E-003   2.1341414E-008
2.7911200E-003   2.0651500E-008
2.9226600E-003   1.9935635E-008
3.0604000E-003   1.8674600E-008
3.2046400E-003   1.7998671E-008
3.3556700E-003   1.7097700E-008
3.5138100E-003   1.5983400E-008
3.6794100E-003   1.5151900E-008
3.8528200E-003   1.4262500E-008
4.0344000E-003   1.3658800E-008
4.2245300E-003   1.2841200E-008
4.4236300E-003   1.2095228E-008
4.6321100E-003   1.1558070E-008
4.8504100E-003   1.0813856E-008
5.0790100E-003   9.9356900E-009
5.3183700E-003   9.3148067E-009
5.5690200E-003   8.6029726E-009
5.8314800E-003   7.9455376E-009
6.1063100E-003   7.5069302E-009
6.3940900E-003   6.9357300E-009
6.6954300E-003   6.4765540E-009
7.0109800E-003   5.9349200E-009
7.3414000E-003   5.4022000E-009
7.6873900E-003   4.9490000E-009
8.0496800E-003   4.6065791E-009
8.4290500E-003   4.2485600E-009
8.8263000E-003   3.8850430E-009
9.2422700E-003   3.6123000E-009
9.6778500E-003   3.2765219E-009
1.0133900E-002   2.9903919E-009
1.0611500E-002   2.7012570E-009
1.1111700E-002   2.4372900E-009
1.1635300E-002   2.1624771E-009
1.2183700E-002   1.9198800E-009
1.2757900E-002   1.7292749E-009
1.3359100E-002   1.4965540E-009
1.3988700E-002   1.3522840E-009
1.4648000E-002   1.1958310E-009
1.5338400E-002   1.0483659E-009
1.6061200E-002   9.3160302E-010
1.6818200E-002   8.3859297E-010
1.7610800E-002   7.5711398E-010
1.8440800E-002   6.6933098E-010
1.9309800E-002   6.0952299E-010
2.0219900E-002   5.4466298E-010
2.1172800E-002   4.8618998E-010
2.2170700E-002   4.3399501E-010
2.3215500E-002   3.9182799E-010
 18
 1   2   3   4
 xy
 100
1.0133900E-003   3.7367500E-008
1.0611500E-003   3.6722900E-008
1.1111700E-003   3.5753900E-008
1.1635300E-003   3.5606900E-008
1.2183700E-003   3.5276300E-008
1.2757900E-003   3.4285800E-008
1.3359100E-003   3.3952500E-008
1.3988700E-003   3.3170600E-008
1.4648000E-003   3.2403000E-008
1.5338400E-003   3.1978225E-008
1.6061200E-003   3.1102900E-008
1.6818200E-003   3.0331200E-008
1.7610800E-003   2.9571529E-008
1.8440800E-003   2.8651400E-008
1.9309800E-003   2.7776800E-008
2.0219900E-003   2.7042002E-008
2.1172800E-003   2.6367400E-008
2.2170700E-003   2.5572135E-008
2.3215500E-003   2.4348300E-008
2.4309700E-003   2.3124784E-008
2.5455300E-003   2.2205000E-008
2.6655000E-003   2.1624768E-008
2.7911200E-003   2.0526300E-008
2.9226600E-003   1.9393500E-008
3.0604000E-003   1.8510700E-008
3.2046400E-003   1.7882456E-008
3.3556700E-003   1.6910800E-008
3.5138100E-003   1.6352804E-008
3.6794100E-003   1.5130700E-008
3.8528200E-003   1.4438400E-008
4.0344000E-003   1.3758900E-008
4.2245300E-003   1.2787808E-008
4.4236300E-003   1.2056800E-008
4.6321100E-003   1.1300700E-008
4.8504100E-003   1.0574792E-008
5.0790100E-003   9.8748300E-009
5.3183700E-003   9.3513393E-009
5.5690200E-003   8.7447543E-009
5.8314800E-003   8.1209600E-009
6.1063100E-003   7.6417700E-009
6.3940900E-003   7.1003878E-009
6.6954300E-003   6.6147412E-009
7.0109800E-003   6.1151590E-009
7.3414000E-003   5.6068372E-009
7.6873900E-003   5.1712110E-009
8.0496800E-003   4.6763060E-009
8.4290500E-003   4.3241171E-009
8.8263000E-003   3.9544621E-009
9.2422700E-003   3.6162000E-009
9.6778500E-003   3.3348551E-009
1.0133900E-002   3.0240050E-009
1.0611500E-002   2.7370300E-009
1.1111700E-002   2.4728850E-009
1.1635300E-002   2.2113640E-009
1.2183700E-002   1.9776349E-009
1.2757900E-002   1.7783700E-009
1.3359100E-002   1.5804580E-009
1.3988700E-002   1.3971400E-009
1.4648000E-002   1.2463200E-009
1.5338400E-002   1.1058320E-009
1.6061200E-002   9.6702302E-010
1.6818200E-002   8.5514301E-010
1.7610800E-002   7.3472700E-010
1.8440800E-002   6.5370898E-010
1.9309800E-002   5.7184901E-010
2.0219900E-002   5.0006799E-010
2.1172800E-002   4.3729700E-010
2.2170700E-002   3.8240600E-010
2.3215500E-002   3.3816300E-010
 19
 1   2   3   4
 xy
 100
1.0133900E-003   3.8033800E-008
1.0611500E-003   3.7626300E-008
1.1111700E-003   3.6797300E-008
1.1635300E-003   3.6263600E-008
1.2183700E-003   3.5686000E-008
1.2757900E-003   3.5032400E-008
1.3359100E-003   3.4519500E-008
1.3988700E-003   3.3848600E-008
1.4648000E-003   3.3360700E-008
1.5338400E-003   3.2060500E-008
1.6061200E-003   3.1411200E-008
1.6818200E-003   3.0899000E-008
1.7610800E-003   2.9959300E-008
1.8440800E-003   2.9050400E-008
1.9309800E-003   2.8049700E-008
2.0219900E-003   2.7042002E-008
2.1172800E-003   2.6285500E-008
2.2170700E-003   2.5314100E-008
2.3215500E-003   2.4579500E-008
2.4309700E-003   2.3647564E-008
2.5455300E-003   2.2613561E-008
2.6655000E-003   2.1735800E-008
2.7911200E-003   2.0868100E-008
2.9226600E-003   1.9734400E-008
3.0604000E-003   1.9107200E-008
3.2046400E-003   1.8083462E-008
3.3556700E-003   1.7205200E-008
3.5138100E-003   1.6536614E-008
3.6794100E-003   1.5654500E-008
3.8528200E-003   1.4931200E-008
4.0344000E-003   1.4044700E-008
4.2245300E-003   1.3099100E-008
4.4236300E-003   1.2358100E-008
4.6321100E-003   1.1580400E-008
4.8504100E-003   1.0800400E-008
5.0790100E-003   1.0150900E-008
5.3183700E-003   9.4574800E-009
5.5690200E-003   8.9259400E-009
5.8314800E-003   8.2283500E-009
6.1063100E-003   7.7017100E-009
6.3940900E-003   7.1568000E-009
6.6954300E-003   6.7623409E-009
7.0109800E-003   6.1404600E-009
7.3414000E-003   5.6316000E-009
7.6873900E-003   5.1720300E-009
8.0496800E-003   4.8357740E-009
8.4290500E-003   4.4274522E-009
8.8263000E-003   4.0283590E-009
9.2422700E-003   3.6663600E-009
9.6778500E-003   3.3757700E-009
1.0133900E-002   3.0553600E-009
1.0611500E-002   2.7948100E-009
1.1111700E-002   2.5083900E-009
1.1635300E-002   2.2942700E-009
1.2183700E-002   2.1265300E-009
1.2757900E-002   1.9152900E-009
1.3359100E-002   1.7352050E-009
1.3988700E-002   1.5683300E-009
1.4648000E-002   1.4300120E-009
1.5338400E-002   1.2505110E-009
1.6061200E-002   1.1182620E-009
1.6818200E-002   9.7789299E-010
1.7610800E-002   8.7447499E-010
1.8440800E-002   7.4780199E-010
1.9309800E-002   6.5393402E-010
2.0219900E-002   5.5410199E-010
2.1172800E-002   4.7809401E-010
2.2170700E-002   4.0893100E-010
2.3215500E-002   3.4580799E-010
 20
 1   2   3   4
 xy
 100
1.0133900E-003   3.7645500E-008
1.0611500E-003   3.7385300E-008
1.1111700E-003   3.6926400E-008
1.1635300E-003   3.5942200E-008
1.2183700E-003   3.5547300E-008
1.2757900E-003   3.5263200E-008
1.3359100E-003   3.4319100E-008
1.3988700E-003   3.3435400E-008
1.4648000E-003   3.2952900E-008
1.5338400E-003   3.2414100E-008
1.6061200E-003   3.1978225E-008
1.6818200E-003   3.0707800E-008
1.7610800E-003   2.9733700E-008
1.8440800E-003   2.8804700E-008
1.9309800E-003   2.8128000E-008
2.0219900E-003   2.7201300E-008
2.1172800E-003   2.6284900E-008
2.2170700E-003   2.5431400E-008
2.3215500E-003   2.4600300E-008
2.4309700E-003   2.3500400E-008
2.5455300E-003   2.2549400E-008
2.6655000E-003   2.1893600E-008
2.7911200E-003   2.0946700E-008
2.9226600E-003   2.0222053E-008
3.0604000E-003   1.9148500E-008
3.2046400E-003   1.8055100E-008
3.3556700E-003   1.7280400E-008
3.5138100E-003   1.6266400E-008
3.6794100E-003   1.5425800E-008
3.8528200E-003   1.4591700E-008
4.0344000E-003   1.3763700E-008
4.2245300E-003   1.2893900E-008
4.4236300E-003   1.2186600E-008
4.6321100E-003   1.1429100E-008
4.8504100E-003   1.0747000E-008
5.0790100E-003   1.0169100E-008
5.3183700E-003   9.3513393E-009
5.5690200E-003   8.7444100E-009
5.8314800E-003   7.9436400E-009
6.1063100E-003   7.3948949E-009
6.3940900E-003   6.8287100E-009
6.6954300E-003   6.3651700E-009
7.0109800E-003   5.8477698E-009
7.3414000E-003   5.3691800E-009
7.6873900E-003   4.8712500E-009
8.0496800E-003   4.4703400E-009
8.4290500E-003   4.0442900E-009
8.8263000E-003   3.7456500E-009
9.2422700E-003   3.4058100E-009
9.6778500E-003   3.1261400E-009
1.0133900E-002   2.8267151E-009
1.0611500E-002   2.5859570E-009
1.1111700E-002   2.3838671E-009
1.1635300E-002   2.1656400E-009
1.2183700E-002   1.9824800E-009
1.2757900E-002   1.8083460E-009
1.3359100E-002   1.6171040E-009
1.3988700E-002   1.4623410E-009
1.4648000E-002   1.3372530E-009
1.5338400E-002   1.1942060E-009
1.6061200E-002   1.0693660E-009
1.6818200E-002   9.6702302E-010
1.7610800E-002   8.4603600E-010
1.8440800E-002   7.4780199E-010
1.9309800E-002   6.6128503E-010
2.0219900E-002   5.8477700E-010
2.1172800E-002   5.1620302E-010
2.2170700E-002   4.5220999E-010
2.3215500E-002   3.9544601E-010
 21
 1   2   3   4
 xy
 100
1.0133900E-003   3.7210500E-008
1.0611500E-003   3.6639500E-008
1.1111700E-003   3.6359500E-008
1.1635300E-003   3.6256300E-008
1.2183700E-003   3.5134900E-008
1.2757900E-003   3.4512400E-008
1.3359100E-003   3.4151856E-008
1.3988700E-003   3.3374100E-008
1.4648000E-003   3.2747700E-008
1.5338400E-003   3.1933958E-008
1.6061200E-003   3.1398700E-008
1.6818200E-003   3.0879619E-008
1.7610800E-003   2.9951700E-008
1.8440800E-003   2.9191800E-008
1.9309800E-003   2.8271600E-008
2.0219900E-003   2.7610181E-008
2.1172800E-003   2.6341300E-008
2.2170700E-003   2.5740400E-008
2.3215500E-003   2.4515400E-008
2.4309700E-003   2.3606169E-008
2.5455300E-003   2.2756800E-008
2.6655000E-003   2.2038700E-008
2.7911200E-003   2.0930700E-008
2.9226600E-003   2.0190100E-008
3.0604000E-003   1.9446900E-008
3.2046400E-003   1.8357000E-008
3.3556700E-003   1.7531600E-008
3.5138100E-003   1.6608700E-008
3.6794100E-003   1.5717600E-008
3.8528200E-003   1.4925400E-008
4.0344000E-003   1.4011200E-008
4.2245300E-003   1.3301700E-008
4.4236300E-003   1.2505106E-008
4.6321100E-003   1.1693948E-008
4.8504100E-003   1.0932300E-008
5.0790100E-003   1.0226069E-008
5.3183700E-003   9.4397200E-009
5.5690200E-003   8.7447543E-009
5.8314800E-003   8.1952300E-009
6.1063100E-003   7.6616200E-009
6.3940900E-003   7.1617500E-009
6.6954300E-003   6.6834500E-009
7.0109800E-003   6.1484300E-009
7.3414000E-003   5.7483700E-009
7.6873900E-003   5.2643600E-009
8.0496800E-003   4.8548600E-009
8.4290500E-003   4.4221262E-009
8.8263000E-003   4.0379600E-009
9.2422700E-003   3.7073200E-009
9.6778500E-003   3.4196419E-009
1.0133900E-002   3.1369600E-009
1.0611500E-002   2.8793550E-009
1.1111700E-002   2.6034721E-009
1.1635300E-002   2.3960021E-009
1.2183700E-002   2.1800250E-009
1.2757900E-002   1.9774999E-009
1.3359100E-002   1.7683690E-009
1.3988700E-002   1.5991291E-009
1.4648000E-002   1.4460860E-009
1.5338400E-002   1.3008170E-009
1.6061200E-002   1.1761800E-009
1.6818200E-002   1.0634850E-009
1.7610800E-002   9.5088704E-010
1.8440800E-002   8.6945401E-010
1.9309800E-002   7.9499501E-010
2.0219900E-002   7.1882300E-010
2.1172800E-002   6.4994998E-010
2.2170700E-002   5.9428901E-010
2.3215500E-002   5.4339500E-010
 22
 1   2   3   4
 xy
 100
1.0133900E-003   3.7340500E-008
1.0611500E-003   3.6896800E-008
1.1111700E-003   3.6441800E-008
1.1635300E-003   3.6434100E-008
1.2183700E-003   3.5489400E-008
1.2757900E-003   3.4453700E-008
1.3359100E-003   3.4449300E-008
1.3988700E-003   3.3565700E-008
1.4648000E-003   3.2541600E-008
1.5338400E-003   3.1769300E-008
1.6061200E-003   3.1227138E-008
1.6818200E-003   3.0519300E-008
1.7610800E-003   2.9776900E-008
1.8440800E-003   2.9119900E-008
1.9309800E-003   2.8247500E-008
2.0219900E-003   2.7542000E-008
2.1172800E-003   2.6487900E-008
2.2170700E-003   2.5640300E-008
2.3215500E-003   2.4810800E-008
2.4309700E-003   2.4112600E-008
2.5455300E-003   2.3005000E-008
2.6655000E-003   2.2047000E-008
2.7911200E-003   2.1136400E-008
2.9226600E-003   2.0469700E-008
3.0604000E-003   1.9736095E-008
3.2046400E-003   1.8539200E-008
3.3556700E-003   1.7554000E-008
3.5138100E-003   1.6569800E-008
3.6794100E-003   1.5741200E-008
3.8528200E-003   1.4919509E-008
4.0344000E-003   1.4177200E-008
4.2245300E-003   1.3235700E-008
4.4236300E-003   1.2473556E-008
4.6321100E-003   1.1663494E-008
4.8504100E-003   1.0945500E-008
5.0790100E-003   1.0148800E-008
5.3183700E-003   9.3736000E-009
5.5690200E-003   8.8170227E-009
5.8314800E-003   8.2399600E-009
6.1063100E-003   7.6232212E-009
6.3940900E-003   7.0783800E-009
6.6954300E-003   6.5910570E-009
7.0109800E-003   6.0944312E-009
7.3414000E-003   5.6049500E-009
7.6873900E-003   5.1561400E-009
8.0496800E-003   4.8076900E-009
8.4290500E-003   4.3266300E-009
8.8263000E-003   3.9412200E-009
9.2422700E-003   3.6361200E-009
9.6778500E-003   3.2932030E-009
1.0133900E-002   2.9634311E-009
1.0611500E-002   2.6383200E-009
1.1111700E-002   2.4005100E-009
1.1635300E-002   2.1524260E-009
1.2183700E-002   1.9372219E-009
1.2757900E-002   1.7401360E-009
1.3359100E-002   1.5512061E-009
1.3988700E-002   1.3593560E-009
1.4648000E-002   1.1894170E-009
1.5338400E-002   1.0634850E-009
1.6061200E-002   9.2983998E-010
1.6818200E-002   8.1299001E-010
1.7610800E-002   7.1082401E-010
1.8440800E-002   6.3272798E-010
1.9309800E-002   5.5569399E-010
2.0219900E-002   4.8711002E-010
2.1172800E-002   4.2739701E-010
2.2170700E-002   3.6806400E-010
2.3215500E-002   3.2294400E-010
 23
 1   2   3   4
 xy
 100
1.0133900E-003   3.7972400E-008
1.0611500E-003   3.7271400E-008
1.1111700E-003   3.6581800E-008
1.1635300E-003   3.6580000E-008
1.2183700E-003   3.5792900E-008
1.2757900E-003   3.5317921E-008
1.3359100E-003   3.4536203E-008
1.3988700E-003   3.3771791E-008
1.4648000E-003   3.3435700E-008
1.5338400E-003   3.3024293E-008
1.6061200E-003   3.1624800E-008
1.6818200E-003   3.0765400E-008
1.7610800E-003   2.9864100E-008
1.8440800E-003   2.9199176E-008
1.9309800E-003   2.8411000E-008
2.0219900E-003   2.7395400E-008
2.1172800E-003   2.6999064E-008
2.2170700E-003   2.5740300E-008
2.3215500E-003   2.4957900E-008
2.4309700E-003   2.3792400E-008
2.5455300E-003   2.3083677E-008
2.6655000E-003   2.1978800E-008
2.7911200E-003   2.1290100E-008
2.9226600E-003   2.0428400E-008
3.0604000E-003   1.9736095E-008
3.2046400E-003   1.9000400E-008
3.3556700E-003   1.7913200E-008
3.5138100E-003   1.7063879E-008
3.6794100E-003   1.6078200E-008
3.8528200E-003   1.5223900E-008
4.0344000E-003   1.4234100E-008
4.2245300E-003   1.3641823E-008
4.4236300E-003   1.2627800E-008
4.6321100E-003   1.1794756E-008
4.8504100E-003   1.0949000E-008
5.0790100E-003   1.0360593E-008
5.3183700E-003   9.8389400E-009
5.5690200E-003   9.2206820E-009
5.8314800E-003   8.6218703E-009
6.1063100E-003   7.9903186E-009
6.3940900E-003   7.4544912E-009
6.6954300E-003   6.9346671E-009
7.0109800E-003   6.3734449E-009
7.3414000E-003   5.8276322E-009
7.6873900E-003   5.2692610E-009
8.0496800E-003   4.8722302E-009
8.4290500E-003   4.4274522E-009
8.8263000E-003   4.0283590E-009
9.2422700E-003   3.6652410E-009
9.6778500E-003   3.3348551E-009
1.0133900E-002   3.0342491E-009
1.0611500E-002   2.7169209E-009
1.1111700E-002   2.4288209E-009
1.1635300E-002   2.2011459E-009
1.2183700E-002   1.9461930E-009
1.2757900E-002   1.7214620E-009
1.3359100E-002   1.5224950E-009
1.3988700E-002   1.3582900E-009
1.4648000E-002   1.1894170E-009
1.5338400E-002   1.0516500E-009
1.6061200E-002   9.2983998E-010
1.6818200E-002   8.2213902E-010
1.7610800E-002   7.2112799E-010
1.8440800E-002   6.3272798E-010
1.9309800E-002   5.5569399E-010
2.0219900E-002   4.8586202E-010
2.1172800E-002   4.3442000E-010
2.2170700E-002   3.7982800E-010
2.3215500E-002   3.3583300E-010
 24
 1   2   3   4
 xy
 100
1.0133900E-003   3.7725500E-008
1.0611500E-003   3.7656200E-008
1.1111700E-003   3.7435500E-008
1.1635300E-003   3.6518600E-008
1.2183700E-003   3.5694200E-008
1.2757900E-003   3.5301900E-008
1.3359100E-003   3.5205000E-008
1.3988700E-003   3.4391600E-008
1.4648000E-003   3.3584800E-008
1.5338400E-003   3.2966458E-008
1.6061200E-003   3.2079800E-008
1.6818200E-003   3.1525700E-008
1.7610800E-003   3.0502633E-008
1.8440800E-003   2.9762100E-008
1.9309800E-003   2.8804000E-008
2.0219900E-003   2.8222949E-008
2.1172800E-003   2.7298864E-008
2.2170700E-003   2.6363800E-008
2.3215500E-003   2.5067700E-008
2.4309700E-003   2.4161981E-008
2.5455300E-003   2.3236100E-008
2.6655000E-003   2.2458200E-008
2.7911200E-003   2.1544700E-008
2.9226600E-003   2.0267300E-008
3.0604000E-003   1.9617800E-008
3.2046400E-003   1.8519500E-008
3.3556700E-003   1.7710700E-008
3.5138100E-003   1.6883400E-008
3.6794100E-003   1.6098600E-008
3.8528200E-003   1.5087600E-008
4.0344000E-003   1.4273600E-008
4.2245300E-003   1.3418712E-008
4.4236300E-003   1.2836119E-008
4.6321100E-003   1.2143317E-008
4.8504100E-003   1.1235759E-008
5.0790100E-003   1.0629333E-008
5.3183700E-003   9.9371300E-009
5.5690200E-003   9.3041068E-009
5.8314800E-003   8.7819254E-009
6.1063100E-003   8.1441049E-009
6.3940900E-003   7.3944700E-009
6.6954300E-003   6.8192239E-009
7.0109800E-003   6.2697300E-009
7.3414000E-003   5.7627769E-009
7.6873900E-003   5.2106199E-009
8.0496800E-003   4.6724800E-009
8.4290500E-003   4.2231938E-009
8.8263000E-003   3.8425130E-009
9.2422700E-003   3.4961469E-009
9.6778500E-003   3.1810030E-009
1.0133900E-002   2.8793550E-009
1.0611500E-002   2.5719140E-009
1.1111700E-002   2.3278239E-009
1.1635300E-002   2.1047850E-009
1.2183700E-002   1.9031161E-009
1.2757900E-002   1.7034339E-009
1.3359100E-002   1.5076940E-009
1.3988700E-002   1.3493370E-009
1.4648000E-002   1.1942860E-009
1.5338400E-002   1.0483659E-009
1.6061200E-002   9.3160302E-010
1.6818200E-002   8.2784402E-010
1.7610800E-002   7.3564199E-010
1.8440800E-002   6.4870598E-010
1.9309800E-002   5.8057098E-010
2.0219900E-002   5.0818799E-010
2.1172800E-002   4.5203499E-010
2.2170700E-002   3.9662201E-010
2.3215500E-002   3.4800199E-010
 25
 1   2   3   4
 xy
 100
1.0133900E-003   3.6600400E-008
1.0611500E-003   3.6496300E-008
1.1111700E-003   3.6519500E-008
1.1635300E-003   3.6043600E-008
1.2183700E-003   3.5458300E-008
1.2757900E-003   3.4934600E-008
1.3359100E-003   3.4891400E-008
1.3988700E-003   3.3795200E-008
1.4648000E-003   3.3290700E-008
1.5338400E-003   3.2788200E-008
1.6061200E-003   3.2057700E-008
1.6818200E-003   3.1076800E-008
1.7610800E-003   3.0217000E-008
1.8440800E-003   2.9432000E-008
1.9309800E-003   2.8537880E-008
2.0219900E-003   2.8015600E-008
2.1172800E-003   2.7603480E-008
2.2170700E-003   2.6473300E-008
2.3215500E-003   2.5558900E-008
2.4309700E-003   2.4819300E-008
2.5455300E-003   2.3895343E-008
2.6655000E-003   2.3112952E-008
2.7911200E-003   2.1918000E-008
2.9226600E-003   2.1000200E-008
3.0604000E-003   2.0262800E-008
3.2046400E-003   1.9424900E-008
3.3556700E-003   1.8678000E-008
3.5138100E-003   1.7642000E-008
3.6794100E-003   1.6253600E-008
3.8528200E-003   1.5498000E-008
4.0344000E-003   1.4626300E-008
4.2245300E-003   1.3853200E-008
4.4236300E-003   1.2979352E-008
4.6321100E-003   1.2278820E-008
4.8504100E-003   1.1317300E-008
5.0790100E-003   1.0644300E-008
5.3183700E-003   9.9079300E-009
5.5690200E-003   9.3041068E-009
5.8314800E-003   8.6796800E-009
6.1063100E-003   8.1441049E-009
6.3940900E-003   7.3913200E-009
6.6954300E-003   6.9346671E-009
7.0109800E-003   6.3799792E-009
7.3414000E-003   5.8033200E-009
7.6873900E-003   5.3088000E-009
8.0496800E-003   4.9087900E-009
8.4290500E-003   4.4730362E-009
8.8263000E-003   4.0330100E-009
9.2422700E-003   3.6984400E-009
9.6778500E-003   3.3519780E-009
1.0133900E-002   3.0201500E-009
1.0611500E-002   2.7415500E-009
1.1111700E-002   2.4841671E-009
1.1635300E-002   2.2460000E-009
1.2183700E-002   1.9897350E-009
1.2757900E-002   1.8047220E-009
1.3359100E-002   1.6066800E-009
1.3988700E-002   1.4233100E-009
1.4648000E-002   1.2624231E-009
1.5338400E-002   1.1298270E-009
1.6061200E-002   9.9999997E-010
1.6818200E-002   8.8509100E-010
1.7610800E-002   7.8965201E-010
1.8440800E-002   6.9336797E-010
1.9309800E-002   6.0899702E-010
2.0219900E-002   5.3125299E-010
2.1172800E-002   4.7020698E-010
2.2170700E-002   4.0704101E-010
2.3215500E-002   3.5236100E-010
 26
 1   2   3   4
 xy
 100
1.0133900E-003   3.6720800E-008
1.0611500E-003   3.6332900E-008
1.1111700E-003   3.5565900E-008
1.1635300E-003   3.5717400E-008
1.2183700E-003   3.5479900E-008
1.2757900E-003   3.5098100E-008
1.3359100E-003   3.4379300E-008
1.3988700E-003   3.4340200E-008
1.4648000E-003   3.3562500E-008
1.5338400E-003   3.2463600E-008
1.6061200E-003   3.1782000E-008
1.6818200E-003   3.1377300E-008
1.7610800E-003   3.0386000E-008
1.8440800E-003   2.9990400E-008
1.9309800E-003   2.8927600E-008
2.0219900E-003   2.8338900E-008
2.1172800E-003   2.7382900E-008
2.2170700E-003   2.6275400E-008
2.3215500E-003   2.5540473E-008
2.4309700E-003   2.4732700E-008
2.5455300E-003   2.3865800E-008
2.6655000E-003   2.2866300E-008
2.7911200E-003   2.2021800E-008
2.9226600E-003   2.0916159E-008
3.0604000E-003   1.9934500E-008
3.2046400E-003   1.9217600E-008
3.3556700E-003   1.8347900E-008
3.5138100E-003   1.7331500E-008
3.6794100E-003   1.6590200E-008
3.8528200E-003   1.5818600E-008
4.0344000E-003   1.4961400E-008
4.2245300E-003   1.4002600E-008
4.4236300E-003   1.3008600E-008
4.6321100E-003   1.2202300E-008
4.8504100E-003   1.1598700E-008
5.0790100E-003   1.0732700E-008
5.3183700E-003   9.9470700E-009
5.5690200E-003   9.2014316E-009
5.8314800E-003   8.6087431E-009
6.1063100E-003   7.9474000E-009
6.3940900E-003   7.2887092E-009
6.6954300E-003   6.7302200E-009
7.0109800E-003   6.2211000E-009
7.3414000E-003   5.7537601E-009
7.6873900E-003   5.3232410E-009
8.0496800E-003   4.8660831E-009
8.4290500E-003   4.4274522E-009
8.8263000E-003   4.0478918E-009
9.2422700E-003   3.6631560E-009
9.6778500E-003   3.3354700E-009
1.0133900E-002   3.0333860E-009
1.0611500E-002   2.7607410E-009
1.1111700E-002   2.4567530E-009
1.1635300E-002   2.1886131E-009
1.2183700E-002   1.9460620E-009
1.2757900E-002   1.7525360E-009
1.3359100E-002   1.5509261E-009
1.3988700E-002   1.3796190E-009
1.4648000E-002   1.2146160E-009
1.5338400E-002   1.0512670E-009
1.6061200E-002   9.2005098E-010
1.6818200E-002   8.0521301E-010
1.7610800E-002   6.9692302E-010
1.8440800E-002   6.0319599E-010
1.9309800E-002   5.2207400E-010
2.0219900E-002   4.5186199E-010
2.1172800E-002   3.8677200E-010
2.2170700E-002   3.3105799E-010
2.3215500E-002   2.8602901E-010
 27
 1   2   3   4
 xy
 100
1.0133900E-003   3.7011500E-008
1.0611500E-003   3.6909100E-008
1.1111700E-003   3.6234600E-008
1.1635300E-003   3.5909200E-008
1.2183700E-003   3.5600500E-008
1.2757900E-003   3.5633100E-008
1.3359100E-003   3.4947200E-008
1.3988700E-003   3.4139500E-008
1.4648000E-003   3.3407800E-008
1.5338400E-003   3.2922362E-008
1.6061200E-003   3.2558610E-008
1.6818200E-003   3.1696800E-008
1.7610800E-003   3.1205800E-008
1.8440800E-003   3.0312000E-008
1.9309800E-003   2.9432900E-008
2.0219900E-003   2.8356200E-008
2.1172800E-003   2.7786500E-008
2.2170700E-003   2.7031500E-008
2.3215500E-003   2.5841300E-008
2.4309700E-003   2.5103200E-008
2.5455300E-003   2.4429000E-008
2.6655000E-003   2.3211400E-008
2.7911200E-003   2.2591700E-008
2.9226600E-003   2.1667600E-008
3.0604000E-003   2.0731800E-008
3.2046400E-003   1.9748622E-008
3.3556700E-003   1.8878000E-008
3.5138100E-003   1.8069080E-008
3.6794100E-003   1.6760300E-008
3.8528200E-003   1.5990427E-008
4.0344000E-003   1.4995100E-008
4.2245300E-003   1.4132400E-008
4.4236300E-003   1.3238340E-008
4.6321100E-003   1.2460200E-008
4.8504100E-003   1.1937766E-008
5.0790100E-003   1.1147900E-008
5.3183700E-003   1.0367679E-008
5.5690200E-003   9.6433400E-009
5.8314800E-003   8.9733661E-009
6.1063100E-003   8.2384800E-009
6.3940900E-003   7.6726700E-009
6.6954300E-003   7.0275412E-009
7.0109800E-003   6.3770400E-009
7.3414000E-003   5.7846300E-009
7.6873900E-003   5.3068100E-009
8.0496800E-003   4.8167079E-009
8.4290500E-003   4.4070658E-009
8.8263000E-003   3.9436530E-009
9.2422700E-003   3.6082610E-009
9.6778500E-003   3.3013929E-009
1.0133900E-002   2.9872489E-009
1.0611500E-002   2.7029969E-009
1.1111700E-002   2.4457929E-009
1.1635300E-002   2.2130640E-009
1.2183700E-002   1.9803550E-009
1.2757900E-002   1.7721160E-009
1.3359100E-002   1.6034900E-009
1.3988700E-002   1.4251030E-009
1.4648000E-002   1.2663800E-009
1.5338400E-002   1.1113180E-009
1.6061200E-002   9.7665998E-010
1.6818200E-002   8.5245400E-010
1.7610800E-002   7.5322198E-010
1.8440800E-002   6.5370898E-010
1.9309800E-002   5.7060201E-010
2.0219900E-002   4.9386301E-010
2.1172800E-002   4.2733600E-010
2.2170700E-002   3.6246300E-010
2.3215500E-002   3.1436601E-010
 28
 1   2   3   4
 xy
 100
1.0133900E-003   3.9327144E-008
1.0611500E-003   3.8892630E-008
1.1111700E-003   3.8037953E-008
1.1635300E-003   3.7835100E-008
1.2183700E-003   3.7230100E-008
1.2757900E-003   3.6791022E-008
1.3359100E-003   3.6009800E-008
1.3988700E-003   3.5441500E-008
1.4648000E-003   3.4656300E-008
1.5338400E-003   3.4551200E-008
1.6061200E-003   3.3681300E-008
1.6818200E-003   3.3290171E-008
1.7610800E-003   3.2172300E-008
1.8440800E-003   3.1221800E-008
1.9309800E-003   3.0235100E-008
2.0219900E-003   2.9673500E-008
2.1172800E-003   2.8643000E-008
2.2170700E-003   2.7834600E-008
2.3215500E-003   2.6656200E-008
2.4309700E-003   2.6041200E-008
2.5455300E-003   2.4773500E-008
2.6655000E-003   2.4182800E-008
2.7911200E-003   2.2908400E-008
2.9226600E-003   2.2133600E-008
3.0604000E-003   2.0987100E-008
3.2046400E-003   1.9980000E-008
3.3556700E-003   1.8777800E-008
3.5138100E-003   1.8095000E-008
3.6794100E-003   1.7012000E-008
3.8528200E-003   1.6176300E-008
4.0344000E-003   1.5288200E-008
4.2245300E-003   1.4457700E-008
4.4236300E-003   1.3576700E-008
4.6321100E-003   1.2730000E-008
4.8504100E-003   1.1766100E-008
5.0790100E-003   1.1051200E-008
5.3183700E-003   1.0324800E-008
5.5690200E-003   9.5281900E-009
5.8314800E-003   8.8550100E-009
6.1063100E-003   8.2644400E-009
6.3940900E-003   7.6807583E-009
6.6954300E-003   7.0537900E-009
7.0109800E-003   6.4298771E-009
7.3414000E-003   5.8830421E-009
7.6873900E-003   5.3629500E-009
8.0496800E-003   4.8887400E-009
8.4290500E-003   4.4563029E-009
8.8263000E-003   4.0531900E-009
9.2422700E-003   3.7073200E-009
9.6778500E-003   3.3755720E-009
1.0133900E-002   3.0206231E-009
1.0611500E-002   2.7160600E-009
1.1111700E-002   2.4731179E-009
1.1635300E-002   2.2321220E-009
1.2183700E-002   2.0024800E-009
1.2757900E-002   1.8047220E-009
1.3359100E-002   1.6214050E-009
1.3988700E-002   1.4591590E-009
1.4648000E-002   1.2983440E-009
1.5338400E-002   1.1721020E-009
1.6061200E-002   1.0532420E-009
1.6818200E-002   9.4944896E-010
1.7610800E-002   8.3637902E-010
1.8440800E-002   7.3677398E-010
1.9309800E-002   6.5655598E-010
2.0219900E-002   5.7836602E-010
2.1172800E-002   5.0948801E-010
2.2170700E-002   4.5401599E-010
2.3215500E-002   4.0458401E-010
 29
 1   2   3   4
 xy
 100
1.0133900E-003   3.4674100E-008
1.0611500E-003   3.4481600E-008
1.1111700E-003   3.4728200E-008
1.1635300E-003   3.4618600E-008
1.2183700E-003   3.4274700E-008
1.2757900E-003   3.3551500E-008
1.3359100E-003   3.3450721E-008
1.3988700E-003   3.2989600E-008
1.4648000E-003   3.2178000E-008
1.5338400E-003   3.1431400E-008
1.6061200E-003   3.0857571E-008
1.6818200E-003   3.0649500E-008
1.7610800E-003   2.9896400E-008
1.8440800E-003   2.9532600E-008
1.9309800E-003   2.8795469E-008
2.0219900E-003   2.8277600E-008
2.1172800E-003   2.7175300E-008
2.2170700E-003   2.6162000E-008
2.3215500E-003   2.5594100E-008
2.4309700E-003   2.4935200E-008
2.5455300E-003   2.3774300E-008
2.6655000E-003   2.3048100E-008
2.7911200E-003   2.1845500E-008
2.9226600E-003   2.0971800E-008
3.0604000E-003   2.0121200E-008
3.2046400E-003   1.9127800E-008
3.3556700E-003   1.8479800E-008
3.5138100E-003   1.7345300E-008
3.6794100E-003   1.6372600E-008
3.8528200E-003   1.5613400E-008
4.0344000E-003   1.4755747E-008
4.2245300E-003   1.3769674E-008
4.4236300E-003   1.3149179E-008
4.6321100E-003   1.2339800E-008
4.8504100E-003   1.1607000E-008
5.0790100E-003   1.1061264E-008
5.3183700E-003   1.0119100E-008
5.5690200E-003   9.4221200E-009
5.8314800E-003   8.7666700E-009
6.1063100E-003   8.0563400E-009
6.3940900E-003   7.4746689E-009
6.6954300E-003   6.8994000E-009
7.0109800E-003   6.3944100E-009
7.3414000E-003   5.8003522E-009
7.6873900E-003   5.2343400E-009
8.0496800E-003   4.8234101E-009
8.4290500E-003   4.3480828E-009
8.8263000E-003   3.9434400E-009
9.2422700E-003   3.5904200E-009
9.6778500E-003   3.2972181E-009
1.0133900E-002   2.9250000E-009
1.0611500E-002   2.6183189E-009
1.1111700E-002   2.3400799E-009
1.1635300E-002   2.0794511E-009
1.2183700E-002   1.8960391E-009
1.2757900E-002   1.7214620E-009
1.3359100E-002   1.5297320E-009
1.3988700E-002   1.3754600E-009
1.4648000E-002   1.2235160E-009
1.5338400E-002   1.0990709E-009
1.6061200E-002   9.6095600E-010
1.6818200E-002   8.6580798E-010
1.7610800E-002   7.5395701E-010
1.8440800E-002   6.4903100E-010
1.9309800E-002   5.6563398E-010
2.0219900E-002   4.9629600E-010
2.1172800E-002   4.3545700E-010
2.2170700E-002   3.7754699E-010
2.3215500E-002   3.2903399E-010
 30
 1   2   3   4
 xy
 100
1.0133900E-003   3.5846195E-008
1.0611500E-003   3.5435356E-008
1.1111700E-003   3.5029228E-008
1.1635300E-003   3.4523300E-008
1.2183700E-003   3.3838553E-008
1.2757900E-003   3.3450721E-008
1.3359100E-003   3.3028100E-008
1.3988700E-003   3.2770100E-008
1.4648000E-003   3.2642400E-008
1.5338400E-003   3.1943600E-008
1.6061200E-003   3.1199700E-008
1.6818200E-003   3.0793000E-008
1.7610800E-003   2.9643900E-008
1.8440800E-003   2.9422700E-008
1.9309800E-003   2.8373300E-008
2.0219900E-003   2.7566700E-008
2.1172800E-003   2.7143700E-008
2.2170700E-003   2.6043100E-008
2.3215500E-003   2.5625500E-008
2.4309700E-003   2.4348300E-008
2.5455300E-003   2.3671063E-008
2.6655000E-003   2.2866463E-008
2.7911200E-003   2.2041100E-008
2.9226600E-003   2.0856600E-008
3.0604000E-003   1.9912415E-008
3.2046400E-003   1.9235573E-008
3.3556700E-003   1.8158245E-008
3.5138100E-003   1.7245200E-008
3.6794100E-003   1.6480900E-008
3.8528200E-003   1.5787800E-008
4.0344000E-003   1.4891600E-008
4.2245300E-003   1.4008200E-008
4.4236300E-003   1.3026500E-008
4.6321100E-003   1.2307600E-008
4.8504100E-003   1.1483900E-008
5.0790100E-003   1.0807400E-008
5.3183700E-003   1.0018300E-008
5.5690200E-003   9.3362000E-009
5.8314800E-003   8.5835534E-009
6.1063100E-003   8.0099447E-009
6.3940900E-003   7.3043149E-009
6.6954300E-003   6.8161938E-009
7.0109800E-003   6.2877912E-009
7.3414000E-003   5.7940300E-009
7.6873900E-003   5.2893738E-009
8.0496800E-003   4.8675400E-009
8.4290500E-003   4.3993900E-009
8.8263000E-003   4.0653800E-009
9.2422700E-003   3.7000729E-009
9.6778500E-003   3.3617900E-009
1.0133900E-002   2.9952200E-009
1.0611500E-002   2.6949300E-009
1.1111700E-002   2.4526300E-009
1.1635300E-002   2.2226200E-009
1.2183700E-002   2.0085309E-009
1.2757900E-002   1.8047220E-009
1.3359100E-002   1.6037190E-009
1.3988700E-002   1.4251030E-009
1.4648000E-002   1.2812520E-009
1.5338400E-002   1.1683809E-009
1.6061200E-002   1.0292380E-009
1.6818200E-002   9.0986002E-010
1.7610800E-002   8.0331100E-010
1.8440800E-002   7.1847300E-010
1.9309800E-002   6.2696998E-010
2.0219900E-002   5.5410199E-010
2.1172800E-002   4.9787602E-010
2.2170700E-002   4.3858400E-010
2.3215500E-002   3.9083201E-010
 31
 1   2   3   4
 xy
 100
1.0133900E-003   3.5791200E-008
1.0611500E-003   3.5719600E-008
1.1111700E-003   3.5119100E-008
1.1635300E-003   3.4915800E-008
1.2183700E-003   3.4847000E-008
1.2757900E-003   3.4442800E-008
1.3359100E-003   3.3519100E-008
1.3988700E-003   3.3302300E-008
1.4648000E-003   3.2795100E-008
1.5338400E-003   3.2141600E-008
1.6061200E-003   3.1407600E-008
1.6818200E-003   3.1194200E-008
1.7610800E-003   3.0242000E-008
1.8440800E-003   2.9360600E-008
1.9309800E-003   2.9057300E-008
2.0219900E-003   2.7911800E-008
2.1172800E-003   2.7544600E-008
2.2170700E-003   2.6452600E-008
2.3215500E-003   2.5766200E-008
2.4309700E-003   2.4841200E-008
2.5455300E-003   2.4169300E-008
2.6655000E-003   2.3158100E-008
2.7911200E-003   2.2359700E-008
2.9226600E-003   2.1263800E-008
3.0604000E-003   2.0504600E-008
3.2046400E-003   1.9540800E-008
3.3556700E-003   1.8383500E-008
3.5138100E-003   1.7744400E-008
3.6794100E-003   1.6717600E-008
3.8528200E-003   1.5900200E-008
4.0344000E-003   1.4801800E-008
4.2245300E-003   1.3929320E-008
4.4236300E-003   1.3296600E-008
4.6321100E-003   1.2556644E-008
4.8504100E-003   1.1717529E-008
5.0790100E-003   1.0974400E-008
5.3183700E-003   1.0203777E-008
5.5690200E-003   9.6322923E-009
5.8314800E-003   8.8111400E-009
6.1063100E-003   8.1967571E-009
6.3940900E-003   7.5613311E-009
6.6954300E-003   7.0560349E-009
7.0109800E-003   6.5845049E-009
7.3414000E-003   6.0740639E-009
7.6873900E-003   5.6291100E-009
8.0496800E-003   5.1095830E-009
8.4290500E-003   4.6135300E-009
8.8263000E-003   4.2002881E-009
9.2422700E-003   3.7980600E-009
9.6778500E-003   3.4145491E-009
1.0133900E-002   3.1067600E-009
1.0611500E-002   2.7736640E-009
1.1111700E-002   2.5003311E-009
1.1635300E-002   2.2076300E-009
1.2183700E-002   1.9627551E-009
1.2757900E-002   1.7626000E-009
1.3359100E-002   1.5796000E-009
1.3988700E-002   1.3817700E-009
1.4648000E-002   1.2094930E-009
1.5338400E-002   1.0691920E-009
1.6061200E-002   9.2491498E-010
1.6818200E-002   8.0907803E-010
1.7610800E-002   7.1568401E-010
1.8440800E-002   6.1910999E-010
1.9309800E-002   5.4157201E-010
2.0219900E-002   4.7905702E-010
2.1172800E-002   4.1441300E-010
2.2170700E-002   3.5849201E-010
2.3215500E-002   3.1359401E-010
 32
 1   2   3   4
 xy
 100
1.0133900E-003   3.6248900E-008
1.0611500E-003   3.5963600E-008
1.1111700E-003   3.6034700E-008
1.1635300E-003   3.5459500E-008
1.2183700E-003   3.4762500E-008
1.2757900E-003   3.5010600E-008
1.3359100E-003   3.4583400E-008
1.3988700E-003   3.3780000E-008
1.4648000E-003   3.3330561E-008
1.5338400E-003   3.2838600E-008
1.6061200E-003   3.2182086E-008
1.6818200E-003   3.1721000E-008
1.7610800E-003   3.1044100E-008
1.8440800E-003   2.9971300E-008
1.9309800E-003   2.9228100E-008
2.0219900E-003   2.8256700E-008
2.1172800E-003   2.7544000E-008
2.2170700E-003   2.6916100E-008
2.3215500E-003   2.5753000E-008
2.4309700E-003   2.4885082E-008
2.5455300E-003   2.3748409E-008
2.6655000E-003   2.3161000E-008
2.7911200E-003   2.2331500E-008
2.9226600E-003   2.1443600E-008
3.0604000E-003   2.0400680E-008
3.2046400E-003   1.9294600E-008
3.3556700E-003   1.8486700E-008
3.5138100E-003   1.7747700E-008
3.6794100E-003   1.6817100E-008
3.8528200E-003   1.5788100E-008
4.0344000E-003   1.5068500E-008
4.2245300E-003   1.4366812E-008
4.4236300E-003   1.3445800E-008
4.6321100E-003   1.2486672E-008
4.8504100E-003   1.1916319E-008
5.0790100E-003   1.0980172E-008
5.3183700E-003   1.0214000E-008
5.5690200E-003   9.4618400E-009
5.8314800E-003   8.6913312E-009
6.1063100E-003   8.0179700E-009
6.3940900E-003   7.4661450E-009
6.6954300E-003   6.9604860E-009
7.0109800E-003   6.3391421E-009
7.3414000E-003   5.9098109E-009
7.6873900E-003   5.5080400E-009
8.0496800E-003   5.0177338E-009
8.4290500E-003   4.6415889E-009
8.8263000E-003   4.2603139E-009
9.2422700E-003   3.8846800E-009
9.6778500E-003   3.4961469E-009
1.0133900E-002   3.1633300E-009
1.0611500E-002   2.8299361E-009
1.1111700E-002   2.4959000E-009
1.1635300E-002   2.2321220E-009
1.2183700E-002   1.9860100E-009
1.2757900E-002   1.7730910E-009
1.3359100E-002   1.6037190E-009
1.3988700E-002   1.4366810E-009
1.4648000E-002   1.2716200E-009
1.5338400E-002   1.1253360E-009
1.6061200E-002   9.9999997E-010
1.6818200E-002   8.6925700E-010
1.7610800E-002   7.6269902E-010
1.8440800E-002   6.6920303E-010
1.9309800E-002   5.9098099E-010
2.0219900E-002   5.1519000E-010
2.1172800E-002   4.5698101E-010
2.2170700E-002   3.9662201E-010
2.3215500E-002   3.4800199E-010
 33
 1   2   3   4
 xy
 100
1.0133900E-003   3.6702100E-008
1.0611500E-003   3.6139500E-008
1.1111700E-003   3.5827300E-008
1.1635300E-003   3.5732800E-008
1.2183700E-003   3.5432600E-008
1.2757900E-003   3.5336484E-008
1.3359100E-003   3.4520021E-008
1.3988700E-003   3.4118891E-008
1.4648000E-003   3.3539100E-008
1.5338400E-003   3.2619000E-008
1.6061200E-003   3.2225200E-008
1.6818200E-003   3.1708800E-008
1.7610800E-003   3.0572800E-008
1.8440800E-003   3.0355228E-008
1.9309800E-003   2.9121300E-008
2.0219900E-003   2.8568100E-008
2.1172800E-003   2.7871500E-008
2.2170700E-003   2.6490400E-008
2.3215500E-003   2.6250000E-008
2.4309700E-003   2.5434800E-008
2.5455300E-003   2.4606500E-008
2.6655000E-003   2.3497900E-008
2.7911200E-003   2.2490200E-008
2.9226600E-003   2.1677900E-008
3.0604000E-003   2.0634600E-008
3.2046400E-003   1.9541900E-008
3.3556700E-003   1.8845100E-008
3.5138100E-003   1.7891000E-008
3.6794100E-003   1.6887800E-008
3.8528200E-003   1.6191000E-008
4.0344000E-003   1.5519800E-008
4.2245300E-003   1.4410600E-008
4.4236300E-003   1.3672200E-008
4.6321100E-003   1.3001300E-008
4.8504100E-003   1.2081500E-008
5.0790100E-003   1.1120800E-008
5.3183700E-003   1.0478632E-008
5.5690200E-003   9.8837978E-009
5.8314800E-003   9.1111500E-009
6.1063100E-003   8.4471400E-009
6.3940900E-003   7.8312500E-009
6.6954300E-003   7.3793869E-009
7.0109800E-003   6.7671100E-009
7.3414000E-003   6.2115300E-009
7.6873900E-003   5.7076000E-009
8.0496800E-003   5.2578981E-009
8.4290500E-003   4.7671600E-009
8.8263000E-003   4.3375700E-009
9.2422700E-003   3.9330100E-009
9.6778500E-003   3.6172261E-009
1.0133900E-002   3.3722420E-009
1.0611500E-002   3.0712111E-009
1.1111700E-002   2.8299361E-009
1.1635300E-002   2.5473661E-009
1.2183700E-002   2.2930109E-009
1.2757900E-002   2.0984700E-009
1.3359100E-002   1.8920081E-009
1.3988700E-002   1.7321230E-009
1.4648000E-002   1.5662890E-009
1.5338400E-002   1.4251030E-009
1.6061200E-002   1.2782010E-009
1.6818200E-002   1.1721020E-009
1.7610800E-002   1.0478129E-009
1.8440800E-002   9.5432295E-010
1.9309800E-002   8.4905100E-010
2.0219900E-002   7.6427298E-010
2.1172800E-002   6.8796002E-010
2.2170700E-002   6.1926703E-010
2.3215500E-002   5.4455401E-010
 34
 1   2   3   4
 xy
 100
1.0133900E-003   3.6421400E-008
1.0611500E-003   3.6248700E-008
1.1111700E-003   3.5965600E-008
1.1635300E-003   3.5431700E-008
1.2183700E-003   3.4958400E-008
1.2757900E-003   3.4828900E-008
1.3359100E-003   3.4779800E-008
1.3988700E-003   3.3967500E-008
1.4648000E-003   3.3428700E-008
1.5338400E-003   3.2926600E-008
1.6061200E-003   3.2560447E-008
1.6818200E-003   3.1925600E-008
1.7610800E-003   3.0924400E-008
1.8440800E-003   3.0009100E-008
1.9309800E-003   2.9309275E-008
2.0219900E-003   2.8442100E-008
2.1172800E-003   2.7809500E-008
2.2170700E-003   2.7115200E-008
2.3215500E-003   2.6116000E-008
2.4309700E-003   2.5350200E-008
2.5455300E-003   2.4276700E-008
2.6655000E-003   2.3317200E-008
2.7911200E-003   2.2742600E-008
2.9226600E-003   2.1821600E-008
3.0604000E-003   2.0752900E-008
3.2046400E-003   1.9861800E-008
3.3556700E-003   1.8675800E-008
3.5138100E-003   1.7861100E-008
3.6794100E-003   1.6996400E-008
3.8528200E-003   1.6203200E-008
4.0344000E-003   1.5174500E-008
4.2245300E-003   1.4538800E-008
4.4236300E-003   1.3573700E-008
4.6321100E-003   1.2639300E-008
4.8504100E-003   1.1916000E-008
5.0790100E-003   1.1109264E-008
5.3183700E-003   1.0334600E-008
5.5690200E-003   9.6591000E-009
5.8314800E-003   9.0150000E-009
6.1063100E-003   8.3918534E-009
6.3940900E-003   7.9154781E-009
6.6954300E-003   7.1559600E-009
7.0109800E-003   6.6214700E-009
7.3414000E-003   5.9862200E-009
7.6873900E-003   5.5095581E-009
8.0496800E-003   5.1014339E-009
8.4290500E-003   4.6442000E-009
8.8263000E-003   4.2603139E-009
9.2422700E-003   3.8392000E-009
9.6778500E-003   3.4925871E-009
1.0133900E-002   3.1438510E-009
1.0611500E-002   2.8299361E-009
1.1111700E-002   2.5177651E-009
1.1635300E-002   2.2663651E-009
1.2183700E-002   2.0400679E-009
1.2757900E-002   1.8144400E-009
1.3359100E-002   1.6212100E-009
1.3988700E-002   1.4461100E-009
1.4648000E-002   1.2633480E-009
1.5338400E-002   1.1180000E-009
1.6061200E-002   9.9999997E-010
1.6818200E-002   8.6695800E-010
1.7610800E-002   7.5322198E-010
1.8440800E-002   6.6074800E-010
1.9309800E-002   5.7732602E-010
2.0219900E-002   5.0177301E-010
2.1172800E-002   4.3104001E-010
2.2170700E-002   3.7463099E-010
2.3215500E-002   3.2560399E-010
 35
 1   2   3   4
 xy
 100
1.0133900E-003   3.6280800E-008
1.0611500E-003   3.5973800E-008
1.1111700E-003   3.6243100E-008
1.1635300E-003   3.6052700E-008
1.2183700E-003   3.5516700E-008
1.2757900E-003   3.5233300E-008
1.3359100E-003   3.4992900E-008
1.3988700E-003   3.4592300E-008
1.4648000E-003   3.3722426E-008
1.5338400E-003   3.3330561E-008
1.6061200E-003   3.2901200E-008
1.6818200E-003   3.2182086E-008
1.7610800E-003   3.1808124E-008
1.8440800E-003   3.0791000E-008
1.9309800E-003   3.0355228E-008
2.0219900E-003   2.8968696E-008
2.1172800E-003   2.8068400E-008
2.2170700E-003   2.7590100E-008
2.3215500E-003   2.6271700E-008
2.4309700E-003   2.5643800E-008
2.5455300E-003   2.4660100E-008
2.6655000E-003   2.3888700E-008
2.7911200E-003   2.2854400E-008
2.9226600E-003   2.2103700E-008
3.0604000E-003   2.0875200E-008
3.2046400E-003   2.0126800E-008
3.3556700E-003   1.9227500E-008
3.5138100E-003   1.8118600E-008
3.6794100E-003   1.7249600E-008
3.8528200E-003   1.6454500E-008
4.0344000E-003   1.5600300E-008
4.2245300E-003   1.4619700E-008
4.4236300E-003   1.3802500E-008
4.6321100E-003   1.2681900E-008
4.8504100E-003   1.1994600E-008
5.0790100E-003   1.1316300E-008
5.3183700E-003   1.0597800E-008
5.5690200E-003   9.8174800E-009
5.8314800E-003   9.2143990E-009
6.1063100E-003   8.5903364E-009
6.3940900E-003   7.8842800E-009
6.6954300E-003   7.2989200E-009
7.0109800E-003   6.6568600E-009
7.3414000E-003   6.1926730E-009
7.6873900E-003   5.7061760E-009
8.0496800E-003   5.1731800E-009
8.4290500E-003   4.6369800E-009
8.8263000E-003   4.2117600E-009
9.2422700E-003   3.8800070E-009
9.6778500E-003   3.5336489E-009
1.0133900E-002   3.2326900E-009
1.0611500E-002   2.9439800E-009
1.1111700E-002   2.7105900E-009
1.1635300E-002   2.4893900E-009
1.2183700E-002   2.2663651E-009
1.2757900E-002   2.0640529E-009
1.3359100E-002   1.8798001E-009
1.3988700E-002   1.6724390E-009
1.4648000E-002   1.5054450E-009
1.5338400E-002   1.3551260E-009
1.6061200E-002   1.2198160E-009
1.6818200E-002   1.0734190E-009
1.7610800E-002   9.5386599E-010
1.8440800E-002   8.4905100E-010
1.9309800E-002   7.5322198E-010
2.0219900E-002   6.6561700E-010
2.1172800E-002   5.8411398E-010
2.2170700E-002   5.1620302E-010
2.3215500E-002   4.5870999E-010
 36
 1   2   3   4
 xy
 100
1.0133900E-003   3.7463131E-008
1.0611500E-003   3.7027799E-008
1.1111700E-003   3.6172260E-008
1.1635300E-003   3.5751931E-008
1.2183700E-003   3.5336484E-008
1.2757900E-003   3.4704800E-008
1.3359100E-003   3.4520021E-008
1.3988700E-003   3.4177300E-008
1.4648000E-003   3.3769200E-008
1.5338400E-003   3.3330561E-008
1.6061200E-003   3.2560447E-008
1.6818200E-003   3.2129400E-008
1.7610800E-003   3.1808124E-008
1.8440800E-003   3.0770800E-008
1.9309800E-003   2.9858000E-008
2.0219900E-003   2.9381300E-008
2.1172800E-003   2.8632073E-008
2.2170700E-003   2.7645495E-008
2.3215500E-003   2.6971100E-008
2.4309700E-003   2.5702900E-008
2.5455300E-003   2.5065800E-008
2.6655000E-003   2.4310102E-008
2.7911200E-003   2.2988300E-008
2.9226600E-003   2.2029200E-008
3.0604000E-003   2.1056400E-008
3.2046400E-003   2.0163622E-008
3.3556700E-003   1.9092700E-008
3.5138100E-003   1.8579565E-008
3.6794100E-003   1.7595400E-008
3.8528200E-003   1.6631400E-008
4.0344000E-003   1.5765800E-008
4.2245300E-003   1.4879517E-008
4.4236300E-003   1.3910000E-008
4.6321100E-003   1.3238153E-008
4.8504100E-003   1.2377300E-008
5.0790100E-003   1.1375600E-008
5.3183700E-003   1.0608900E-008
5.5690200E-003   9.8851300E-009
5.8314800E-003   9.2143990E-009
6.1063100E-003   8.6663500E-009
6.3940900E-003   7.9822200E-009
6.6954300E-003   7.2516600E-009
7.0109800E-003   6.7256400E-009
7.3414000E-003   6.1645800E-009
7.6873900E-003   5.6808500E-009
8.0496800E-003   5.3115000E-009
8.4290500E-003   4.8448370E-009
8.8263000E-003   4.4348400E-009
9.2422700E-003   4.0283590E-009
9.6778500E-003   3.6597529E-009
1.0133900E-002   3.2929300E-009
1.0611500E-002   2.9309279E-009
1.1111700E-002   2.6333760E-009
1.1635300E-002   2.3472451E-009
1.2183700E-002   2.0883200E-009
1.2757900E-002   1.8798001E-009
1.3359100E-002   1.6812840E-009
1.3988700E-002   1.5054450E-009
1.4648000E-002   1.3276300E-009
1.5338400E-002   1.1797630E-009
1.6061200E-002   1.0601831E-009
1.6818200E-002   9.5432295E-010
1.7610800E-002   8.4928500E-010
1.8440800E-002   7.5322198E-010
1.9309800E-002   6.5681699E-010
2.0219900E-002   5.9098099E-010
2.1172800E-002   5.1364102E-010
2.2170700E-002   4.5167101E-010
2.3215500E-002   3.9256201E-010
 37
 1   2   3   4
 xy
 100
1.0133900E-003   3.5446900E-008
1.0611500E-003   3.5817200E-008
1.1111700E-003   3.5528500E-008
1.1635300E-003   3.5130400E-008
1.2183700E-003   3.4520021E-008
1.2757900E-003   3.3722426E-008
1.3359100E-003   3.3330561E-008
1.3988700E-003   3.3287100E-008
1.4648000E-003   3.3187800E-008
1.5338400E-003   3.3055700E-008
1.6061200E-003   3.2296100E-008
1.6818200E-003   3.1363800E-008
1.7610800E-003   3.0712108E-008
1.8440800E-003   3.0286400E-008
1.9309800E-003   2.9782800E-008
2.0219900E-003   2.8905600E-008
2.1172800E-003   2.8537000E-008
2.2170700E-003   2.7559300E-008
2.3215500E-003   2.6464700E-008
2.4309700E-003   2.5773151E-008
2.5455300E-003   2.4899600E-008
2.6655000E-003   2.3854800E-008
2.7911200E-003   2.3000400E-008
2.9226600E-003   2.2173400E-008
3.0604000E-003   2.1429900E-008
3.2046400E-003   2.0402800E-008
3.3556700E-003   1.9290800E-008
3.5138100E-003   1.8660100E-008
3.6794100E-003   1.7730908E-008
3.8528200E-003   1.6921014E-008
4.0344000E-003   1.5591699E-008
4.2245300E-003   1.4728900E-008
4.4236300E-003   1.3997500E-008
4.6321100E-003   1.3089100E-008
4.8504100E-003   1.2321300E-008
5.0790100E-003   1.1466800E-008
5.3183700E-003   1.0926200E-008
5.5690200E-003   1.0123800E-008
5.8314800E-003   9.4323367E-009
6.1063100E-003   8.6913312E-009
6.3940900E-003   7.9431000E-009
6.6954300E-003   7.3793869E-009
7.0109800E-003   6.7206480E-009
7.3414000E-003   6.1926730E-009
7.6873900E-003   5.6068372E-009
8.0496800E-003   5.0627500E-009
8.4290500E-003   4.5698139E-009
8.8263000E-003   4.1618780E-009
9.2422700E-003   3.7463130E-009
9.6778500E-003   3.4118890E-009
1.0133900E-002   3.1105300E-009
1.0611500E-002   2.8844700E-009
1.1111700E-002   2.6076159E-009
1.1635300E-002   2.4027611E-009
1.2183700E-002   2.1837700E-009
1.2757900E-002   1.9649000E-009
1.3359100E-002   1.7679280E-009
1.3988700E-002   1.5788600E-009
1.4648000E-002   1.4199870E-009
1.5338400E-002   1.2738300E-009
1.6061200E-002   1.1346000E-009
1.6818200E-002   1.0300200E-009
1.7610800E-002   9.3160302E-010
1.8440800E-002   8.2943402E-010
1.9309800E-002   7.5322198E-010
2.0219900E-002   6.7633000E-010
2.1172800E-002   6.0495903E-010
2.2170700E-002   5.4455401E-010
2.3215500E-002   5.0177301E-010
 38
 1   2   3   4
 xy
 100
1.0133900E-003   3.5986200E-008
1.0611500E-003   3.5501300E-008
1.1111700E-003   3.5175100E-008
1.1635300E-003   3.5510600E-008
1.2183700E-003   3.4953100E-008
1.2757900E-003   3.4719000E-008
1.3359100E-003   3.4777700E-008
1.3988700E-003   3.4029700E-008
1.4648000E-003   3.3524900E-008
1.5338400E-003   3.2823500E-008
1.6061200E-003   3.2791800E-008
1.6818200E-003   3.1919100E-008
1.7610800E-003   3.1543300E-008
1.8440800E-003   3.0802700E-008
1.9309800E-003   2.9769000E-008
2.0219900E-003   2.9258000E-008
2.1172800E-003   2.8339300E-008
2.2170700E-003   2.7739600E-008
2.3215500E-003   2.6767300E-008
2.4309700E-003   2.6281000E-008
2.5455300E-003   2.5005200E-008
2.6655000E-003   2.4350800E-008
2.7911200E-003   2.3215600E-008
2.9226600E-003   2.2476500E-008
3.0604000E-003   2.1882730E-008
3.2046400E-003   2.0656000E-008
3.3556700E-003   1.9892900E-008
3.5138100E-003   1.8798001E-008
3.6794100E-003   1.7939367E-008
3.8528200E-003   1.7119952E-008
4.0344000E-003   1.5960470E-008
4.2245300E-003   1.5231445E-008
4.4236300E-003   1.4365000E-008
4.6321100E-003   1.3337700E-008
4.8504100E-003   1.2335000E-008
5.0790100E-003   1.1343900E-008
5.3183700E-003   1.0546800E-008
5.5690200E-003   9.8355900E-009
5.8314800E-003   9.2932200E-009
6.1063100E-003   8.5094100E-009
6.3940900E-003   7.9475500E-009
6.6954300E-003   7.3103500E-009
7.0109800E-003   6.7195900E-009
7.3414000E-003   6.0793800E-009
7.6873900E-003   5.5625200E-009
8.0496800E-003   5.1711700E-009
8.4290500E-003   4.7102000E-009
8.8263000E-003   4.3104018E-009
9.2422700E-003   3.9256229E-009
9.6778500E-003   3.5336489E-009
1.0133900E-002   3.2506100E-009
1.0611500E-002   2.9653859E-009
1.1111700E-002   2.6963061E-009
1.1635300E-002   2.4380700E-009
1.2183700E-002   2.2140001E-009
1.2757900E-002   2.0400679E-009
1.3359100E-002   1.8150280E-009
1.3988700E-002   1.6615800E-009
1.4648000E-002   1.5054450E-009
1.5338400E-002   1.3701800E-009
1.6061200E-002   1.2368230E-009
1.6818200E-002   1.1407300E-009
1.7610800E-002   1.0236521E-009
1.8440800E-002   9.2662100E-010
1.9309800E-002   8.2943402E-010
2.0219900E-002   7.5539203E-010
2.1172800E-002   6.7996597E-010
2.2170700E-002   6.1207100E-010
2.3215500E-002   5.4455401E-010
 39
 1   2   3   4
 xy
 100
1.0133900E-003   3.5668600E-008
1.0611500E-003   3.5388800E-008
1.1111700E-003   3.4977300E-008
1.1635300E-003   3.4704400E-008
1.2183700E-003   3.4898900E-008
1.2757900E-003   3.4698700E-008
1.3359100E-003   3.4132800E-008
1.3988700E-003   3.3719400E-008
1.4648000E-003   3.3741600E-008
1.5338400E-003   3.2875300E-008
1.6061200E-003   3.2342400E-008
1.6818200E-003   3.1899500E-008
1.7610800E-003   3.1472300E-008
1.8440800E-003   3.0788600E-008
1.9309800E-003   2.9939700E-008
2.0219900E-003   2.9086400E-008
2.1172800E-003   2.8765000E-008
2.2170700E-003   2.7581700E-008
2.3215500E-003   2.7227900E-008
2.4309700E-003   2.6154700E-008
2.5455300E-003   2.5534900E-008
2.6655000E-003   2.4511900E-008
2.7911200E-003   2.3765200E-008
2.9226600E-003   2.2890600E-008
3.0604000E-003   2.1567100E-008
3.2046400E-003   2.0880100E-008
3.3556700E-003   1.9800700E-008
3.5138100E-003   1.8770400E-008
3.6794100E-003   1.8045800E-008
3.8528200E-003   1.7119952E-008
4.0344000E-003   1.6000000E-008
4.2245300E-003   1.5010200E-008
4.4236300E-003   1.4329100E-008
4.6321100E-003   1.3534200E-008
4.8504100E-003   1.2615500E-008
5.0790100E-003   1.1700800E-008
5.3183700E-003   1.1090600E-008
5.5690200E-003   1.0202300E-008
5.8314800E-003   9.4323367E-009
6.1063100E-003   8.7529300E-009
6.3940900E-003   8.0474500E-009
6.6954300E-003   7.4330300E-009
7.0109800E-003   6.8351500E-009
7.3414000E-003   6.3297600E-009
7.6873900E-003   5.8411378E-009
8.0496800E-003   5.2653900E-009
8.4290500E-003   4.8802000E-009
8.8263000E-003   4.4642259E-009
9.2422700E-003   4.0452000E-009
9.6778500E-003   3.6502700E-009
1.0133900E-002   3.2943250E-009
1.0611500E-002   3.0002489E-009
1.1111700E-002   2.7006730E-009
1.1635300E-002   2.4595910E-009
1.2183700E-002   2.2140001E-009
1.2757900E-002   2.0268400E-009
1.3359100E-002   1.8529100E-009
1.3988700E-002   1.6830100E-009
1.4648000E-002   1.5054450E-009
1.5338400E-002   1.3610501E-009
1.6061200E-002   1.2198160E-009
1.6818200E-002   1.1109260E-009
1.7610800E-002   9.9999997E-010
1.8440800E-002   8.8344100E-010
1.9309800E-002   7.9154799E-010
2.0219900E-002   7.1847300E-010
2.1172800E-002   6.3845201E-010
2.2170700E-002   5.6734401E-010
2.3215500E-002   5.0767301E-010
 40
 1   2   3   4
 xy
 100
1.0133900E-003   3.3021600E-008
1.0611500E-003   3.3140800E-008
1.1111700E-003   3.3229500E-008
1.1635300E-003   3.3004900E-008
1.2183700E-003   3.2766300E-008
1.2757900E-003   3.2767600E-008
1.3359100E-003   3.2642900E-008
1.3988700E-003   3.1912200E-008
1.4648000E-003   3.2059000E-008
1.5338400E-003   3.1606400E-008
1.6061200E-003   3.0981000E-008
1.6818200E-003   3.0885100E-008
1.7610800E-003   3.0525000E-008
1.8440800E-003   2.9621700E-008
1.9309800E-003   2.9475700E-008
2.0219900E-003   2.8477500E-008
2.1172800E-003   2.7772700E-008
2.2170700E-003   2.7149000E-008
2.3215500E-003   2.6153800E-008
2.4309700E-003   2.5852700E-008
2.5455300E-003   2.4888100E-008
2.6655000E-003   2.3869500E-008
2.7911200E-003   2.3364600E-008
2.9226600E-003   2.2315900E-008
3.0604000E-003   2.1535300E-008
3.2046400E-003   2.0796800E-008
3.3556700E-003   1.9667900E-008
3.5138100E-003   1.8782800E-008
3.6794100E-003   1.7875500E-008
3.8528200E-003   1.6822600E-008
4.0344000E-003   1.6113800E-008
4.2245300E-003   1.5127300E-008
4.4236300E-003   1.4281200E-008
4.6321100E-003   1.3486000E-008
4.8504100E-003   1.2593000E-008
5.0790100E-003   1.1910900E-008
5.3183700E-003   1.0972300E-008
5.5690200E-003   1.0225600E-008
5.8314800E-003   9.5242000E-009
6.1063100E-003   8.7210800E-009
6.3940900E-003   8.1026936E-009
6.6954300E-003   7.4661450E-009
7.0109800E-003   6.8377600E-009
7.3414000E-003   6.3360700E-009
7.6873900E-003   5.8877800E-009
8.0496800E-003   5.3437100E-009
8.4290500E-003   4.9595100E-009
8.8263000E-003   4.5749600E-009
9.2422700E-003   4.1678500E-009
9.6778500E-003   3.8022400E-009
1.0133900E-002   3.5088200E-009
1.0611500E-002   3.2182090E-009
1.1111700E-002   2.9589000E-009
1.1635300E-002   2.6778000E-009
1.2183700E-002   2.4595910E-009
1.2757900E-002   2.2321220E-009
1.3359100E-002   1.9835169E-009
1.3988700E-002   1.8022800E-009
1.4648000E-002   1.6037190E-009
1.5338400E-002   1.4666570E-009
1.6061200E-002   1.3111340E-009
1.6818200E-002   1.1721020E-009
1.7610800E-002   1.0478630E-009
1.8440800E-002   9.5432295E-010
1.9309800E-002   8.4905100E-010
2.0219900E-002   7.6427298E-010
2.1172800E-002   6.7996597E-010
2.2170700E-002   6.0495903E-010
2.3215500E-002   5.4455401E-010
 41
 1   2   3   4
 xy
 100
1.0133900E-003   3.6172260E-008
1.0611500E-003   3.5751931E-008
1.1111700E-003   3.5336484E-008
1.1635300E-003   3.4925868E-008
1.2183700E-003   3.4520021E-008
1.2757900E-003   3.3722426E-008
1.3359100E-003   3.3330561E-008
1.3988700E-003   3.3207800E-008
1.4648000E-003   3.2724400E-008
1.5338400E-003   3.2182086E-008
1.6061200E-003   3.1438507E-008
1.6818200E-003   3.1073185E-008
1.7610800E-003   3.0668700E-008
1.8440800E-003   3.0072000E-008
1.9309800E-003   2.9396300E-008
2.0219900E-003   2.9144700E-008
2.1172800E-003   2.8007300E-008
2.2170700E-003   2.7324248E-008
2.3215500E-003   2.7006735E-008
2.4309700E-003   2.5980100E-008
2.5455300E-003   2.5338800E-008
2.6655000E-003   2.4406600E-008
2.7911200E-003   2.3748409E-008
2.9226600E-003   2.2752400E-008
3.0604000E-003   2.2140002E-008
3.2046400E-003   2.0883196E-008
3.3556700E-003   1.9697733E-008
3.5138100E-003   1.8970800E-008
3.6794100E-003   1.8150278E-008
3.8528200E-003   1.7524870E-008
4.0344000E-003   1.6386400E-008
4.2245300E-003   1.5591699E-008
4.4236300E-003   1.4535720E-008
4.6321100E-003   1.3871773E-008
4.8504100E-003   1.2926600E-008
5.0790100E-003   1.1794800E-008
5.3183700E-003   1.1104900E-008
5.5690200E-003   1.0184800E-008
5.8314800E-003   9.4992130E-009
6.1063100E-003   8.8968974E-009
6.3940900E-003   8.2943377E-009
6.6954300E-003   7.6427336E-009
7.0109800E-003   6.9346671E-009
7.3414000E-003   6.4081100E-009
7.6873900E-003   5.8780159E-009
8.0496800E-003   5.4044200E-009
8.4290500E-003   4.8702300E-009
8.8263000E-003   4.4582200E-009
9.2422700E-003   4.0723200E-009
9.6778500E-003   3.7240000E-009
1.0133900E-002   3.3850200E-009
1.0611500E-002   3.0712111E-009
1.1111700E-002   2.7645490E-009
1.1635300E-002   2.4595910E-009
1.2183700E-002   2.2140001E-009
1.2757900E-002   1.9714700E-009
1.3359100E-002   1.8017900E-009
1.3988700E-002   1.6148110E-009
1.4648000E-002   1.4666570E-009
1.5338400E-002   1.3111340E-009
1.6061200E-002   1.1896590E-009
1.6818200E-002   1.0809610E-009
1.7610800E-002   9.7050101E-010
1.8440800E-002   8.8182700E-010
1.9309800E-002   7.9171603E-010
2.0219900E-002   7.1081302E-010
2.1172800E-002   6.3817701E-010
2.2170700E-002   5.7296401E-010
2.3215500E-002   5.0829002E-010
