 39
 Wed Sep 04 11:11:24 2019
 1
 1   2   3   4
 xy
 100
1.0133900E-003   7.8398300E-008
1.0611500E-003   7.5280300E-008
1.1111700E-003   7.2998000E-008
1.1635300E-003   6.9361400E-008
1.2183700E-003   6.7305900E-008
1.2757900E-003   6.3336100E-008
1.3359100E-003   6.0940400E-008
1.3988700E-003   5.8321500E-008
1.4648000E-003   5.5291000E-008
1.5338400E-003   5.1375200E-008
1.6061200E-003   4.9355900E-008
1.6818200E-003   4.7777100E-008
1.7610800E-003   4.4805539E-008
1.8440800E-003   4.1905984E-008
1.9309800E-003   3.9371200E-008
2.0219900E-003   3.7032300E-008
2.1172800E-003   3.5244500E-008
2.2170700E-003   3.3199600E-008
2.3215500E-003   3.1229600E-008
2.4309700E-003   2.8969600E-008
2.5455300E-003   2.7619100E-008
2.6655000E-003   2.5944397E-008
2.7911200E-003   2.3996355E-008
2.9226600E-003   2.2079100E-008
3.0604000E-003   2.0661100E-008
3.2046400E-003   1.9643300E-008
3.3556700E-003   1.8214600E-008
3.5138100E-003   1.7173816E-008
3.6794100E-003   1.5899900E-008
3.8528200E-003   1.4543500E-008
4.0344000E-003   1.3687000E-008
4.2245300E-003   1.2771600E-008
4.4236300E-003   1.1610100E-008
4.6321100E-003   1.0763600E-008
4.8504100E-003   9.9068300E-009
5.0790100E-003   9.1284287E-009
5.3183700E-003   8.3770600E-009
5.5690200E-003   7.6691800E-009
5.8314800E-003   7.0052300E-009
6.1063100E-003   6.3384080E-009
6.3940900E-003   5.8135800E-009
6.6954300E-003   5.2668341E-009
7.0109800E-003   4.7639381E-009
7.3414000E-003   4.3366800E-009
7.6873900E-003   3.9400600E-009
8.0496800E-003   3.5171300E-009
8.4290500E-003   3.2111951E-009
8.8263000E-003   2.9494001E-009
9.2422700E-003   2.6908700E-009
9.6778500E-003   2.4329800E-009
1.0133900E-002   2.2071189E-009
1.0611500E-002   2.0187600E-009
1.1111700E-002   1.8260020E-009
1.1635300E-002   1.6516490E-009
1.2183700E-002   1.5276340E-009
1.2757900E-002   1.3817700E-009
1.3359100E-002   1.2638480E-009
1.3988700E-002   1.1431710E-009
1.4648000E-002   1.0340170E-009
1.5338400E-002   9.4577302E-010
1.6061200E-002   8.5546698E-010
1.6818200E-002   7.7378398E-010
1.7610800E-002   7.0774803E-010
1.8440800E-002   6.3307198E-010
1.9309800E-002   5.7262400E-010
2.0219900E-002   5.1794702E-010
2.1172800E-002   4.6329701E-010
2.2170700E-002   4.1441300E-010
2.3215500E-002   3.7484299E-010
 2
 1   2   3   4
 xy
 100
1.0133900E-003   8.3103963E-008
1.0611500E-003   8.1314028E-008
1.1111700E-003   7.8701149E-008
1.1635300E-003   7.4531599E-008
1.2183700E-003   7.2136658E-008
1.2757900E-003   6.8314890E-008
1.3359100E-003   6.6119711E-008
1.3988700E-003   6.1938714E-008
1.4648000E-003   5.8657225E-008
1.5338400E-003   5.4692912E-008
1.6061200E-003   5.0998672E-008
1.6818200E-003   4.7660755E-008
1.7610800E-003   4.4256495E-008
1.8440800E-003   4.1974786E-008
1.9309800E-003   3.9248000E-008
2.0219900E-003   3.7226800E-008
2.1172800E-003   3.4692043E-008
2.2170700E-003   3.2634000E-008
2.3215500E-003   3.0559661E-008
2.4309700E-003   2.9197558E-008
2.5455300E-003   2.7305100E-008
2.6655000E-003   2.5463100E-008
2.7911200E-003   2.4140200E-008
2.9226600E-003   2.2476264E-008
3.0604000E-003   2.0993700E-008
3.2046400E-003   1.9813700E-008
3.3556700E-003   1.8467956E-008
3.5138100E-003   1.7249702E-008
3.6794100E-003   1.5661400E-008
3.8528200E-003   1.4454700E-008
4.0344000E-003   1.3533100E-008
4.2245300E-003   1.2521800E-008
4.4236300E-003   1.1779200E-008
4.6321100E-003   1.0869800E-008
4.8504100E-003   1.0085965E-008
5.0790100E-003   9.2771800E-009
5.3183700E-003   8.5249736E-009
5.5690200E-003   7.8464213E-009
5.8314800E-003   7.2439459E-009
6.1063100E-003   6.6702800E-009
6.3940900E-003   6.0849500E-009
6.6954300E-003   5.5525200E-009
7.0109800E-003   5.1626330E-009
7.3414000E-003   4.7126729E-009
7.6873900E-003   4.2851922E-009
8.0496800E-003   3.8668788E-009
8.4290500E-003   3.4894010E-009
8.8263000E-003   3.1487719E-009
9.2422700E-003   2.8708000E-009
9.6778500E-003   2.6232230E-009
1.0133900E-002   2.4000300E-009
1.0611500E-002   2.1853910E-009
1.1111700E-002   1.9942700E-009
1.1635300E-002   1.8089470E-009
1.2183700E-002   1.6429090E-009
1.2757900E-002   1.4956000E-009
1.3359100E-002   1.3449710E-009
1.3988700E-002   1.2074200E-009
1.4648000E-002   1.0775300E-009
1.5338400E-002   9.9127900E-010
1.6061200E-002   9.1796298E-010
1.6818200E-002   8.3786200E-010
1.7610800E-002   7.6065598E-010
1.8440800E-002   6.9435901E-010
1.9309800E-002   6.3384098E-010
2.0219900E-002   5.8151400E-010
2.1172800E-002   5.2474802E-010
2.2170700E-002   4.7895798E-010
2.3215500E-002   4.3716400E-010
 3
 1   2   3   4
 xy
 100
1.0133900E-003   7.8611656E-008
1.0611500E-003   7.6910517E-008
1.1111700E-003   7.3617890E-008
1.1635300E-003   7.0466221E-008
1.2183700E-003   6.6715700E-008
1.2757900E-003   6.3859517E-008
1.3359100E-003   5.9597800E-008
1.3988700E-003   5.7388500E-008
1.4648000E-003   5.4442911E-008
1.5338400E-003   5.2136300E-008
1.6061200E-003   4.8701700E-008
1.6818200E-003   4.7000800E-008
1.7610800E-003   4.4785249E-008
1.8440800E-003   4.2213900E-008
1.9309800E-003   4.0118554E-008
2.0219900E-003   3.7713800E-008
2.1172800E-003   3.5938136E-008
2.2170700E-003   3.3641992E-008
2.3215500E-003   3.1709373E-008
2.4309700E-003   2.9308437E-008
2.5455300E-003   2.7427900E-008
2.6655000E-003   2.5833685E-008
2.7911200E-003   2.4329804E-008
2.9226600E-003   2.2877744E-008
3.0604000E-003   2.1268600E-008
3.2046400E-003   1.9955100E-008
3.3556700E-003   1.8680721E-008
3.5138100E-003   1.7305700E-008
3.6794100E-003   1.6140643E-008
3.8528200E-003   1.5236944E-008
4.0344000E-003   1.4289100E-008
4.2245300E-003   1.3217221E-008
4.4236300E-003   1.2156100E-008
4.6321100E-003   1.1368000E-008
4.8504100E-003   1.0707867E-008
5.0790100E-003   9.8498300E-009
5.3183700E-003   9.1825427E-009
5.5690200E-003   8.5958556E-009
5.8314800E-003   7.9614120E-009
6.1063100E-003   7.3981300E-009
6.3940900E-003   6.8222978E-009
6.6954300E-003   6.3095729E-009
7.0109800E-003   5.8934599E-009
7.3414000E-003   5.4425509E-009
7.6873900E-003   5.0480660E-009
8.0496800E-003   4.6415889E-009
8.4290500E-003   4.2678421E-009
8.8263000E-003   3.9241899E-009
9.2422700E-003   3.5992580E-009
9.6778500E-003   3.2629430E-009
1.0133900E-002   3.0141629E-009
1.0611500E-002   2.7407530E-009
1.1111700E-002   2.5394149E-009
1.1635300E-002   2.3021320E-009
1.2183700E-002   2.1098929E-009
1.2757900E-002   1.9337061E-009
1.3359100E-002   1.7570810E-009
1.3988700E-002   1.5927230E-009
1.4648000E-002   1.4432250E-009
1.5338400E-002   1.3077600E-009
1.6061200E-002   1.1980580E-009
1.6818200E-002   1.0746080E-009
1.7610800E-002   9.7630004E-010
1.8440800E-002   8.9137298E-010
1.9309800E-002   8.0770601E-010
2.0219900E-002   7.3995199E-010
2.1172800E-002   6.7788097E-010
2.2170700E-002   6.2101702E-010
2.3215500E-002   5.6892302E-010
 4
 1   2   3   4
 xy
 100
1.0133900E-003   7.8169600E-008
1.0611500E-003   7.6285600E-008
1.1111700E-003   7.4964412E-008
1.1635300E-003   7.1831543E-008
1.2183700E-003   6.9568109E-008
1.2757900E-003   6.6660753E-008
1.3359100E-003   6.3874900E-008
1.3988700E-003   5.9912892E-008
1.4648000E-003   5.7486100E-008
1.5338400E-003   5.4034764E-008
1.6061200E-003   5.0462678E-008
1.6818200E-003   4.6638500E-008
1.7610800E-003   4.4697600E-008
1.8440800E-003   4.2986300E-008
1.9309800E-003   4.0366910E-008
2.0219900E-003   3.8136300E-008
2.1172800E-003   3.5895546E-008
2.2170700E-003   3.3477459E-008
2.3215500E-003   3.1264356E-008
2.4309700E-003   2.9569400E-008
2.5455300E-003   2.8319500E-008
2.6655000E-003   2.6052032E-008
2.7911200E-003   2.4700800E-008
2.9226600E-003   2.2568400E-008
3.0604000E-003   2.1177900E-008
3.2046400E-003   1.9816627E-008
3.3556700E-003   1.8356800E-008
3.5138100E-003   1.6911400E-008
3.6794100E-003   1.5964900E-008
3.8528200E-003   1.5073629E-008
4.0344000E-003   1.4077154E-008
4.2245300E-003   1.2917800E-008
4.4236300E-003   1.2185900E-008
4.6321100E-003   1.1336035E-008
4.8504100E-003   1.0520012E-008
5.0790100E-003   9.7627302E-009
5.3183700E-003   8.9226742E-009
5.5690200E-003   8.2302183E-009
5.8314800E-003   7.5566859E-009
6.1063100E-003   6.7870829E-009
6.3940900E-003   6.1898300E-009
6.6954300E-003   5.7256071E-009
7.0109800E-003   5.1626330E-009
7.3414000E-003   4.8213460E-009
7.6873900E-003   4.4439400E-009
8.0496800E-003   4.1127919E-009
8.4290500E-003   3.7915300E-009
8.8263000E-003   3.5039220E-009
9.2422700E-003   3.1834411E-009
9.6778500E-003   2.8918909E-009
1.0133900E-002   2.6052029E-009
1.0611500E-002   2.3611140E-009
1.1111700E-002   2.1211500E-009
1.1635300E-002   1.9369959E-009
1.2183700E-002   1.7557800E-009
1.2757900E-002   1.6140640E-009
1.3359100E-002   1.4907200E-009
1.3988700E-002   1.3554931E-009
1.4648000E-002   1.2445640E-009
1.5338400E-002   1.1281870E-009
1.6061200E-002   1.0334410E-009
1.6818200E-002   9.4665198E-010
1.7610800E-002   8.5769603E-010
1.8440800E-002   7.7709900E-010
1.9309800E-002   7.1183798E-010
2.0219900E-002   6.5205702E-010
2.1172800E-002   5.9729699E-010
2.2170700E-002   5.4117000E-010
2.3215500E-002   5.0118698E-010
 5
 1   2   3   4
 xy
 100
1.0133900E-003   7.9102100E-008
1.0611500E-003   7.7127300E-008
1.1111700E-003   7.4674226E-008
1.1635300E-003   7.1393480E-008
1.2183700E-003   6.8256867E-008
1.2757900E-003   6.5856200E-008
1.3359100E-003   6.3424100E-008
1.3988700E-003   6.0558932E-008
1.4648000E-003   5.6555553E-008
1.5338400E-003   5.4034764E-008
1.6061200E-003   5.1546017E-008
1.6818200E-003   4.8207200E-008
1.7610800E-003   4.6064496E-008
1.8440800E-003   4.3019302E-008
1.9309800E-003   4.1101853E-008
2.0219900E-003   3.9010100E-008
2.1172800E-003   3.6800493E-008
2.2170700E-003   3.4128500E-008
2.3215500E-003   3.2001100E-008
2.4309700E-003   3.0153600E-008
2.5455300E-003   2.7974700E-008
2.6655000E-003   2.6535500E-008
2.7911200E-003   2.4716100E-008
2.9226600E-003   2.3092200E-008
3.0604000E-003   2.1735900E-008
3.2046400E-003   2.0181000E-008
3.3556700E-003   1.8930400E-008
3.5138100E-003   1.7700200E-008
3.6794100E-003   1.6716900E-008
3.8528200E-003   1.5496868E-008
4.0344000E-003   1.4325097E-008
4.2245300E-003   1.3323300E-008
4.4236300E-003   1.2240661E-008
4.6321100E-003   1.1315104E-008
4.8504100E-003   1.0556300E-008
5.0790100E-003   9.7756400E-009
5.3183700E-003   8.9268900E-009
5.5690200E-003   8.0961500E-009
5.8314800E-003   7.5517699E-009
6.1063100E-003   6.9027859E-009
6.3940900E-003   6.3095729E-009
6.6954300E-003   5.7859708E-009
7.0109800E-003   5.3600500E-009
7.3414000E-003   4.9325251E-009
7.6873900E-003   4.5026209E-009
8.0496800E-003   4.0175419E-009
8.4290500E-003   3.6673840E-009
8.8263000E-003   3.3415200E-009
9.2422700E-003   3.0880500E-009
9.6778500E-003   2.7896170E-009
1.0133900E-002   2.5332900E-009
1.0611500E-002   2.3681800E-009
1.1111700E-002   2.1472900E-009
1.1635300E-002   1.9840880E-009
1.2183700E-002   1.8135790E-009
1.2757900E-002   1.6577240E-009
1.3359100E-002   1.5323780E-009
1.3988700E-002   1.4165100E-009
1.4648000E-002   1.3094030E-009
1.5338400E-002   1.2103940E-009
1.6061200E-002   1.0940180E-009
1.6818200E-002   1.0227180E-009
1.7610800E-002   9.4538699E-010
1.8440800E-002   8.6414298E-010
1.9309800E-002   7.9880202E-010
2.0219900E-002   7.4674200E-010
2.1172800E-002   6.8256900E-010
2.2170700E-002   6.3808397E-010
2.3215500E-002   5.8324900E-010
 6
 1   2   3   4
 xy
 100
1.0133900E-003   8.4442405E-008
1.0611500E-003   8.1634305E-008
1.1111700E-003   7.7160124E-008
1.1635300E-003   7.3757988E-008
1.2183700E-003   7.0505862E-008
1.2757900E-003   6.7397124E-008
1.3359100E-003   6.3384078E-008
1.3988700E-003   6.0211818E-008
1.4648000E-003   5.6911752E-008
1.5338400E-003   5.3792554E-008
1.6061200E-003   5.0844310E-008
1.6818200E-003   4.8213462E-008
1.7610800E-003   4.5026205E-008
1.8440800E-003   4.3019302E-008
1.9309800E-003   4.1506400E-008
2.0219900E-003   3.9333500E-008
2.1172800E-003   3.6680100E-008
2.2170700E-003   3.4776700E-008
2.3215500E-003   3.3123700E-008
2.4309700E-003   3.1264356E-008
2.5455300E-003   2.9197558E-008
2.6655000E-003   2.6888100E-008
2.7911200E-003   2.4854700E-008
2.9226600E-003   2.3245379E-008
3.0604000E-003   2.1356200E-008
3.2046400E-003   2.0379000E-008
3.3556700E-003   1.9283672E-008
3.5138100E-003   1.8094200E-008
3.6794100E-003   1.6588000E-008
3.8528200E-003   1.5350800E-008
4.0344000E-003   1.4203600E-008
4.2245300E-003   1.3411700E-008
4.4236300E-003   1.2553200E-008
4.6321100E-003   1.1436500E-008
4.8504100E-003   1.0922500E-008
5.0790100E-003   1.0038300E-008
5.3183700E-003   9.3389279E-009
5.5690200E-003   8.7215577E-009
5.8314800E-003   8.1450002E-009
6.1063100E-003   7.6065572E-009
6.3940900E-003   6.9435910E-009
6.6954300E-003   6.3384080E-009
7.0109800E-003   5.7859708E-009
7.3414000E-003   5.4034772E-009
7.6873900E-003   4.9851061E-009
8.0496800E-003   4.4232200E-009
8.4290500E-003   4.1101851E-009
8.8263000E-003   3.7519530E-009
9.2422700E-003   3.3477461E-009
9.6778500E-003   2.9870850E-009
1.0133900E-002   2.7267391E-009
1.0611500E-002   2.4890840E-009
1.1111700E-002   2.2721429E-009
1.1635300E-002   2.0273589E-009
1.2183700E-002   1.8089470E-009
1.2757900E-002   1.6701910E-009
1.3359100E-002   1.5421220E-009
1.3988700E-002   1.4077149E-009
1.4648000E-002   1.2850230E-009
1.5338400E-002   1.1730240E-009
1.6061200E-002   1.0466510E-009
1.6818200E-002   9.6131103E-010
1.7610800E-002   8.6856100E-010
1.8440800E-002   7.8475998E-010
1.9309800E-002   7.2521200E-010
2.0219900E-002   6.5524203E-010
2.1172800E-002   6.0552202E-010
2.2170700E-002   5.5330202E-010
2.3215500E-002   5.1131699E-010
 7
 1   2   3   4
 xy
 100
1.0133900E-003   8.3573800E-008
1.0611500E-003   8.0918156E-008
1.1111700E-003   7.5938111E-008
1.1635300E-003   7.2789540E-008
1.2183700E-003   6.9360700E-008
1.2757900E-003   6.7215800E-008
1.3359100E-003   6.5477479E-008
1.3988700E-003   6.2762631E-008
1.4648000E-003   5.8899953E-008
1.5338400E-003   5.6057000E-008
1.6061200E-003   5.3547058E-008
1.6818200E-003   5.0462678E-008
1.7610800E-003   4.8213462E-008
1.8440800E-003   4.6064496E-008
1.9309800E-003   4.4011315E-008
2.0219900E-003   4.1095390E-008
2.1172800E-003   3.8976658E-008
2.2170700E-003   3.6673843E-008
2.3215500E-003   3.4326710E-008
2.4309700E-003   3.2214096E-008
2.5455300E-003   2.9913146E-008
2.6655000E-003   2.8072161E-008
2.7911200E-003   2.5654200E-008
2.9226600E-003   2.4329804E-008
3.0604000E-003   2.2957233E-008
3.2046400E-003   2.1219378E-008
3.3556700E-003   1.9816627E-008
3.5138100E-003   1.8454500E-008
3.6794100E-003   1.7249702E-008
3.8528200E-003   1.6140643E-008
4.0344000E-003   1.5093800E-008
4.2245300E-003   1.3791200E-008
4.4236300E-003   1.2961154E-008
4.6321100E-003   1.1870900E-008
4.8504100E-003   1.0954788E-008
5.0790100E-003   1.0268198E-008
5.3183700E-003   9.3423000E-009
5.5690200E-003   8.9226742E-009
5.8314800E-003   8.1450002E-009
6.1063100E-003   7.4741742E-009
6.3940900E-003   6.8255800E-009
6.6954300E-003   6.3384080E-009
7.0109800E-003   5.7859708E-009
7.3414000E-003   5.2816822E-009
7.6873900E-003   4.9325251E-009
8.0496800E-003   4.4025700E-009
8.4290500E-003   4.0144300E-009
8.8263000E-003   3.6673840E-009
9.2422700E-003   3.3078080E-009
9.6778500E-003   2.9755221E-009
1.0133900E-002   2.6766169E-009
1.0611500E-002   2.3823830E-009
1.1111700E-002   2.1430611E-009
1.1635300E-002   1.9369959E-009
1.2183700E-002   1.7341250E-009
1.2757900E-002   1.5599240E-009
1.3359100E-002   1.3738241E-009
1.3988700E-002   1.2358170E-009
1.4648000E-002   1.1235040E-009
1.5338400E-002   1.0106430E-009
1.6061200E-002   9.0911900E-010
1.6818200E-002   8.1779400E-010
1.7610800E-002   7.3564199E-010
1.8440800E-002   6.6174299E-010
1.9309800E-002   5.8900002E-010
2.0219900E-002   5.2983201E-010
2.1172800E-002   4.7660798E-010
2.2170700E-002   4.2873000E-010
2.3215500E-002   3.8566200E-010
 8
 1   2   3   4
 xy
 100
1.0133900E-003   9.3252105E-008
1.0611500E-003   9.0050889E-008
1.1111700E-003   8.7978023E-008
1.1635300E-003   8.3002227E-008
1.2183700E-003   7.9224989E-008
1.2757900E-003   7.5619646E-008
1.3359100E-003   7.1342804E-008
1.3988700E-003   6.7307852E-008
1.4648000E-003   6.3501105E-008
1.5338400E-003   5.9216120E-008
1.6061200E-003   5.5220280E-008
1.6818200E-003   5.1494077E-008
1.7610800E-003   4.8213462E-008
1.8440800E-003   4.5026205E-008
1.9309800E-003   4.2049649E-008
2.0219900E-003   3.9395697E-008
2.1172800E-003   3.6673843E-008
2.2170700E-003   3.4249439E-008
2.3215500E-003   3.2320767E-008
2.4309700E-003   2.9870847E-008
2.5455300E-003   2.7896167E-008
2.6655000E-003   2.6052032E-008
2.7911200E-003   2.4329804E-008
2.9226600E-003   2.2559400E-008
3.0604000E-003   2.0859100E-008
3.2046400E-003   1.9816627E-008
3.3556700E-003   1.8591300E-008
3.5138100E-003   1.7436788E-008
3.6794100E-003   1.6071938E-008
3.8528200E-003   1.5073629E-008
4.0344000E-003   1.4139774E-008
4.2245300E-003   1.2882121E-008
4.4236300E-003   1.2004700E-008
4.6321100E-003   1.0716700E-008
4.8504100E-003   9.8555049E-009
5.0790100E-003   8.9226742E-009
5.3183700E-003   8.1450002E-009
5.5690200E-003   7.4351050E-009
5.8314800E-003   6.9435910E-009
6.1063100E-003   6.2583552E-009
6.3940900E-003   5.6555551E-009
6.6954300E-003   5.2816822E-009
7.0109800E-003   4.8213460E-009
7.3414000E-003   4.4011319E-009
7.6873900E-003   4.1101851E-009
8.0496800E-003   3.6673840E-009
8.4290500E-003   3.3477461E-009
8.8263000E-003   3.1264360E-009
9.2422700E-003   2.8024301E-009
9.6778500E-003   2.5531690E-009
1.0133900E-002   2.3161800E-009
1.0611500E-002   2.0704070E-009
1.1111700E-002   1.9083470E-009
1.1635300E-002   1.6985900E-009
1.2183700E-002   1.5295950E-009
1.2757900E-002   1.3614680E-009
1.3359100E-002   1.2118220E-009
1.3988700E-002   1.0912560E-009
1.4648000E-002   9.7131003E-010
1.5338400E-002   8.9528102E-010
1.6061200E-002   7.9687601E-010
1.6818200E-002   7.2599798E-010
1.7610800E-002   6.4619998E-010
1.8440800E-002   5.8872401E-010
1.9309800E-002   5.3015098E-010
2.0219900E-002   4.7740600E-010
2.1172800E-002   4.2990800E-010
2.2170700E-002   3.9167000E-010
2.3215500E-002   3.5270201E-010
 9
 1   2   3   4
 xy
 100
1.0133900E-003   9.4726303E-008
1.0611500E-003   8.9730726E-008
1.1111700E-003   8.5924626E-008
1.1635300E-003   8.1393217E-008
1.2183700E-003   7.7100786E-008
1.2757900E-003   7.2247616E-008
1.3359100E-003   6.7848900E-008
1.3988700E-003   6.3438506E-008
1.4648000E-003   5.9807800E-008
1.5338400E-003   5.6775600E-008
1.6061200E-003   5.3280900E-008
1.6818200E-003   5.0169300E-008
1.7610800E-003   4.8476700E-008
1.8440800E-003   4.6064496E-008
1.9309800E-003   4.3019302E-008
2.0219900E-003   4.0244441E-008
2.1172800E-003   3.7711221E-008
2.2170700E-003   3.5722444E-008
2.3215500E-003   3.3473867E-008
2.4309700E-003   3.1264356E-008
2.5455300E-003   2.9392417E-008
2.6655000E-003   2.7697000E-008
2.7911200E-003   2.6168400E-008
2.9226600E-003   2.4329804E-008
3.0604000E-003   2.2888500E-008
3.2046400E-003   2.1006462E-008
3.3556700E-003   1.9648677E-008
3.5138100E-003   1.8197008E-008
3.6794100E-003   1.6512841E-008
3.8528200E-003   1.5313500E-008
4.0344000E-003   1.4355000E-008
4.2245300E-003   1.3523100E-008
4.4236300E-003   1.2882100E-008
4.6321100E-003   1.2000737E-008
4.8504100E-003   1.1207402E-008
5.0790100E-003   1.0386533E-008
5.3183700E-003   9.5409547E-009
5.5690200E-003   8.6891809E-009
5.8314800E-003   8.1113081E-009
6.1063100E-003   7.4001472E-009
6.3940900E-003   6.7870829E-009
6.6954300E-003   6.2304659E-009
7.0109800E-003   5.6184800E-009
7.3414000E-003   5.0591971E-009
7.6873900E-003   4.5026209E-009
8.0496800E-003   4.0470902E-009
8.4290500E-003   3.6673840E-009
8.8263000E-003   3.2722880E-009
9.2422700E-003   2.9197560E-009
9.6778500E-003   2.6057949E-009
1.0133900E-002   2.3245379E-009
1.0611500E-002   2.0852060E-009
1.1111700E-002   1.8881000E-009
1.1635300E-002   1.6966480E-009
1.2183700E-002   1.5094670E-009
1.2757900E-002   1.3692120E-009
1.3359100E-002   1.2164840E-009
1.3988700E-002   1.0940180E-009
1.4648000E-002   9.9999997E-010
1.5338400E-002   8.9562802E-010
1.6061200E-002   8.0967300E-010
1.6818200E-002   7.3624301E-010
1.7610800E-002   6.5556999E-010
1.8440800E-002   5.8989402E-010
1.9309800E-002   5.3784699E-010
2.0219900E-002   4.7762100E-010
2.1172800E-002   4.3548001E-010
2.2170700E-002   3.9185299E-010
2.3215500E-002   3.4341299E-010
 10
 1   2   3   4
 xy
 100
1.0133900E-003   8.6929500E-008
1.0611500E-003   8.3509800E-008
1.1111700E-003   7.9426800E-008
1.1635300E-003   7.6163700E-008
1.2183700E-003   7.3020600E-008
1.2757900E-003   6.8978600E-008
1.3359100E-003   6.6034700E-008
1.3988700E-003   6.1930919E-008
1.4648000E-003   5.9340000E-008
1.5338400E-003   5.7158000E-008
1.6061200E-003   5.3774300E-008
1.6818200E-003   5.0861700E-008
1.7610800E-003   4.8545100E-008
1.8440800E-003   4.5451200E-008
1.9309800E-003   4.2924600E-008
2.0219900E-003   4.0460200E-008
2.1172800E-003   3.8115200E-008
2.2170700E-003   3.5900500E-008
2.3215500E-003   3.3310600E-008
2.4309700E-003   3.1477500E-008
2.5455300E-003   2.9590300E-008
2.6655000E-003   2.7548900E-008
2.7911200E-003   2.5934600E-008
2.9226600E-003   2.4331900E-008
3.0604000E-003   2.2826782E-008
3.2046400E-003   2.0942600E-008
3.3556700E-003   1.9691600E-008
3.5138100E-003   1.8212100E-008
3.6794100E-003   1.6873980E-008
3.8528200E-003   1.5749700E-008
4.0344000E-003   1.4710589E-008
4.2245300E-003   1.3664900E-008
4.4236300E-003   1.2755891E-008
4.6321100E-003   1.1730241E-008
4.8504100E-003   1.0707867E-008
5.0790100E-003   9.8677839E-009
5.3183700E-003   9.0621600E-009
5.5690200E-003   8.1738900E-009
5.8314800E-003   7.4467600E-009
6.1063100E-003   6.7295800E-009
6.3940900E-003   6.2215400E-009
6.6954300E-003   5.7220600E-009
7.0109800E-003   5.2091038E-009
7.3414000E-003   4.7155200E-009
7.6873900E-003   4.3814561E-009
8.0496800E-003   3.9804700E-009
8.4290500E-003   3.6274800E-009
8.8263000E-003   3.2262200E-009
9.2422700E-003   2.8942400E-009
9.6778500E-003   2.6072640E-009
1.0133900E-002   2.3312000E-009
1.0611500E-002   2.1047850E-009
1.1111700E-002   1.8692881E-009
1.1635300E-002   1.6582620E-009
1.2183700E-002   1.4661900E-009
1.2757900E-002   1.3082600E-009
1.3359100E-002   1.1761800E-009
1.3988700E-002   1.0634850E-009
1.4648000E-002   9.5088704E-010
1.5338400E-002   8.5977803E-010
1.6061200E-002   7.7736800E-010
1.6818200E-002   7.0747502E-010
1.7610800E-002   6.4271599E-010
1.8440800E-002   5.8720001E-010
1.9309800E-002   5.2789001E-010
2.0219900E-002   4.8092902E-010
2.1172800E-002   4.3235299E-010
2.2170700E-002   3.8868300E-010
2.3215500E-002   3.4942399E-010
 11
 1   2   3   4
 xy
 100
1.0133900E-003   8.9486300E-008
1.0611500E-003   8.5549500E-008
1.1111700E-003   8.1491800E-008
1.1635300E-003   7.8118400E-008
1.2183700E-003   7.4711300E-008
1.2757900E-003   7.1144100E-008
1.3359100E-003   6.7500600E-008
1.3988700E-003   6.4465600E-008
1.4648000E-003   6.1290700E-008
1.5338400E-003   5.7449900E-008
1.6061200E-003   5.4483600E-008
1.6818200E-003   5.1653700E-008
1.7610800E-003   4.8811500E-008
1.8440800E-003   4.5987400E-008
1.9309800E-003   4.4351719E-008
2.0219900E-003   4.0985900E-008
2.1172800E-003   3.8720600E-008
2.2170700E-003   3.6266600E-008
2.3215500E-003   3.4080200E-008
2.4309700E-003   3.1909000E-008
2.5455300E-003   2.9845000E-008
2.6655000E-003   2.7650800E-008
2.7911200E-003   2.5956800E-008
2.9226600E-003   2.4295100E-008
3.0604000E-003   2.2484800E-008
3.2046400E-003   2.1314400E-008
3.3556700E-003   1.9573300E-008
3.5138100E-003   1.8300900E-008
3.6794100E-003   1.6901800E-008
3.8528200E-003   1.5658951E-008
4.0344000E-003   1.4376700E-008
4.2245300E-003   1.3391600E-008
4.4236300E-003   1.2321200E-008
4.6321100E-003   1.1400800E-008
4.8504100E-003   1.0421000E-008
5.0790100E-003   9.5738031E-009
5.3183700E-003   8.8745000E-009
5.5690200E-003   7.9736800E-009
5.8314800E-003   7.3073300E-009
6.1063100E-003   6.6598600E-009
6.3940900E-003   6.1499379E-009
6.6954300E-003   5.6797200E-009
7.0109800E-003   5.2102389E-009
7.3414000E-003   4.7556900E-009
7.6873900E-003   4.3019299E-009
8.0496800E-003   3.9212100E-009
8.4290500E-003   3.5847221E-009
8.8263000E-003   3.3086000E-009
9.2422700E-003   3.0559659E-009
9.6778500E-003   2.7628790E-009
1.0133900E-002   2.4627300E-009
1.0611500E-002   2.2399871E-009
1.1111700E-002   2.0156681E-009
1.1635300E-002   1.8138130E-009
1.2183700E-002   1.6140640E-009
1.2757900E-002   1.4504700E-009
1.3359100E-002   1.3146551E-009
1.3988700E-002   1.1730240E-009
1.4648000E-002   1.0707870E-009
1.5338400E-002   9.5542796E-010
1.6061200E-002   8.5249702E-010
1.6818200E-002   7.6113699E-010
1.7610800E-002   6.7816100E-010
1.8440800E-002   6.0351402E-010
1.9309800E-002   5.4307597E-010
2.0219900E-002   4.8137999E-010
2.1172800E-002   4.3317300E-010
2.2170700E-002   3.8979400E-010
2.3215500E-002   3.5075801E-010
 12
 1   2   3   4
 xy
 100
1.0133900E-003   9.0067200E-008
1.0611500E-003   8.6424800E-008
1.1111700E-003   8.2313200E-008
1.1635300E-003   7.9072700E-008
1.2183700E-003   7.4976500E-008
1.2757900E-003   7.1247400E-008
1.3359100E-003   6.7928000E-008
1.3988700E-003   6.4540800E-008
1.4648000E-003   6.1558800E-008
1.5338400E-003   5.7764300E-008
1.6061200E-003   5.5071000E-008
1.6818200E-003   5.1963200E-008
1.7610800E-003   4.8891600E-008
1.8440800E-003   4.6372700E-008
1.9309800E-003   4.3492000E-008
2.0219900E-003   4.1134300E-008
2.1172800E-003   3.8796800E-008
2.2170700E-003   3.6957989E-008
2.3215500E-003   3.4168700E-008
2.4309700E-003   3.1899600E-008
2.5455300E-003   2.9814500E-008
2.6655000E-003   2.7671400E-008
2.7911200E-003   2.5810400E-008
2.9226600E-003   2.4416300E-008
3.0604000E-003   2.2475200E-008
3.2046400E-003   2.1108600E-008
3.3556700E-003   1.9721000E-008
3.5138100E-003   1.8127000E-008
3.6794100E-003   1.6643300E-008
3.8528200E-003   1.5545300E-008
4.0344000E-003   1.4445700E-008
4.2245300E-003   1.3325200E-008
4.4236300E-003   1.2387200E-008
4.6321100E-003   1.1247200E-008
4.8504100E-003   1.0366329E-008
5.0790100E-003   9.4253100E-009
5.3183700E-003   8.6428400E-009
5.5690200E-003   7.9335800E-009
5.8314800E-003   7.1651900E-009
6.1063100E-003   6.7301200E-009
6.3940900E-003   6.1158709E-009
6.6954300E-003   5.6234128E-009
7.0109800E-003   5.0602700E-009
7.3414000E-003   4.6415889E-009
7.6873900E-003   4.2287200E-009
8.0496800E-003   3.8311869E-009
8.4290500E-003   3.4493000E-009
8.8263000E-003   3.2004299E-009
9.2422700E-003   2.9012800E-009
9.6778500E-003   2.6324500E-009
1.0133900E-002   2.3999840E-009
1.0611500E-002   2.1708690E-009
1.1111700E-002   1.9369959E-009
1.1635300E-002   1.7681731E-009
1.2183700E-002   1.6155980E-009
1.2757900E-002   1.4733870E-009
1.3359100E-002   1.3449710E-009
1.3988700E-002   1.2261450E-009
1.4648000E-002   1.1171300E-009
1.5338400E-002   1.0120020E-009
1.6061200E-002   9.1987901E-010
1.6818200E-002   8.3614199E-010
1.7610800E-002   7.6002699E-010
1.8440800E-002   6.8129202E-010
1.9309800E-002   6.0196298E-010
2.0219900E-002   5.3849603E-010
2.1172800E-002   4.8172100E-010
2.2170700E-002   4.2563000E-010
2.3215500E-002   3.7607001E-010
 13
 1   2   3   4
 xy
 100
1.0133900E-003   8.9220500E-008
1.0611500E-003   8.5449400E-008
1.1111700E-003   8.2299500E-008
1.1635300E-003   7.8621800E-008
1.2183700E-003   7.5232000E-008
1.2757900E-003   7.2295000E-008
1.3359100E-003   6.8501200E-008
1.3988700E-003   6.5271300E-008
1.4648000E-003   6.1988200E-008
1.5338400E-003   5.9030800E-008
1.6061200E-003   5.5813700E-008
1.6818200E-003   5.3229700E-008
1.7610800E-003   5.0090300E-008
1.8440800E-003   4.7208500E-008
1.9309800E-003   4.4484400E-008
2.0219900E-003   4.2218100E-008
2.1172800E-003   3.9726600E-008
2.2170700E-003   3.7401700E-008
2.3215500E-003   3.5548100E-008
2.4309700E-003   3.2882000E-008
2.5455300E-003   3.0899800E-008
2.6655000E-003   2.9199600E-008
2.7911200E-003   2.6742700E-008
2.9226600E-003   2.5205400E-008
3.0604000E-003   2.3540300E-008
3.2046400E-003   2.1980449E-008
3.3556700E-003   2.0328600E-008
3.5138100E-003   1.8799723E-008
3.6794100E-003   1.7491210E-008
3.8528200E-003   1.6162100E-008
4.0344000E-003   1.5324227E-008
4.2245300E-003   1.4065200E-008
4.4236300E-003   1.3019000E-008
4.6321100E-003   1.1941900E-008
4.8504100E-003   1.0826000E-008
5.0790100E-003   9.9756300E-009
5.3183700E-003   9.1718600E-009
5.5690200E-003   8.4000522E-009
5.8314800E-003   7.7165800E-009
6.1063100E-003   6.9662500E-009
6.3940900E-003   6.4308800E-009
6.6954300E-003   5.9258800E-009
7.0109800E-003   5.3514100E-009
7.3414000E-003   4.8898441E-009
7.6873900E-003   4.3899351E-009
8.0496800E-003   4.0024900E-009
8.4290500E-003   3.6524100E-009
8.8263000E-003   3.2238880E-009
9.2422700E-003   2.9462781E-009
9.6778500E-003   2.6456700E-009
1.0133900E-002   2.3982161E-009
1.0611500E-002   2.1360380E-009
1.1111700E-002   1.9025219E-009
1.1635300E-002   1.6728759E-009
1.2183700E-002   1.4733870E-009
1.2757900E-002   1.3271040E-009
1.3359100E-002   1.1730240E-009
1.3988700E-002   1.0466510E-009
1.4648000E-002   9.3770702E-010
1.5338400E-002   8.3496998E-010
1.6061200E-002   7.4037498E-010
1.6818200E-002   6.6256600E-010
1.7610800E-002   5.9013300E-010
1.8440800E-002   5.2241500E-010
1.9309800E-002   4.6815701E-010
2.0219900E-002   4.1697701E-010
2.1172800E-002   3.6862099E-010
2.2170700E-002   3.3079101E-010
2.3215500E-002   2.9462799E-010
 14
 1   2   3   4
 xy
 100
1.0133900E-003   8.6951400E-008
1.0611500E-003   8.3385800E-008
1.1111700E-003   7.9757000E-008
1.1635300E-003   7.6873400E-008
1.2183700E-003   7.3575900E-008
1.2757900E-003   7.0773300E-008
1.3359100E-003   6.7121200E-008
1.3988700E-003   6.4351700E-008
1.4648000E-003   6.1378500E-008
1.5338400E-003   5.8324100E-008
1.6061200E-003   5.5504800E-008
1.6818200E-003   5.3239300E-008
1.7610800E-003   5.0231400E-008
1.8440800E-003   4.7604600E-008
1.9309800E-003   4.5243700E-008
2.0219900E-003   4.2826200E-008
2.1172800E-003   4.0300400E-008
2.2170700E-003   3.7927000E-008
2.3215500E-003   3.5875100E-008
2.4309700E-003   3.3396300E-008
2.5455300E-003   3.1702200E-008
2.6655000E-003   2.9493300E-008
2.7911200E-003   2.7711714E-008
2.9226600E-003   2.5782400E-008
3.0604000E-003   2.4195700E-008
3.2046400E-003   2.2597400E-008
3.3556700E-003   2.1085700E-008
3.5138100E-003   1.9833900E-008
3.6794100E-003   1.8381100E-008
3.8528200E-003   1.7199337E-008
4.0344000E-003   1.5858200E-008
4.2245300E-003   1.4671049E-008
4.4236300E-003   1.3584200E-008
4.6321100E-003   1.2514300E-008
4.8504100E-003   1.1323000E-008
5.0790100E-003   1.0565300E-008
5.3183700E-003   9.5788400E-009
5.5690200E-003   8.8384300E-009
5.8314800E-003   7.9508600E-009
6.1063100E-003   7.3383428E-009
6.3940900E-003   6.6930200E-009
6.6954300E-003   6.2005300E-009
7.0109800E-003   5.7015100E-009
7.3414000E-003   5.1666100E-009
7.6873900E-003   4.5815600E-009
8.0496800E-003   4.1734700E-009
8.4290500E-003   3.7836600E-009
8.8263000E-003   3.4446319E-009
9.2422700E-003   3.1004770E-009
9.6778500E-003   2.7824400E-009
1.0133900E-002   2.4666560E-009
1.0611500E-002   2.2269930E-009
1.1111700E-002   2.0106159E-009
1.1635300E-002   1.7947640E-009
1.2183700E-002   1.6020850E-009
1.2757900E-002   1.4629450E-009
1.3359100E-002   1.3208040E-009
1.3988700E-002   1.1790080E-009
1.4648000E-002   1.0644540E-009
1.5338400E-002   9.5017805E-010
1.6061200E-002   8.5785801E-010
1.6818200E-002   7.6576201E-010
1.7610800E-002   6.8355299E-010
1.8440800E-002   6.1713801E-010
1.9309800E-002   5.5717603E-010
2.0219900E-002   4.9735999E-010
2.1172800E-002   4.4903600E-010
2.2170700E-002   4.0540701E-010
2.3215500E-002   3.6188399E-010
 15
 1   2   3   4
 xy
 100
1.0133900E-003   8.7161500E-008
1.0611500E-003   8.3463400E-008
1.1111700E-003   8.0344500E-008
1.1635300E-003   7.7334600E-008
1.2183700E-003   7.3784700E-008
1.2757900E-003   7.0535700E-008
1.3359100E-003   6.7349200E-008
1.3988700E-003   6.4492900E-008
1.4648000E-003   6.1236000E-008
1.5338400E-003   5.7939600E-008
1.6061200E-003   5.5377500E-008
1.6818200E-003   5.2404300E-008
1.7610800E-003   4.9731300E-008
1.8440800E-003   4.7492900E-008
1.9309800E-003   4.5148067E-008
2.0219900E-003   4.2136100E-008
2.1172800E-003   3.9418800E-008
2.2170700E-003   3.7308500E-008
2.3215500E-003   3.5109300E-008
2.4309700E-003   3.3041400E-008
2.5455300E-003   3.0935500E-008
2.6655000E-003   2.9169900E-008
2.7911200E-003   2.7324500E-008
2.9226600E-003   2.5448900E-008
3.0604000E-003   2.3591700E-008
3.2046400E-003   2.2238600E-008
3.3556700E-003   2.0598000E-008
3.5138100E-003   1.9215600E-008
3.6794100E-003   1.7812500E-008
3.8528200E-003   1.6709100E-008
4.0344000E-003   1.5359300E-008
4.2245300E-003   1.3942155E-008
4.4236300E-003   1.2733800E-008
4.6321100E-003   1.1942800E-008
4.8504100E-003   1.0999700E-008
5.0790100E-003   1.0296200E-008
5.3183700E-003   9.3345400E-009
5.5690200E-003   8.5881800E-009
5.8314800E-003   7.9366400E-009
6.1063100E-003   7.2675181E-009
6.3940900E-003   6.7870829E-009
6.6954300E-003   6.1469518E-009
7.0109800E-003   5.5540000E-009
7.3414000E-003   5.0258500E-009
7.6873900E-003   4.5374400E-009
8.0496800E-003   4.1893900E-009
8.4290500E-003   3.8131900E-009
8.8263000E-003   3.5102500E-009
9.2422700E-003   3.1264360E-009
9.6778500E-003   2.7852100E-009
1.0133900E-002   2.4818600E-009
1.0611500E-002   2.2209290E-009
1.1111700E-002   2.0273589E-009
1.1635300E-002   1.8038500E-009
1.2183700E-002   1.5986100E-009
1.2757900E-002   1.4560400E-009
1.3359100E-002   1.3240700E-009
1.3988700E-002   1.2000740E-009
1.4648000E-002   1.0954790E-009
1.5338400E-002   9.7746000E-010
1.6061200E-002   8.9226698E-010
1.6818200E-002   7.9614099E-010
1.7610800E-002   7.1037098E-010
1.8440800E-002   6.3384098E-010
1.9309800E-002   5.6862500E-010
2.0219900E-002   5.1794702E-010
2.1172800E-002   4.6784598E-010
2.2170700E-002   4.2044701E-010
2.3215500E-002   3.7785000E-010
 16
 1   2   3   4
 xy
 100
1.0133900E-003   8.9150100E-008
1.0611500E-003   8.5631100E-008
1.1111700E-003   8.2291900E-008
1.1635300E-003   7.8931600E-008
1.2183700E-003   7.5002100E-008
1.2757900E-003   7.2333400E-008
1.3359100E-003   6.8535800E-008
1.3988700E-003   6.5349300E-008
1.4648000E-003   6.2348900E-008
1.5338400E-003   5.9414700E-008
1.6061200E-003   5.6199600E-008
1.6818200E-003   5.3712400E-008
1.7610800E-003   5.0701700E-008
1.8440800E-003   4.7592900E-008
1.9309800E-003   4.5276800E-008
2.0219900E-003   4.2811000E-008
2.1172800E-003   4.0000000E-008
2.2170700E-003   3.8088600E-008
2.3215500E-003   3.5674400E-008
2.4309700E-003   3.3427100E-008
2.5455300E-003   3.1410000E-008
2.6655000E-003   2.9295400E-008
2.7911200E-003   2.7563900E-008
2.9226600E-003   2.5712500E-008
3.0604000E-003   2.4119600E-008
3.2046400E-003   2.2334100E-008
3.3556700E-003   2.0645100E-008
3.5138100E-003   1.9079800E-008
3.6794100E-003   1.7928306E-008
3.8528200E-003   1.6723400E-008
4.0344000E-003   1.5736610E-008
4.2245300E-003   1.4629600E-008
4.4236300E-003   1.3335500E-008
4.6321100E-003   1.2237900E-008
4.8504100E-003   1.1426548E-008
5.0790100E-003   1.0392763E-008
5.3183700E-003   9.4822400E-009
5.5690200E-003   8.7176000E-009
5.8314800E-003   7.7962900E-009
6.1063100E-003   7.1120509E-009
6.3940900E-003   6.6154600E-009
6.6954300E-003   6.0436500E-009
7.0109800E-003   5.5894000E-009
7.3414000E-003   5.0626700E-009
7.6873900E-003   4.5868940E-009
8.0496800E-003   4.1719068E-009
8.4290500E-003   3.7479700E-009
8.8263000E-003   3.4511709E-009
9.2422700E-003   3.1204000E-009
9.6778500E-003   2.7733900E-009
1.0133900E-002   2.5060900E-009
1.0611500E-002   2.2523630E-009
1.1111700E-002   2.0005910E-009
1.1635300E-002   1.7981510E-009
1.2183700E-002   1.5971520E-009
1.2757900E-002   1.4257400E-009
1.3359100E-002   1.2600450E-009
1.3988700E-002   1.1325409E-009
1.4648000E-002   1.0059440E-009
1.5338400E-002   8.9226698E-010
1.6061200E-002   7.9614099E-010
1.6818200E-002   7.1331602E-010
1.7610800E-002   6.4113498E-010
1.8440800E-002   5.7625898E-010
1.9309800E-002   5.1794702E-010
2.0219900E-002   4.6553600E-010
2.1172800E-002   4.1349801E-010
2.2170700E-002   3.6727699E-010
2.3215500E-002   3.2622199E-010
 17
 1   2   3   4
 xy
 100
1.0133900E-003   8.7181600E-008
1.0611500E-003   8.3597000E-008
1.1111700E-003   8.0622200E-008
1.1635300E-003   7.7410000E-008
1.2183700E-003   7.3896600E-008
1.2757900E-003   7.1146500E-008
1.3359100E-003   6.7542600E-008
1.3988700E-003   6.4451700E-008
1.4648000E-003   6.1463400E-008
1.5338400E-003   5.8505700E-008
1.6061200E-003   5.5294400E-008
1.6818200E-003   5.3185700E-008
1.7610800E-003   5.0238600E-008
1.8440800E-003   4.7738400E-008
1.9309800E-003   4.5236700E-008
2.0219900E-003   4.2738300E-008
2.1172800E-003   4.0583000E-008
2.2170700E-003   3.7821700E-008
2.3215500E-003   3.5498300E-008
2.4309700E-003   3.3539200E-008
2.5455300E-003   3.1303700E-008
2.6655000E-003   2.9541300E-008
2.7911200E-003   2.7492300E-008
2.9226600E-003   2.5641400E-008
3.0604000E-003   2.4086600E-008
3.2046400E-003   2.2410000E-008
3.3556700E-003   2.0923800E-008
3.5138100E-003   1.9598500E-008
3.6794100E-003   1.8120500E-008
3.8528200E-003   1.6701600E-008
4.0344000E-003   1.5573200E-008
4.2245300E-003   1.4227800E-008
4.4236300E-003   1.3157300E-008
4.6321100E-003   1.2293700E-008
4.8504100E-003   1.1364637E-008
5.0790100E-003   1.0259144E-008
5.3183700E-003   9.4797000E-009
5.5690200E-003   8.6294600E-009
5.8314800E-003   7.9432816E-009
6.1063100E-003   7.1476700E-009
6.3940900E-003   6.5853200E-009
6.6954300E-003   6.0720220E-009
7.0109800E-003   5.5519358E-009
7.3414000E-003   5.0547400E-009
7.6873900E-003   4.5654900E-009
8.0496800E-003   4.1015700E-009
8.4290500E-003   3.8285700E-009
8.8263000E-003   3.5039220E-009
9.2422700E-003   3.1902600E-009
9.6778500E-003   2.8546681E-009
1.0133900E-002   2.6101570E-009
1.0611500E-002   2.3562550E-009
1.1111700E-002   2.1371100E-009
1.1635300E-002   1.9336500E-009
1.2183700E-002   1.7283180E-009
1.2757900E-002   1.5142600E-009
1.3359100E-002   1.3449710E-009
1.3988700E-002   1.2115280E-009
1.4648000E-002   1.0707870E-009
1.5338400E-002   9.5542796E-010
1.6061200E-002   8.6339500E-010
1.6818200E-002   7.7819601E-010
1.7610800E-002   6.9894701E-010
1.8440800E-002   6.1501998E-010
1.9309800E-002   5.4117000E-010
2.0219900E-002   4.8852700E-010
2.1172800E-002   4.3539999E-010
2.2170700E-002   3.8311901E-010
2.3215500E-002   3.4145500E-010
 18
 1   2   3   4
 xy
 100
1.0133900E-003   8.7185300E-008
1.0611500E-003   8.3655300E-008
1.1111700E-003   8.0823300E-008
1.1635300E-003   7.7294000E-008
1.2183700E-003   7.4256900E-008
1.2757900E-003   7.0683000E-008
1.3359100E-003   6.7853500E-008
1.3988700E-003   6.4777400E-008
1.4648000E-003   6.1378700E-008
1.5338400E-003   5.8994900E-008
1.6061200E-003   5.5637900E-008
1.6818200E-003   5.3020200E-008
1.7610800E-003   5.0235400E-008
1.8440800E-003   4.7621500E-008
1.9309800E-003   4.4840600E-008
2.0219900E-003   4.2544300E-008
2.1172800E-003   4.0283400E-008
2.2170700E-003   3.7944800E-008
2.3215500E-003   3.5596800E-008
2.4309700E-003   3.3657800E-008
2.5455300E-003   3.1546900E-008
2.6655000E-003   2.9605700E-008
2.7911200E-003   2.7617900E-008
2.9226600E-003   2.5630900E-008
3.0604000E-003   2.4054000E-008
3.2046400E-003   2.2229500E-008
3.3556700E-003   2.1024300E-008
3.5138100E-003   1.9556700E-008
3.6794100E-003   1.7967100E-008
3.8528200E-003   1.6806900E-008
4.0344000E-003   1.5582100E-008
4.2245300E-003   1.4369600E-008
4.4236300E-003   1.3363900E-008
4.6321100E-003   1.2147700E-008
4.8504100E-003   1.1142400E-008
5.0790100E-003   1.0496600E-008
5.3183700E-003   9.4764100E-009
5.5690200E-003   8.7906000E-009
5.8314800E-003   8.1113081E-009
6.1063100E-003   7.2675181E-009
6.3940900E-003   6.6412889E-009
6.6954300E-003   5.9463400E-009
7.0109800E-003   5.4323300E-009
7.3414000E-003   4.9114900E-009
7.6873900E-003   4.4504700E-009
8.0496800E-003   4.0286179E-009
8.4290500E-003   3.6911709E-009
8.8263000E-003   3.3201500E-009
9.2422700E-003   3.0559659E-009
9.6778500E-003   2.7267391E-009
1.0133900E-002   2.4890840E-009
1.0611500E-002   2.2390709E-009
1.1111700E-002   2.0273589E-009
1.1635300E-002   1.8089470E-009
1.2183700E-002   1.6179130E-009
1.2757900E-002   1.4733870E-009
1.3359100E-002   1.3449710E-009
1.3988700E-002   1.2277470E-009
1.4648000E-002   1.0867000E-009
1.5338400E-002   9.9999997E-010
1.6061200E-002   9.1052998E-010
1.6818200E-002   8.1450002E-010
1.7610800E-002   7.4551398E-010
1.8440800E-002   6.6340999E-010
1.9309800E-002   5.9533700E-010
2.0219900E-002   5.3200500E-010
2.1172800E-002   4.6950699E-010
2.2170700E-002   4.2483700E-010
2.3215500E-002   3.7964301E-010
 19
 1   2   3   4
 xy
 100
1.0133900E-003   8.3874700E-008
1.0611500E-003   8.1070600E-008
1.1111700E-003   7.7983500E-008
1.1635300E-003   7.5094000E-008
1.2183700E-003   7.1780600E-008
1.2757900E-003   6.8961300E-008
1.3359100E-003   6.6167600E-008
1.3988700E-003   6.2972100E-008
1.4648000E-003   6.0469500E-008
1.5338400E-003   5.7754700E-008
1.6061200E-003   5.4873600E-008
1.6818200E-003   5.2306100E-008
1.7610800E-003   4.9832000E-008
1.8440800E-003   4.7446900E-008
1.9309800E-003   4.4716700E-008
2.0219900E-003   4.2308200E-008
2.1172800E-003   3.9512500E-008
2.2170700E-003   3.7621500E-008
2.3215500E-003   3.5259200E-008
2.4309700E-003   3.3568700E-008
2.5455300E-003   3.1794166E-008
2.6655000E-003   2.9797402E-008
2.7911200E-003   2.7926042E-008
2.9226600E-003   2.6130300E-008
3.0604000E-003   2.4302700E-008
3.2046400E-003   2.3194700E-008
3.3556700E-003   2.1378800E-008
3.5138100E-003   1.9813400E-008
3.6794100E-003   1.8518493E-008
3.8528200E-003   1.7168873E-008
4.0344000E-003   1.5771100E-008
4.2245300E-003   1.4528500E-008
4.4236300E-003   1.3300600E-008
4.6321100E-003   1.2404400E-008
4.8504100E-003   1.1190700E-008
5.0790100E-003   1.0428900E-008
5.3183700E-003   9.5666400E-009
5.5690200E-003   8.6237400E-009
5.8314800E-003   7.9445100E-009
6.1063100E-003   7.3088620E-009
6.3940900E-003   6.7033370E-009
6.6954300E-003   6.0558931E-009
7.0109800E-003   5.4561200E-009
7.3414000E-003   4.9325251E-009
7.6873900E-003   4.4934731E-009
8.0496800E-003   4.1101851E-009
8.4290500E-003   3.6989221E-009
8.8263000E-003   3.2859200E-009
9.2422700E-003   2.9197560E-009
9.6778500E-003   2.6652780E-009
1.0133900E-002   2.3781410E-009
1.0611500E-002   2.1708690E-009
1.1111700E-002   1.9369959E-009
1.1635300E-002   1.7544109E-009
1.2183700E-002   1.5943500E-009
1.2757900E-002   1.4757540E-009
1.3359100E-002   1.3389380E-009
1.3988700E-002   1.2017450E-009
1.4648000E-002   1.0707870E-009
1.5338400E-002   9.7861197E-010
1.6061200E-002   8.9226698E-010
1.6818200E-002   7.9614099E-010
1.7610800E-002   7.1037098E-010
1.8440800E-002   6.3384098E-010
1.9309800E-002   5.6999200E-010
2.0219900E-002   5.1714799E-010
2.1172800E-002   4.6415899E-010
2.2170700E-002   4.2049600E-010
2.3215500E-002   3.6673800E-010
 20
 1   2   3   4
 xy
 100
1.0133900E-003   8.6361200E-008
1.0611500E-003   8.3150000E-008
1.1111700E-003   7.9341100E-008
1.1635300E-003   7.6168800E-008
1.2183700E-003   7.3194800E-008
1.2757900E-003   6.9869100E-008
1.3359100E-003   6.6618400E-008
1.3988700E-003   6.3070500E-008
1.4648000E-003   6.0772800E-008
1.5338400E-003   5.7658500E-008
1.6061200E-003   5.4850400E-008
1.6818200E-003   5.1927700E-008
1.7610800E-003   4.9522800E-008
1.8440800E-003   4.7126733E-008
1.9309800E-003   4.4469200E-008
2.0219900E-003   4.1819600E-008
2.1172800E-003   3.9312700E-008
2.2170700E-003   3.7072400E-008
2.3215500E-003   3.5007700E-008
2.4309700E-003   3.2557500E-008
2.5455300E-003   3.0720100E-008
2.6655000E-003   2.8811900E-008
2.7911200E-003   2.7148200E-008
2.9226600E-003   2.5344500E-008
3.0604000E-003   2.3511868E-008
3.2046400E-003   2.1839600E-008
3.3556700E-003   2.0148400E-008
3.5138100E-003   1.9040000E-008
3.6794100E-003   1.7681730E-008
3.8528200E-003   1.6335000E-008
4.0344000E-003   1.5169100E-008
4.2245300E-003   1.4154400E-008
4.4236300E-003   1.3245400E-008
4.6321100E-003   1.2277471E-008
4.8504100E-003   1.1207402E-008
5.0790100E-003   1.0458300E-008
5.3183700E-003   9.5542809E-009
5.5690200E-003   8.7215577E-009
5.8314800E-003   7.8711757E-009
6.1063100E-003   7.1611200E-009
6.3940900E-003   6.5589099E-009
6.6954300E-003   5.9193939E-009
7.0109800E-003   5.4245200E-009
7.3414000E-003   4.9890718E-009
7.6873900E-003   4.5525400E-009
8.0496800E-003   4.1108200E-009
8.4290500E-003   3.7519530E-009
8.8263000E-003   3.3727100E-009
9.2422700E-003   2.9870850E-009
9.6778500E-003   2.7267391E-009
1.0133900E-002   2.4608720E-009
1.0611500E-002   2.1957560E-009
1.1111700E-002   1.9369959E-009
1.1635300E-002   1.7283180E-009
1.2183700E-002   1.5421220E-009
1.2757900E-002   1.3603900E-009
1.3359100E-002   1.2277470E-009
1.3988700E-002   1.0707870E-009
1.4648000E-002   9.5093300E-010
1.5338400E-002   8.4283502E-010
1.6061200E-002   7.4351098E-010
1.6818200E-002   6.6340999E-010
1.7610800E-002   5.9193900E-010
1.8440800E-002   5.2816801E-010
1.9309800E-002   4.6371500E-010
2.0219900E-002   4.0636000E-010
2.1172800E-002   3.5847200E-010
2.2170700E-002   3.1622799E-010
2.3215500E-002   2.7896199E-010
 21
 1   2   3   4
 xy
 100
1.0133900E-003   8.2940400E-008
1.0611500E-003   7.9627500E-008
1.1111700E-003   7.6725400E-008
1.1635300E-003   7.3671300E-008
1.2183700E-003   7.0722500E-008
1.2757900E-003   6.7562400E-008
1.3359100E-003   6.5165500E-008
1.3988700E-003   6.2470100E-008
1.4648000E-003   5.9255600E-008
1.5338400E-003   5.6512100E-008
1.6061200E-003   5.4087100E-008
1.6818200E-003   5.1344200E-008
1.7610800E-003   4.9019600E-008
1.8440800E-003   4.6399000E-008
1.9309800E-003   4.3830300E-008
2.0219900E-003   4.1475000E-008
2.1172800E-003   3.9595600E-008
2.2170700E-003   3.7379200E-008
2.3215500E-003   3.5016200E-008
2.4309700E-003   3.2941800E-008
2.5455300E-003   3.0642800E-008
2.6655000E-003   2.9294600E-008
2.7911200E-003   2.7450800E-008
2.9226600E-003   2.5380900E-008
3.0604000E-003   2.3701300E-008
3.2046400E-003   2.2195400E-008
3.3556700E-003   2.0821900E-008
3.5138100E-003   1.9378300E-008
3.6794100E-003   1.7906600E-008
3.8528200E-003   1.6843726E-008
4.0344000E-003   1.5742090E-008
4.2245300E-003   1.4504100E-008
4.4236300E-003   1.3397100E-008
4.6321100E-003   1.2208900E-008
4.8504100E-003   1.1234700E-008
5.0790100E-003   1.0219000E-008
5.3183700E-003   9.4233100E-009
5.5690200E-003   8.7534300E-009
5.8314800E-003   8.0625300E-009
6.1063100E-003   7.3136990E-009
6.3940900E-003   6.5676300E-009
6.6954300E-003   6.1060800E-009
7.0109800E-003   5.5280789E-009
7.3414000E-003   4.8975500E-009
7.6873900E-003   4.3810100E-009
8.0496800E-003   4.0968900E-009
8.4290500E-003   3.7300000E-009
8.8263000E-003   3.3366700E-009
9.2422700E-003   3.0016230E-009
9.6778500E-003   2.6515550E-009
1.0133900E-002   2.3957250E-009
1.0611500E-002   2.1609600E-009
1.1111700E-002   1.9369959E-009
1.1635300E-002   1.7223800E-009
1.2183700E-002   1.5375900E-009
1.2757900E-002   1.4077149E-009
1.3359100E-002   1.2599900E-009
1.3988700E-002   1.1156600E-009
1.4648000E-002   9.9161601E-010
1.5338400E-002   8.8785002E-010
1.6061200E-002   8.1020002E-010
1.6818200E-002   7.0809503E-010
1.7610800E-002   6.4005301E-010
1.8440800E-002   5.6888899E-010
1.9309800E-002   5.1422300E-010
2.0219900E-002   4.5705001E-010
2.1172800E-002   4.1313100E-010
2.2170700E-002   3.7343201E-010
2.3215500E-002   3.3191300E-010
 22
 1   2   3   4
 xy
 100
1.0133900E-003   8.7067500E-008
1.0611500E-003   8.3602200E-008
1.1111700E-003   7.9839000E-008
1.1635300E-003   7.6725300E-008
1.2183700E-003   7.3783900E-008
1.2757900E-003   7.0194200E-008
1.3359100E-003   6.7007400E-008
1.3988700E-003   6.4040600E-008
1.4648000E-003   6.1095700E-008
1.5338400E-003   5.8167500E-008
1.6061200E-003   5.5147300E-008
1.6818200E-003   5.2452200E-008
1.7610800E-003   4.9440000E-008
1.8440800E-003   4.7012300E-008
1.9309800E-003   4.4352800E-008
2.0219900E-003   4.1817300E-008
2.1172800E-003   3.9498600E-008
2.2170700E-003   3.7035200E-008
2.3215500E-003   3.5054900E-008
2.4309700E-003   3.2696700E-008
2.5455300E-003   3.0659700E-008
2.6655000E-003   2.8724300E-008
2.7911200E-003   2.6992500E-008
2.9226600E-003   2.4867700E-008
3.0604000E-003   2.3352100E-008
3.2046400E-003   2.1756900E-008
3.3556700E-003   2.0351500E-008
3.5138100E-003   1.8901100E-008
3.6794100E-003   1.7352900E-008
3.8528200E-003   1.6216100E-008
4.0344000E-003   1.4934300E-008
4.2245300E-003   1.3726400E-008
4.4236300E-003   1.2651400E-008
4.6321100E-003   1.1706800E-008
4.8504100E-003   1.0709100E-008
5.0790100E-003   9.7968600E-009
5.3183700E-003   9.0374090E-009
5.5690200E-003   8.2608200E-009
5.8314800E-003   7.4583200E-009
6.1063100E-003   6.8086100E-009
6.3940900E-003   6.2305400E-009
6.6954300E-003   5.6258900E-009
7.0109800E-003   5.1246600E-009
7.3414000E-003   4.6580400E-009
7.6873900E-003   4.1587600E-009
8.0496800E-003   3.6712600E-009
8.4290500E-003   3.3264269E-009
8.8263000E-003   2.9579300E-009
9.2422700E-003   2.6419800E-009
9.6778500E-003   2.3939819E-009
1.0133900E-002   2.1363400E-009
1.0611500E-002   1.8934400E-009
1.1111700E-002   1.7094900E-009
1.1635300E-002   1.4990780E-009
1.2183700E-002   1.3319100E-009
1.2757900E-002   1.1682300E-009
1.3359100E-002   1.0466510E-009
1.3988700E-002   9.2690000E-010
1.4648000E-002   8.0647999E-010
1.5338400E-002   7.1037098E-010
1.6061200E-002   6.3384098E-010
1.6818200E-002   5.5280802E-010
1.7610800E-002   4.9325299E-010
1.8440800E-002   4.3939699E-010
1.9309800E-002   3.9710099E-010
2.0219900E-002   3.5436501E-010
2.1172800E-002   3.1622799E-010
2.2170700E-002   2.8578800E-010
2.3215500E-002   2.5827801E-010
 23
 1   2   3   4
 xy
 100
1.0133900E-003   8.1753300E-008
1.0611500E-003   7.8437000E-008
1.1111700E-003   7.5545000E-008
1.1635300E-003   7.2959100E-008
1.2183700E-003   6.9570000E-008
1.2757900E-003   6.6655000E-008
1.3359100E-003   6.4050000E-008
1.3988700E-003   6.2054600E-008
1.4648000E-003   5.9086200E-008
1.5338400E-003   5.6128700E-008
1.6061200E-003   5.3500600E-008
1.6818200E-003   5.0553700E-008
1.7610800E-003   4.7963800E-008
1.8440800E-003   4.6377300E-008
1.9309800E-003   4.3738500E-008
2.0219900E-003   4.1404000E-008
2.1172800E-003   3.9159400E-008
2.2170700E-003   3.6953700E-008
2.3215500E-003   3.4976600E-008
2.4309700E-003   3.2774900E-008
2.5455300E-003   3.1016400E-008
2.6655000E-003   2.9018000E-008
2.7911200E-003   2.7355000E-008
2.9226600E-003   2.5561000E-008
3.0604000E-003   2.3784900E-008
3.2046400E-003   2.2085200E-008
3.3556700E-003   2.0590500E-008
3.5138100E-003   1.9337900E-008
3.6794100E-003   1.7799200E-008
3.8528200E-003   1.6810900E-008
4.0344000E-003   1.5261200E-008
4.2245300E-003   1.4284200E-008
4.4236300E-003   1.3341700E-008
4.6321100E-003   1.2315506E-008
4.8504100E-003   1.1392500E-008
5.0790100E-003   1.0360300E-008
5.3183700E-003   9.4895900E-009
5.5690200E-003   8.6034637E-009
5.8314800E-003   7.9044600E-009
6.1063100E-003   7.1584000E-009
6.3940900E-003   6.7106300E-009
6.6954300E-003   6.1955410E-009
7.0109800E-003   5.5732800E-009
7.3414000E-003   5.1068400E-009
7.6873900E-003   4.6595261E-009
8.0496800E-003   4.2049648E-009
8.4290500E-003   3.7838900E-009
8.8263000E-003   3.4489620E-009
9.2422700E-003   3.1178100E-009
9.6778500E-003   2.7896170E-009
1.0133900E-002   2.5464819E-009
1.0611500E-002   2.2721429E-009
1.1111700E-002   2.0741100E-009
1.1635300E-002   1.8679140E-009
1.2183700E-002   1.7225860E-009
1.2757900E-002   1.5421220E-009
1.3359100E-002   1.3759860E-009
1.3988700E-002   1.2277470E-009
1.4648000E-002   1.0843660E-009
1.5338400E-002   9.5477204E-010
1.6061200E-002   8.3328200E-010
1.6818200E-002   7.3168099E-010
1.7610800E-002   6.3384098E-010
1.8440800E-002   5.5280802E-010
1.9309800E-002   4.8802501E-010
2.0219900E-002   4.3470100E-010
2.1172800E-002   3.8384701E-010
2.2170700E-002   3.4489600E-010
2.3215500E-002   3.0018399E-010
 24
 1   2   3   4
 xy
 100
1.0133900E-003   8.3862100E-008
1.0611500E-003   8.0513000E-008
1.1111700E-003   7.7194500E-008
1.1635300E-003   7.4130700E-008
1.2183700E-003   7.1603500E-008
1.2757900E-003   6.8460500E-008
1.3359100E-003   6.5147700E-008
1.3988700E-003   6.2431900E-008
1.4648000E-003   5.9673400E-008
1.5338400E-003   5.6926700E-008
1.6061200E-003   5.4014400E-008
1.6818200E-003   5.1662800E-008
1.7610800E-003   4.8271400E-008
1.8440800E-003   4.6336300E-008
1.9309800E-003   4.3788100E-008
2.0219900E-003   4.1342000E-008
2.1172800E-003   3.9208700E-008
2.2170700E-003   3.6961000E-008
2.3215500E-003   3.4830700E-008
2.4309700E-003   3.2530700E-008
2.5455300E-003   3.0549400E-008
2.6655000E-003   2.8845900E-008
2.7911200E-003   2.6850700E-008
2.9226600E-003   2.5477400E-008
3.0604000E-003   2.3977709E-008
3.2046400E-003   2.2224200E-008
3.3556700E-003   2.0405800E-008
3.5138100E-003   1.9046000E-008
3.6794100E-003   1.7757400E-008
3.8528200E-003   1.6317400E-008
4.0344000E-003   1.5142500E-008
4.2245300E-003   1.3820400E-008
4.4236300E-003   1.2967300E-008
4.6321100E-003   1.2070653E-008
4.8504100E-003   1.0931500E-008
5.0790100E-003   1.0111316E-008
5.3183700E-003   9.3573709E-009
5.5690200E-003   8.6436100E-009
5.8314800E-003   8.0139406E-009
6.1063100E-003   7.2675181E-009
6.3940900E-003   6.6054900E-009
6.6954300E-003   6.0096079E-009
7.0109800E-003   5.3271900E-009
7.3414000E-003   4.7698900E-009
7.6873900E-003   4.4051800E-009
8.0496800E-003   3.9459711E-009
8.4290500E-003   3.5847221E-009
8.8263000E-003   3.1985301E-009
9.2422700E-003   2.8761700E-009
9.6778500E-003   2.5396200E-009
1.0133900E-002   2.2721429E-009
1.0611500E-002   2.0127200E-009
1.1111700E-002   1.8180900E-009
1.1635300E-002   1.5834800E-009
1.2183700E-002   1.3871800E-009
1.2757900E-002   1.2404100E-009
1.3359100E-002   1.0954790E-009
1.3988700E-002   9.9999997E-010
1.4648000E-002   8.9226698E-010
1.5338400E-002   7.8785400E-010
1.6061200E-002   6.9435901E-010
1.6818200E-002   6.2125399E-010
1.7610800E-002   5.5615001E-010
1.8440800E-002   4.8696802E-010
1.9309800E-002   4.4078899E-010
2.0219900E-002   3.9459699E-010
2.1172800E-002   3.5324599E-010
2.2170700E-002   3.1622799E-010
2.3215500E-002   2.8624000E-010
 25
 1   2   3   4
 xy
 100
1.0133900E-003   8.5554900E-008
1.0611500E-003   8.2173800E-008
1.1111700E-003   7.9262900E-008
1.1635300E-003   7.6145000E-008
1.2183700E-003   7.2882000E-008
1.2757900E-003   6.9685100E-008
1.3359100E-003   6.6662600E-008
1.3988700E-003   6.3730600E-008
1.4648000E-003   6.1020800E-008
1.5338400E-003   5.7954200E-008
1.6061200E-003   5.5126400E-008
1.6818200E-003   5.2150400E-008
1.7610800E-003   4.9447600E-008
1.8440800E-003   4.7136200E-008
1.9309800E-003   4.4636800E-008
2.0219900E-003   4.2439300E-008
2.1172800E-003   3.9774700E-008
2.2170700E-003   3.7541900E-008
2.3215500E-003   3.5550100E-008
2.4309700E-003   3.3476400E-008
2.5455300E-003   3.1502300E-008
2.6655000E-003   2.9235000E-008
2.7911200E-003   2.7067500E-008
2.9226600E-003   2.5571300E-008
3.0604000E-003   2.3963300E-008
3.2046400E-003   2.2331500E-008
3.3556700E-003   2.0803900E-008
3.5138100E-003   1.9437800E-008
3.6794100E-003   1.8005800E-008
3.8528200E-003   1.6527500E-008
4.0344000E-003   1.5399266E-008
4.2245300E-003   1.4409400E-008
4.4236300E-003   1.3210600E-008
4.6321100E-003   1.2104600E-008
4.8504100E-003   1.1121200E-008
5.0790100E-003   1.0018800E-008
5.3183700E-003   9.2423000E-009
5.5690200E-003   8.4700238E-009
5.8314800E-003   7.8200600E-009
6.1063100E-003   7.1236300E-009
6.3940900E-003   6.4585200E-009
6.6954300E-003   5.8323800E-009
7.0109800E-003   5.2816822E-009
7.3414000E-003   4.7630442E-009
7.6873900E-003   4.3113708E-009
8.0496800E-003   3.9025290E-009
8.4290500E-003   3.5324570E-009
8.8263000E-003   3.1459000E-009
9.2422700E-003   2.8624030E-009
9.6778500E-003   2.5909650E-009
1.0133900E-002   2.3556200E-009
1.0611500E-002   2.1228681E-009
1.1111700E-002   1.8794830E-009
1.1635300E-002   1.6640020E-009
1.2183700E-002   1.4733870E-009
1.2757900E-002   1.2758200E-009
1.3359100E-002   1.1029100E-009
1.3988700E-002   9.5383900E-010
1.4648000E-002   8.2845603E-010
1.5338400E-002   7.3010400E-010
1.6061200E-002   6.3384098E-010
1.6818200E-002   5.5280802E-010
1.7610800E-002   4.9873300E-010
1.8440800E-002   4.4138301E-010
1.9309800E-002   3.9549400E-010
2.0219900E-002   3.5828701E-010
2.1172800E-002   3.2103700E-010
2.2170700E-002   2.8766001E-010
2.3215500E-002   2.5493899E-010
 26
 1   2   3   4
 xy
 100
1.0133900E-003   8.7049100E-008
1.0611500E-003   8.3527600E-008
1.1111700E-003   8.0307900E-008
1.1635300E-003   7.7608700E-008
1.2183700E-003   7.4059100E-008
1.2757900E-003   7.0698800E-008
1.3359100E-003   6.7872200E-008
1.3988700E-003   6.4617200E-008
1.4648000E-003   6.1581900E-008
1.5338400E-003   5.8712800E-008
1.6061200E-003   5.6150300E-008
1.6818200E-003   5.3179200E-008
1.7610800E-003   5.0548200E-008
1.8440800E-003   4.7648100E-008
1.9309800E-003   4.5082500E-008
2.0219900E-003   4.2603600E-008
2.1172800E-003   4.0114900E-008
2.2170700E-003   3.8100000E-008
2.3215500E-003   3.5734400E-008
2.4309700E-003   3.3684600E-008
2.5455300E-003   3.1437600E-008
2.6655000E-003   2.9576200E-008
2.7911200E-003   2.7646200E-008
2.9226600E-003   2.5767473E-008
3.0604000E-003   2.4106200E-008
3.2046400E-003   2.2690600E-008
3.3556700E-003   2.1012600E-008
3.5138100E-003   1.9769700E-008
3.6794100E-003   1.8200300E-008
3.8528200E-003   1.6729300E-008
4.0344000E-003   1.5474600E-008
4.2245300E-003   1.4366200E-008
4.4236300E-003   1.3236500E-008
4.6321100E-003   1.2116800E-008
4.8504100E-003   1.1176147E-008
5.0790100E-003   1.0139500E-008
5.3183700E-003   9.2514400E-009
5.5690200E-003   8.5771100E-009
5.8314800E-003   7.8981701E-009
6.1063100E-003   7.0943800E-009
6.3940900E-003   6.5407700E-009
6.6954300E-003   6.0074300E-009
7.0109800E-003   5.3646800E-009
7.3414000E-003   4.7981000E-009
7.6873900E-003   4.3614400E-009
8.0496800E-003   3.9863900E-009
8.4290500E-003   3.6028200E-009
8.8263000E-003   3.1820800E-009
9.2422700E-003   2.9109000E-009
9.6778500E-003   2.5742700E-009
1.0133900E-002   2.3411700E-009
1.0611500E-002   2.1254170E-009
1.1111700E-002   1.9069080E-009
1.1635300E-002   1.7134100E-009
1.2183700E-002   1.5290400E-009
1.2757900E-002   1.3449710E-009
1.3359100E-002   1.1960199E-009
1.3988700E-002   1.0466510E-009
1.4648000E-002   9.1284302E-010
1.5338400E-002   8.1450002E-010
1.6061200E-002   7.1037098E-010
1.6818200E-002   6.1708000E-010
1.7610800E-002   5.4034799E-010
1.8440800E-002   4.6064499E-010
1.9309800E-002   4.0175399E-010
2.0219900E-002   3.5873199E-010
2.1172800E-002   3.1154601E-010
2.2170700E-002   2.7650099E-010
2.3215500E-002   2.4274999E-010
 27
 1   2   3   4
 xy
 100
1.0133900E-003   8.9297300E-008
1.0611500E-003   8.6662300E-008
1.1111700E-003   8.3600300E-008
1.1635300E-003   7.9042800E-008
1.2183700E-003   7.4319600E-008
1.2757900E-003   7.2416000E-008
1.3359100E-003   7.0169000E-008
1.3988700E-003   6.6642900E-008
1.4648000E-003   6.2783900E-008
1.5338400E-003   5.9850900E-008
1.6061200E-003   5.7714500E-008
1.6818200E-003   5.4607200E-008
1.7610800E-003   5.2246400E-008
1.8440800E-003   4.9368700E-008
1.9309800E-003   4.6695600E-008
2.0219900E-003   4.3367700E-008
2.1172800E-003   4.1156100E-008
2.2170700E-003   3.8808100E-008
2.3215500E-003   3.6537000E-008
2.4309700E-003   3.4200900E-008
2.5455300E-003   3.2181500E-008
2.6655000E-003   3.0272600E-008
2.7911200E-003   2.8348348E-008
2.9226600E-003   2.6278300E-008
3.0604000E-003   2.4924400E-008
3.2046400E-003   2.3235200E-008
3.3556700E-003   2.1749718E-008
3.5138100E-003   2.0150200E-008
3.6794100E-003   1.8666000E-008
3.8528200E-003   1.7500500E-008
4.0344000E-003   1.6279300E-008
4.2245300E-003   1.5073629E-008
4.4236300E-003   1.3861181E-008
4.6321100E-003   1.2647100E-008
4.8504100E-003   1.1575800E-008
5.0790100E-003   1.0707867E-008
5.3183700E-003   9.8590434E-009
5.5690200E-003   8.9226742E-009
5.8314800E-003   8.1450002E-009
6.1063100E-003   7.4351050E-009
6.3940900E-003   6.9435910E-009
6.6954300E-003   6.4034178E-009
7.0109800E-003   5.7859708E-009
7.3414000E-003   5.2851400E-009
7.6873900E-003   4.8757278E-009
8.0496800E-003   4.4011319E-009
8.4290500E-003   3.9742960E-009
8.8263000E-003   3.5244600E-009
9.2422700E-003   3.1881600E-009
9.6778500E-003   2.7948761E-009
1.0133900E-002   2.4666560E-009
1.0611500E-002   2.1708690E-009
1.1111700E-002   1.9369959E-009
1.1635300E-002   1.6956900E-009
1.2183700E-002   1.4733870E-009
1.2757900E-002   1.3146551E-009
1.3359100E-002   1.1730240E-009
1.3988700E-002   1.0466510E-009
1.4648000E-002   9.3389296E-010
1.5338400E-002   8.2912299E-010
1.6061200E-002   7.4011203E-010
1.6818200E-002   6.6340999E-010
1.7610800E-002   5.7859700E-010
1.8440800E-002   5.0878601E-010
1.9309800E-002   4.5416501E-010
2.0219900E-002   4.0540701E-010
2.1172800E-002   3.5779801E-010
2.2170700E-002   3.1938599E-010
2.3215500E-002   2.8187799E-010
 28
 1   2   3   4
 xy
 100
1.0133900E-003   8.7381300E-008
1.0611500E-003   8.4298500E-008
1.1111700E-003   8.1613000E-008
1.1635300E-003   7.8881800E-008
1.2183700E-003   7.5891400E-008
1.2757900E-003   7.2558100E-008
1.3359100E-003   6.9611400E-008
1.3988700E-003   6.6919000E-008
1.4648000E-003   6.3705200E-008
1.5338400E-003   6.1250400E-008
1.6061200E-003   5.8342000E-008
1.6818200E-003   5.5161300E-008
1.7610800E-003   5.2577000E-008
1.8440800E-003   5.0198800E-008
1.9309800E-003   4.7323600E-008
2.0219900E-003   4.5026100E-008
2.1172800E-003   4.2679000E-008
2.2170700E-003   4.0083500E-008
2.3215500E-003   3.7882200E-008
2.4309700E-003   3.5508600E-008
2.5455300E-003   3.3680400E-008
2.6655000E-003   3.1826800E-008
2.7911200E-003   2.9625100E-008
2.9226600E-003   2.7742900E-008
3.0604000E-003   2.5869800E-008
3.2046400E-003   2.4433900E-008
3.3556700E-003   2.2578600E-008
3.5138100E-003   2.0978000E-008
3.6794100E-003   1.9490200E-008
3.8528200E-003   1.8021600E-008
4.0344000E-003   1.6700300E-008
4.2245300E-003   1.5472700E-008
4.4236300E-003   1.4298500E-008
4.6321100E-003   1.3109700E-008
4.8504100E-003   1.2131900E-008
5.0790100E-003   1.1086600E-008
5.3183700E-003   1.0406000E-008
5.5690200E-003   9.6621688E-009
5.8314800E-003   8.7745500E-009
6.1063100E-003   7.8618072E-009
6.3940900E-003   7.1350500E-009
6.6954300E-003   6.5151600E-009
7.0109800E-003   5.9495000E-009
7.3414000E-003   5.4780200E-009
7.6873900E-003   4.9718429E-009
8.0496800E-003   4.5442300E-009
8.4290500E-003   4.1335300E-009
8.8263000E-003   3.6924300E-009
9.2422700E-003   3.4265500E-009
9.6778500E-003   3.0729970E-009
1.0133900E-002   2.7695300E-009
1.0611500E-002   2.4890840E-009
1.1111700E-002   2.2698400E-009
1.1635300E-002   1.9977500E-009
1.2183700E-002   1.8089470E-009
1.2757900E-002   1.6179130E-009
1.3359100E-002   1.4176100E-009
1.3988700E-002   1.2560590E-009
1.4648000E-002   1.1086030E-009
1.5338400E-002   9.6621700E-010
1.6061200E-002   8.5249702E-010
1.6818200E-002   7.5096901E-010
1.7610800E-002   6.6340999E-010
1.8440800E-002   5.7859700E-010
1.9309800E-002   5.0870702E-010
2.0219900E-002   4.4337001E-010
2.1172800E-002   3.9538001E-010
2.2170700E-002   3.4186400E-010
2.3215500E-002   2.9870800E-010
 29
 1   2   3   4
 xy
 100
1.0133900E-003   9.0795300E-008
1.0611500E-003   8.7436500E-008
1.1111700E-003   8.3898400E-008
1.1635300E-003   8.0901500E-008
1.2183700E-003   7.7879300E-008
1.2757900E-003   7.4386000E-008
1.3359100E-003   7.1257500E-008
1.3988700E-003   6.8653700E-008
1.4648000E-003   6.5342100E-008
1.5338400E-003   6.1959100E-008
1.6061200E-003   5.9564200E-008
1.6818200E-003   5.6837300E-008
1.7610800E-003   5.3376400E-008
1.8440800E-003   5.0914300E-008
1.9309800E-003   4.8467600E-008
2.0219900E-003   4.5321500E-008
2.1172800E-003   4.3069500E-008
2.2170700E-003   4.0813000E-008
2.3215500E-003   3.8359400E-008
2.4309700E-003   3.6083400E-008
2.5455300E-003   3.3908500E-008
2.6655000E-003   3.1819700E-008
2.7911200E-003   2.9742700E-008
2.9226600E-003   2.7802400E-008
3.0604000E-003   2.5882300E-008
3.2046400E-003   2.4101048E-008
3.3556700E-003   2.2297900E-008
3.5138100E-003   2.0767000E-008
3.6794100E-003   1.9369000E-008
3.8528200E-003   1.7909200E-008
4.0344000E-003   1.6585600E-008
4.2245300E-003   1.5178500E-008
4.4236300E-003   1.4052800E-008
4.6321100E-003   1.3025500E-008
4.8504100E-003   1.1803400E-008
5.0790100E-003   1.1013267E-008
5.3183700E-003   1.0021200E-008
5.5690200E-003   9.1683400E-009
5.8314800E-003   8.3213000E-009
6.1063100E-003   7.7312900E-009
6.3940900E-003   6.9297661E-009
6.6954300E-003   6.2310300E-009
7.0109800E-003   5.6075000E-009
7.3414000E-003   5.0884652E-009
7.6873900E-003   4.6064499E-009
8.0496800E-003   4.1721440E-009
8.4290500E-003   3.7682900E-009
8.8263000E-003   3.3833061E-009
9.2422700E-003   3.0299621E-009
9.6778500E-003   2.7436160E-009
1.0133900E-002   2.4005100E-009
1.0611500E-002   2.1708690E-009
1.1111700E-002   1.9392600E-009
1.1635300E-002   1.7283180E-009
1.2183700E-002   1.5457400E-009
1.2757900E-002   1.3693890E-009
1.3359100E-002   1.2129200E-009
1.3988700E-002   1.0707870E-009
1.4648000E-002   9.3389296E-010
1.5338400E-002   8.1541202E-010
1.6061200E-002   7.1037098E-010
1.6818200E-002   6.2327099E-010
1.7610800E-002   5.4216498E-010
1.8440800E-002   4.7098098E-010
1.9309800E-002   4.1150100E-010
2.0219900E-002   3.4972500E-010
2.1172800E-002   3.0401101E-010
2.2170700E-002   2.5968599E-010
2.3215500E-002   2.1797300E-010
 30
 1   2   3   4
 xy
 100
1.0133900E-003   8.5870600E-008
1.0611500E-003   8.2768800E-008
1.1111700E-003   8.0518400E-008
1.1635300E-003   7.7818500E-008
1.2183700E-003   7.4603300E-008
1.2757900E-003   7.2016400E-008
1.3359100E-003   6.9371100E-008
1.3988700E-003   6.6240800E-008
1.4648000E-003   6.3568200E-008
1.5338400E-003   6.0762000E-008
1.6061200E-003   5.7889300E-008
1.6818200E-003   5.5465800E-008
1.7610800E-003   5.2950100E-008
1.8440800E-003   5.0308200E-008
1.9309800E-003   4.7576100E-008
2.0219900E-003   4.5434500E-008
2.1172800E-003   4.2819300E-008
2.2170700E-003   4.0471600E-008
2.3215500E-003   3.8121600E-008
2.4309700E-003   3.6139500E-008
2.5455300E-003   3.4052000E-008
2.6655000E-003   3.1921200E-008
2.7911200E-003   2.9986600E-008
2.9226600E-003   2.8299000E-008
3.0604000E-003   2.6295200E-008
3.2046400E-003   2.4381800E-008
3.3556700E-003   2.2717700E-008
3.5138100E-003   2.1288500E-008
3.6794100E-003   2.0094900E-008
3.8528200E-003   1.8792669E-008
4.0344000E-003   1.7442892E-008
4.2245300E-003   1.5864400E-008
4.4236300E-003   1.4515300E-008
4.6321100E-003   1.3384000E-008
4.8504100E-003   1.2416400E-008
5.0790100E-003   1.1441100E-008
5.3183700E-003   1.0395300E-008
5.5690200E-003   9.3096800E-009
5.8314800E-003   8.5737500E-009
6.1063100E-003   7.9759200E-009
6.3940900E-003   7.2109500E-009
6.6954300E-003   6.6553000E-009
7.0109800E-003   5.9925400E-009
7.3414000E-003   5.4788100E-009
7.6873900E-003   4.9653939E-009
8.0496800E-003   4.4747500E-009
8.4290500E-003   4.0530800E-009
8.8263000E-003   3.6358510E-009
9.2422700E-003   3.3109100E-009
9.6778500E-003   2.9491509E-009
1.0133900E-002   2.6102300E-009
1.0611500E-002   2.3167900E-009
1.1111700E-002   2.0805679E-009
1.1635300E-002   1.8738171E-009
1.2183700E-002   1.7044700E-009
1.2757900E-002   1.5225500E-009
1.3359100E-002   1.3449710E-009
1.3988700E-002   1.1730240E-009
1.4648000E-002   1.0466510E-009
1.5338400E-002   9.1284302E-010
1.6061200E-002   8.1250601E-010
1.6818200E-002   7.1504802E-010
1.7610800E-002   6.3513000E-010
1.8440800E-002   5.5972799E-010
1.9309800E-002   5.0462701E-010
2.0219900E-002   4.5026199E-010
2.1172800E-002   4.0175399E-010
2.2170700E-002   3.5039199E-010
2.3215500E-002   3.0833100E-010
 31
 1   2   3   4
 xy
 100
1.0133900E-003   8.3857900E-008
1.0611500E-003   8.1411200E-008
1.1111700E-003   7.8666200E-008
1.1635300E-003   7.6143500E-008
1.2183700E-003   7.3532300E-008
1.2757900E-003   7.0485600E-008
1.3359100E-003   6.7918200E-008
1.3988700E-003   6.5124400E-008
1.4648000E-003   6.2260000E-008
1.5338400E-003   5.9424200E-008
1.6061200E-003   5.7549400E-008
1.6818200E-003   5.4415500E-008
1.7610800E-003   5.1788200E-008
1.8440800E-003   4.9610000E-008
1.9309800E-003   4.7176600E-008
2.0219900E-003   4.4909000E-008
2.1172800E-003   4.2474900E-008
2.2170700E-003   4.0141200E-008
2.3215500E-003   3.7717100E-008
2.4309700E-003   3.5505400E-008
2.5455300E-003   3.3616300E-008
2.6655000E-003   3.1687900E-008
2.7911200E-003   2.9644200E-008
2.9226600E-003   2.7872200E-008
3.0604000E-003   2.6198100E-008
3.2046400E-003   2.4155800E-008
3.3556700E-003   2.2205770E-008
3.5138100E-003   2.0828200E-008
3.6794100E-003   1.9425500E-008
3.8528200E-003   1.8278100E-008
4.0344000E-003   1.6817400E-008
4.2245300E-003   1.5532200E-008
4.4236300E-003   1.4464700E-008
4.6321100E-003   1.3273000E-008
4.8504100E-003   1.2062700E-008
5.0790100E-003   1.1194500E-008
5.3183700E-003   1.0240000E-008
5.5690200E-003   9.4205600E-009
5.8314800E-003   8.5661300E-009
6.1063100E-003   7.8587300E-009
6.3940900E-003   7.1640138E-009
6.6954300E-003   6.4845702E-009
7.0109800E-003   5.8573500E-009
7.3414000E-003   5.3134501E-009
7.6873900E-003   4.8268260E-009
8.0496800E-003   4.3847690E-009
8.4290500E-003   3.9751400E-009
8.8263000E-003   3.5419860E-009
9.2422700E-003   3.2047500E-009
9.6778500E-003   2.8605800E-009
1.0133900E-002   2.6226700E-009
1.0611500E-002   2.3362000E-009
1.1111700E-002   2.0744600E-009
1.1635300E-002   1.8275830E-009
1.2183700E-002   1.6280000E-009
1.2757900E-002   1.4733870E-009
1.3359100E-002   1.2988450E-009
1.3988700E-002   1.1465840E-009
1.4648000E-002   9.9712600E-010
1.5338400E-002   8.8449897E-010
1.6061200E-002   7.7819601E-010
1.6818200E-002   6.9435901E-010
1.7610800E-002   6.2193201E-010
1.8440800E-002   5.5304200E-010
1.9309800E-002   4.8213500E-010
2.0219900E-002   4.3019299E-010
2.1172800E-002   3.8474099E-010
2.2170700E-002   3.4950501E-010
2.3215500E-002   3.1079100E-010
 32
 1   2   3   4
 xy
 100
1.0133900E-003   8.3172600E-008
1.0611500E-003   8.0783000E-008
1.1111700E-003   7.7809200E-008
1.1635300E-003   7.4932800E-008
1.2183700E-003   7.2657400E-008
1.2757900E-003   6.9852700E-008
1.3359100E-003   6.7229500E-008
1.3988700E-003   6.4692600E-008
1.4648000E-003   6.2175200E-008
1.5338400E-003   5.9490500E-008
1.6061200E-003   5.6869200E-008
1.6818200E-003   5.4446500E-008
1.7610800E-003   5.1867800E-008
1.8440800E-003   4.9350300E-008
1.9309800E-003   4.7107400E-008
2.0219900E-003   4.4520400E-008
2.1172800E-003   4.2261000E-008
2.2170700E-003   4.0021800E-008
2.3215500E-003   3.7667700E-008
2.4309700E-003   3.5633900E-008
2.5455300E-003   3.3716100E-008
2.6655000E-003   3.1509300E-008
2.7911200E-003   3.0075400E-008
2.9226600E-003   2.7804200E-008
3.0604000E-003   2.6083200E-008
3.2046400E-003   2.4636100E-008
3.3556700E-003   2.2732400E-008
3.5138100E-003   2.1191000E-008
3.6794100E-003   1.9847500E-008
3.8528200E-003   1.8458400E-008
4.0344000E-003   1.6937900E-008
4.2245300E-003   1.5680800E-008
4.4236300E-003   1.4505900E-008
4.6321100E-003   1.3486000E-008
4.8504100E-003   1.2526300E-008
5.0790100E-003   1.1328886E-008
5.3183700E-003   1.0459800E-008
5.5690200E-003   9.4967100E-009
5.8314800E-003   8.6235700E-009
6.1063100E-003   8.0234700E-009
6.3940900E-003   7.3619870E-009
6.6954300E-003   6.6475270E-009
7.0109800E-003   6.0330900E-009
7.3414000E-003   5.4695500E-009
7.6873900E-003   4.9059500E-009
8.0496800E-003   4.4645600E-009
8.4290500E-003   4.0348300E-009
8.8263000E-003   3.6673840E-009
9.2422700E-003   3.3002300E-009
9.6778500E-003   2.9654700E-009
1.0133900E-002   2.6243900E-009
1.0611500E-002   2.3736700E-009
1.1111700E-002   2.0741100E-009
1.1635300E-002   1.8870500E-009
1.2183700E-002   1.6807900E-009
1.2757900E-002   1.4916300E-009
1.3359100E-002   1.3449710E-009
1.3988700E-002   1.2223300E-009
1.4648000E-002   1.0826370E-009
1.5338400E-002   9.4550400E-010
1.6061200E-002   8.4354501E-010
1.6818200E-002   7.4459700E-010
1.7610800E-002   6.8000500E-010
1.8440800E-002   5.9347000E-010
1.9309800E-002   5.2816801E-010
2.0219900E-002   4.6240700E-010
2.1172800E-002   4.0816700E-010
2.2170700E-002   3.6028799E-010
2.3215500E-002   3.1443900E-010
 33
 1   2   3   4
 xy
 100
1.0133900E-003   8.6012600E-008
1.0611500E-003   8.3270900E-008
1.1111700E-003   8.0520400E-008
1.1635300E-003   7.7876000E-008
1.2183700E-003   7.5135600E-008
1.2757900E-003   7.2392900E-008
1.3359100E-003   6.9583800E-008
1.3988700E-003   6.6755100E-008
1.4648000E-003   6.3795700E-008
1.5338400E-003   6.1014500E-008
1.6061200E-003   5.8396400E-008
1.6818200E-003   5.5820200E-008
1.7610800E-003   5.3210800E-008
1.8440800E-003   5.0709100E-008
1.9309800E-003   4.8209600E-008
2.0219900E-003   4.5715400E-008
2.1172800E-003   4.3189200E-008
2.2170700E-003   4.1000100E-008
2.3215500E-003   3.8512100E-008
2.4309700E-003   3.6343200E-008
2.5455300E-003   3.4445600E-008
2.6655000E-003   3.2139300E-008
2.7911200E-003   3.0178200E-008
2.9226600E-003   2.8287600E-008
3.0604000E-003   2.6386800E-008
3.2046400E-003   2.4667900E-008
3.3556700E-003   2.3039100E-008
3.5138100E-003   2.1350900E-008
3.6794100E-003   1.9854700E-008
3.8528200E-003   1.8242500E-008
4.0344000E-003   1.7118900E-008
4.2245300E-003   1.5783300E-008
4.4236300E-003   1.4622600E-008
4.6321100E-003   1.3244200E-008
4.8504100E-003   1.2133700E-008
5.0790100E-003   1.1239000E-008
5.3183700E-003   1.0181900E-008
5.5690200E-003   9.3395100E-009
5.8314800E-003   8.4048182E-009
6.1063100E-003   7.7080400E-009
6.3940900E-003   6.9877859E-009
6.6954300E-003   6.3835200E-009
7.0109800E-003   5.7567700E-009
7.3414000E-003   5.2686349E-009
7.6873900E-003   4.7848100E-009
8.0496800E-003   4.2862300E-009
8.4290500E-003   3.8741200E-009
8.8263000E-003   3.4870069E-009
9.2422700E-003   3.1264360E-009
9.6778500E-003   2.8120800E-009
1.0133900E-002   2.5726301E-009
1.0611500E-002   2.3301600E-009
1.1111700E-002   2.0479569E-009
1.1635300E-002   1.8089470E-009
1.2183700E-002   1.6126760E-009
1.2757900E-002   1.4422350E-009
1.3359100E-002   1.2624231E-009
1.3988700E-002   1.1298270E-009
1.4648000E-002   9.9999997E-010
1.5338400E-002   8.9226698E-010
1.6061200E-002   7.7895002E-010
1.6818200E-002   6.9435901E-010
1.7610800E-002   6.1955402E-010
1.8440800E-002   5.4034799E-010
1.9309800E-002   4.7779902E-010
2.0219900E-002   4.2049600E-010
2.1172800E-002   3.6673800E-010
2.2170700E-002   3.1985301E-010
2.3215500E-002   2.7267399E-010
 34
 1   2   3   4
 xy
 100
1.0133900E-003   8.7016700E-008
1.0611500E-003   8.4617700E-008
1.1111700E-003   8.1577400E-008
1.1635300E-003   7.8682800E-008
1.2183700E-003   7.5931200E-008
1.2757900E-003   7.3451600E-008
1.3359100E-003   7.0706600E-008
1.3988700E-003   6.7600200E-008
1.4648000E-003   6.4865700E-008
1.5338400E-003   6.2102100E-008
1.6061200E-003   5.9541600E-008
1.6818200E-003   5.7041800E-008
1.7610800E-003   5.4159400E-008
1.8440800E-003   5.1593800E-008
1.9309800E-003   4.9394100E-008
2.0219900E-003   4.6732700E-008
2.1172800E-003   4.4599100E-008
2.2170700E-003   4.1819700E-008
2.3215500E-003   3.9536300E-008
2.4309700E-003   3.7123600E-008
2.5455300E-003   3.4943600E-008
2.6655000E-003   3.2973900E-008
2.7911200E-003   3.1034600E-008
2.9226600E-003   2.8825500E-008
3.0604000E-003   2.7079800E-008
3.2046400E-003   2.5240200E-008
3.3556700E-003   2.3624000E-008
3.5138100E-003   2.2075300E-008
3.6794100E-003   2.0439200E-008
3.8528200E-003   1.8932900E-008
4.0344000E-003   1.7389400E-008
4.2245300E-003   1.6236200E-008
4.4236300E-003   1.4864700E-008
4.6321100E-003   1.3636500E-008
4.8504100E-003   1.2463849E-008
5.0790100E-003   1.1491900E-008
5.3183700E-003   1.0514600E-008
5.5690200E-003   9.6146600E-009
5.8314800E-003   8.8334800E-009
6.1063100E-003   8.0325500E-009
6.3940900E-003   7.3634401E-009
6.6954300E-003   6.6429391E-009
7.0109800E-003   6.1316539E-009
7.3414000E-003   5.4955000E-009
7.6873900E-003   4.8710000E-009
8.0496800E-003   4.3007118E-009
8.4290500E-003   3.8534300E-009
8.8263000E-003   3.5119700E-009
9.2422700E-003   3.1703900E-009
9.6778500E-003   2.8783400E-009
1.0133900E-002   2.5700280E-009
1.0611500E-002   2.3185549E-009
1.1111700E-002   2.0741100E-009
1.1635300E-002   1.8506600E-009
1.2183700E-002   1.6512840E-009
1.2757900E-002   1.4733870E-009
1.3359100E-002   1.3235461E-009
1.3988700E-002   1.1730240E-009
1.4648000E-002   1.0466510E-009
1.5338400E-002   9.1284302E-010
1.6061200E-002   7.9614099E-010
1.6818200E-002   6.9435901E-010
1.7610800E-002   6.0558902E-010
1.8440800E-002   5.1626298E-010
1.9309800E-002   4.5026199E-010
2.0219900E-002   3.8890300E-010
2.1172800E-002   3.3532499E-010
2.2170700E-002   2.9907199E-010
2.3215500E-002   2.5773900E-010
 35
 1   2   3   4
 xy
 100
1.0133900E-003   8.6623200E-008
1.0611500E-003   8.4191600E-008
1.1111700E-003   8.1579600E-008
1.1635300E-003   7.9027400E-008
1.2183700E-003   7.6362500E-008
1.2757900E-003   7.3974400E-008
1.3359100E-003   7.1470000E-008
1.3988700E-003   6.8001300E-008
1.4648000E-003   6.5950000E-008
1.5338400E-003   6.3420600E-008
1.6061200E-003   6.0510700E-008
1.6818200E-003   5.7411200E-008
1.7610800E-003   5.5469600E-008
1.8440800E-003   5.2399100E-008
1.9309800E-003   4.9879700E-008
2.0219900E-003   4.7685600E-008
2.1172800E-003   4.5106500E-008
2.2170700E-003   4.2676200E-008
2.3215500E-003   4.0480900E-008
2.4309700E-003   3.8085700E-008
2.5455300E-003   3.5824600E-008
2.6655000E-003   3.3608900E-008
2.7911200E-003   3.1957400E-008
2.9226600E-003   2.9722300E-008
3.0604000E-003   2.7514600E-008
3.2046400E-003   2.5662200E-008
3.3556700E-003   2.4102600E-008
3.5138100E-003   2.2538500E-008
3.6794100E-003   2.0827700E-008
3.8528200E-003   1.9325100E-008
4.0344000E-003   1.7852900E-008
4.2245300E-003   1.6317100E-008
4.4236300E-003   1.5393200E-008
4.6321100E-003   1.4282000E-008
4.8504100E-003   1.2985700E-008
5.0790100E-003   1.1925900E-008
5.3183700E-003   1.0917400E-008
5.5690200E-003   1.0226100E-008
5.8314800E-003   9.0690900E-009
6.1063100E-003   8.3507400E-009
6.3940900E-003   7.6626600E-009
6.6954300E-003   6.8977850E-009
7.0109800E-003   6.2238000E-009
7.3414000E-003   5.6044100E-009
7.6873900E-003   5.1248059E-009
8.0496800E-003   4.6751800E-009
8.4290500E-003   4.1462500E-009
8.8263000E-003   3.6800700E-009
9.2422700E-003   3.3408700E-009
9.6778500E-003   3.0095020E-009
1.0133900E-002   2.6870400E-009
1.0611500E-002   2.4083551E-009
1.1111700E-002   2.1708690E-009
1.1635300E-002   1.9369959E-009
1.2183700E-002   1.7283180E-009
1.2757900E-002   1.5421220E-009
1.3359100E-002   1.3797010E-009
1.3988700E-002   1.2496090E-009
1.4648000E-002   1.1072800E-009
1.5338400E-002   9.7029600E-010
1.6061200E-002   8.5249702E-010
1.6818200E-002   7.4351098E-010
1.7610800E-002   6.5645400E-010
1.8440800E-002   5.6555599E-010
1.9309800E-002   4.8213500E-010
2.0219900E-002   4.2563000E-010
2.1172800E-002   3.7144299E-010
2.2170700E-002   3.2016700E-010
2.3215500E-002   2.7940700E-010
 36
 1   2   3   4
 xy
 100
1.0133900E-003   8.7625200E-008
1.0611500E-003   8.5658700E-008
1.1111700E-003   8.2981300E-008
1.1635300E-003   7.9866100E-008
1.2183700E-003   7.7212100E-008
1.2757900E-003   7.4549000E-008
1.3359100E-003   7.2194900E-008
1.3988700E-003   6.9351100E-008
1.4648000E-003   6.6279100E-008
1.5338400E-003   6.3734500E-008
1.6061200E-003   6.0792800E-008
1.6818200E-003   5.8223600E-008
1.7610800E-003   5.5915200E-008
1.8440800E-003   5.3122800E-008
1.9309800E-003   5.0448200E-008
2.0219900E-003   4.7960200E-008
2.1172800E-003   4.5201600E-008
2.2170700E-003   4.3077800E-008
2.3215500E-003   4.1372104E-008
2.4309700E-003   3.8401000E-008
2.5455300E-003   3.5873500E-008
2.6655000E-003   3.3971900E-008
2.7911200E-003   3.1543300E-008
2.9226600E-003   2.9673500E-008
3.0604000E-003   2.7781800E-008
3.2046400E-003   2.5872900E-008
3.3556700E-003   2.4077200E-008
3.5138100E-003   2.2384100E-008
3.6794100E-003   2.0824100E-008
3.8528200E-003   1.9312800E-008
4.0344000E-003   1.7761200E-008
4.2245300E-003   1.6528300E-008
4.4236300E-003   1.5219800E-008
4.6321100E-003   1.4056200E-008
4.8504100E-003   1.3045400E-008
5.0790100E-003   1.1670700E-008
5.3183700E-003   1.0763191E-008
5.5690200E-003   9.6337100E-009
5.8314800E-003   8.9281600E-009
6.1063100E-003   8.0595600E-009
6.3940900E-003   7.4093292E-009
6.6954300E-003   6.6944300E-009
7.0109800E-003   5.9784000E-009
7.3414000E-003   5.4717600E-009
7.6873900E-003   4.9360200E-009
8.0496800E-003   4.5036290E-009
8.4290500E-003   4.0218202E-009
8.8263000E-003   3.6127800E-009
9.2422700E-003   3.2597100E-009
9.6778500E-003   2.9197560E-009
1.0133900E-002   2.6652780E-009
1.0611500E-002   2.3385500E-009
1.1111700E-002   2.0741100E-009
1.1635300E-002   1.8506600E-009
1.2183700E-002   1.6279900E-009
1.2757900E-002   1.4468200E-009
1.3359100E-002   1.2564500E-009
1.3988700E-002   1.0885200E-009
1.4648000E-002   9.5574904E-010
1.5338400E-002   8.3440299E-010
1.6061200E-002   7.2675199E-010
1.6818200E-002   6.3384098E-010
1.7610800E-002   5.4034799E-010
1.8440800E-002   4.6064499E-010
1.9309800E-002   4.0446399E-010
2.0219900E-002   3.5712899E-010
2.1172800E-002   3.1178701E-010
2.2170700E-002   2.7106900E-010
2.3215500E-002   2.2721400E-010
 37
 1   2   3   4
 xy
 100
1.0133900E-003   8.7758700E-008
1.0611500E-003   8.5018600E-008
1.1111700E-003   8.2565700E-008
1.1635300E-003   7.9685400E-008
1.2183700E-003   7.6979900E-008
1.2757900E-003   7.4257100E-008
1.3359100E-003   7.1608000E-008
1.3988700E-003   6.8887200E-008
1.4648000E-003   6.5563600E-008
1.5338400E-003   6.2897200E-008
1.6061200E-003   6.0381100E-008
1.6818200E-003   5.7454700E-008
1.7610800E-003   5.5050200E-008
1.8440800E-003   5.2519900E-008
1.9309800E-003   4.9528100E-008
2.0219900E-003   4.7305000E-008
2.1172800E-003   4.4970400E-008
2.2170700E-003   4.2366800E-008
2.3215500E-003   3.9814000E-008
2.4309700E-003   3.7785200E-008
2.5455300E-003   3.5502700E-008
2.6655000E-003   3.3567100E-008
2.7911200E-003   3.1253450E-008
2.9226600E-003   2.9126326E-008
3.0604000E-003   2.7207100E-008
3.2046400E-003   2.5369400E-008
3.3556700E-003   2.3783800E-008
3.5138100E-003   2.2100200E-008
3.6794100E-003   2.0549900E-008
3.8528200E-003   1.9165300E-008
4.0344000E-003   1.7457600E-008
4.2245300E-003   1.6225000E-008
4.4236300E-003   1.4913600E-008
4.6321100E-003   1.3794800E-008
4.8504100E-003   1.2648552E-008
5.0790100E-003   1.1546600E-008
5.3183700E-003   1.0622600E-008
5.5690200E-003   9.7277100E-009
5.8314800E-003   8.7877474E-009
6.1063100E-003   7.9060429E-009
6.3940900E-003   7.1288900E-009
6.6954300E-003   6.5765000E-009
7.0109800E-003   5.8983100E-009
7.3414000E-003   5.3026108E-009
7.6873900E-003   4.8269571E-009
8.0496800E-003   4.3354200E-009
8.4290500E-003   3.8467500E-009
8.8263000E-003   3.4738921E-009
9.2422700E-003   3.1463000E-009
9.6778500E-003   2.7801000E-009
1.0133900E-002   2.4890840E-009
1.0611500E-002   2.2209290E-009
1.1111700E-002   1.9999560E-009
1.1635300E-002   1.8205560E-009
1.2183700E-002   1.5998590E-009
1.2757900E-002   1.4393400E-009
1.3359100E-002   1.2560590E-009
1.3988700E-002   1.1207399E-009
1.4648000E-002   9.9999997E-010
1.5338400E-002   8.9226698E-010
1.6061200E-002   7.9614099E-010
1.6818200E-002   6.9435901E-010
1.7610800E-002   6.0558902E-010
1.8440800E-002   5.2816801E-010
1.9309800E-002   4.6064499E-010
2.0219900E-002   4.1101900E-010
2.1172800E-002   3.6410300E-010
2.2170700E-002   3.1264399E-010
2.3215500E-002   2.7119700E-010
 38
 1   2   3   4
 xy
 100
1.0133900E-003   8.4717700E-008
1.0611500E-003   8.2013900E-008
1.1111700E-003   7.9833800E-008
1.1635300E-003   7.7341700E-008
1.2183700E-003   7.4569100E-008
1.2757900E-003   7.1823100E-008
1.3359100E-003   6.9215200E-008
1.3988700E-003   6.6950600E-008
1.4648000E-003   6.3981200E-008
1.5338400E-003   6.1781100E-008
1.6061200E-003   5.9369100E-008
1.6818200E-003   5.6586600E-008
1.7610800E-003   5.4093400E-008
1.8440800E-003   5.1570500E-008
1.9309800E-003   4.9703335E-008
2.0219900E-003   4.6883500E-008
2.1172800E-003   4.4333700E-008
2.2170700E-003   4.1816000E-008
2.3215500E-003   3.9598600E-008
2.4309700E-003   3.7532900E-008
2.5455300E-003   3.5518800E-008
2.6655000E-003   3.3348000E-008
2.7911200E-003   3.0983300E-008
2.9226600E-003   2.9286000E-008
3.0604000E-003   2.7187400E-008
3.2046400E-003   2.5599500E-008
3.3556700E-003   2.4093800E-008
3.5138100E-003   2.2221700E-008
3.6794100E-003   2.0498000E-008
3.8528200E-003   1.8893800E-008
4.0344000E-003   1.7333300E-008
4.2245300E-003   1.6420200E-008
4.4236300E-003   1.5331700E-008
4.6321100E-003   1.4184278E-008
4.8504100E-003   1.2904100E-008
5.0790100E-003   1.1769600E-008
5.3183700E-003   1.0744900E-008
5.5690200E-003   9.6258400E-009
5.8314800E-003   8.8843600E-009
6.1063100E-003   8.1441049E-009
6.3940900E-003   7.3700410E-009
6.6954300E-003   6.7439712E-009
7.0109800E-003   5.9944700E-009
7.3414000E-003   5.4619709E-009
7.6873900E-003   4.8795000E-009
8.0496800E-003   4.4011319E-009
8.4290500E-003   3.9996800E-009
8.8263000E-003   3.5432159E-009
9.2422700E-003   3.2015200E-009
9.6778500E-003   2.8539451E-009
1.0133900E-002   2.5862600E-009
1.0611500E-002   2.2721429E-009
1.1111700E-002   2.0273589E-009
1.1635300E-002   1.8089470E-009
1.2183700E-002   1.6140640E-009
1.2757900E-002   1.4401770E-009
1.3359100E-002   1.2624231E-009
1.3988700E-002   1.1092700E-009
1.4648000E-002   9.6207400E-010
1.5338400E-002   8.4544700E-010
1.6061200E-002   7.4351098E-010
1.6818200E-002   6.4870598E-010
1.7610800E-002   5.5536498E-010
1.8440800E-002   4.7126703E-010
1.9309800E-002   4.0254899E-010
2.0219900E-002   3.4249401E-010
2.1172800E-002   2.9503899E-010
2.2170700E-002   2.5258601E-010
2.3215500E-002   2.1624200E-010
 39
 1   2   3   4
 xy
 100
1.0133900E-003   8.4208000E-008
1.0611500E-003   8.1567000E-008
1.1111700E-003   7.9198900E-008
1.1635300E-003   7.6586800E-008
1.2183700E-003   7.4611300E-008
1.2757900E-003   7.1637300E-008
1.3359100E-003   6.8685200E-008
1.3988700E-003   6.6511500E-008
1.4648000E-003   6.4298200E-008
1.5338400E-003   6.1790400E-008
1.6061200E-003   5.9250100E-008
1.6818200E-003   5.6994900E-008
1.7610800E-003   5.4033100E-008
1.8440800E-003   5.1460000E-008
1.9309800E-003   4.8901200E-008
2.0219900E-003   4.6763300E-008
2.1172800E-003   4.4693200E-008
2.2170700E-003   4.1979800E-008
2.3215500E-003   3.9700800E-008
2.4309700E-003   3.7527700E-008
2.5455300E-003   3.5465200E-008
2.6655000E-003   3.3041000E-008
2.7911200E-003   3.1202900E-008
2.9226600E-003   2.9520700E-008
3.0604000E-003   2.7764400E-008
3.2046400E-003   2.5901500E-008
3.3556700E-003   2.3969900E-008
3.5138100E-003   2.2288800E-008
3.6794100E-003   2.0995700E-008
3.8528200E-003   1.9552200E-008
4.0344000E-003   1.8141300E-008
4.2245300E-003   1.6736900E-008
4.4236300E-003   1.5744000E-008
4.6321100E-003   1.4282070E-008
4.8504100E-003   1.3038800E-008
5.0790100E-003   1.1870800E-008
5.3183700E-003   1.0898600E-008
5.5690200E-003   9.9054000E-009
5.8314800E-003   9.0830339E-009
6.1063100E-003   8.3678200E-009
6.3940900E-003   7.5573900E-009
6.6954300E-003   6.8278769E-009
7.0109800E-003   6.1940700E-009
7.3414000E-003   5.6473248E-009
7.6873900E-003   5.0774000E-009
8.0496800E-003   4.5821600E-009
8.4290500E-003   4.1500400E-009
8.8263000E-003   3.7165000E-009
9.2422700E-003   3.2465300E-009
9.6778500E-003   2.9297491E-009
1.0133900E-002   2.5888700E-009
1.0611500E-002   2.3781410E-009
1.1111700E-002   2.1708690E-009
1.1635300E-002   1.9369959E-009
1.2183700E-002   1.7283180E-009
1.2757900E-002   1.5155800E-009
1.3359100E-002   1.3449710E-009
1.3988700E-002   1.2120990E-009
1.4648000E-002   1.0582060E-009
1.5338400E-002   9.4499597E-010
1.6061200E-002   8.3176399E-010
1.6818200E-002   7.3675299E-010
1.7610800E-002   6.5053102E-010
1.8440800E-002   5.6154698E-010
1.9309800E-002   4.9582899E-010
2.0219900E-002   4.3287601E-010
2.1172800E-002   3.6945999E-010
2.2170700E-002   3.1533501E-010
2.3215500E-002   2.7529801E-010
